302.053778	1.022056	57496
263.986573	0.924273	57495
241.540743	0.858061	57495
224.621856	0.795804	57494
212.475823	0.758841	57492
201.467273	0.721731	57491
192.382236	0.692158	57488
183.595777	0.656906	57488
176.270344	0.632181	57486
169.433703	0.610148	57484
163.132593	0.589605	57484
157.427838	0.570498	57482
152.163118	0.552970	57480
147.042016	0.533830	57478
142.462845	0.519545	57475
137.868020	0.500821	57471
133.789177	0.487722	57470
129.824047	0.473643	57470
126.018498	0.461460	57466
122.463289	0.449773	57463
119.060476	0.438296	57461
115.799871	0.428433	57458
112.466191	0.416160	57455
109.496754	0.406959	57453
106.641334	0.397079	57449
103.843943	0.388279	57447
101.131591	0.379447	57443
98.592597	0.371721	57437
96.068132	0.363066	57433
93.626286	0.355401	57429
91.169851	0.346643	57421
88.884877	0.339033	57417
86.650222	0.331480	57405
84.590054	0.324777	57332
82.478698	0.317551	57318
80.403134	0.310593	57311
78.425096	0.304016	57300
76.465317	0.297430	57290
74.617026	0.291487	57265
72.899106	0.285663	57129
71.016075	0.278967	57109
69.227930	0.272926	57092
67.457293	0.266803	57086
65.774857	0.261707	57066
64.080071	0.255552	57037
62.606219	0.250670	56892
61.079337	0.245205	56808
59.497068	0.239704	56787
57.903262	0.234022	56772
56.428964	0.229235	56739
54.910418	0.224184	56708
53.512428	0.218921	56568
52.062112	0.214256	56527
50.694197	0.209274	56386
49.318745	0.204546	56346
47.943594	0.199818	56288
46.638611	0.195380	56150
45.271442	0.190849	56093
44.002306	0.186326	55942
42.981907	0.183149	55545
43.625215	0.183088	52993
42.692620	0.178946	52518
41.611228	0.175154	52334
40.355348	0.170022	52239
39.221707	0.166285	52177
37.996414	0.161978	52140
36.856140	0.157996	52002
35.621788	0.153171	51947
34.462602	0.149052	51861
33.430202	0.145540	51592
32.518862	0.142313	51214
32.828899	0.141614	48866
31.971899	0.137968	48503
30.988447	0.133955	48298
29.928180	0.129998	48190
28.928441	0.126568	48114
27.899216	0.122465	47974
26.825596	0.118622	47929
25.853418	0.115227	47830
24.820914	0.111406	47720
23.834349	0.107523	47570
22.962552	0.104945	47212
22.979610	0.103558	44925
22.162788	0.100095	44598
21.273954	0.096402	44387
20.287755	0.092585	44253
19.326633	0.088381	44080
18.360977	0.085043	44036
17.394744	0.080380	43988
16.488083	0.077769	43927
15.520591	0.074196	43829
14.622783	0.070652	43691
13.763940	0.066857	43294
13.480559	0.065021	41073
12.683239	0.061950	40750
11.825640	0.057903	40491
10.970904	0.053892	40349
10.105730	0.049554	40244
9.200244	0.045791	40181
8.375072	0.042936	40059
7.471639	0.038797	39897
6.653907	0.035786	39446
6.139083	0.033680	37172
5.366990	0.030041	36734
4.508273	0.027104	36443
3.682268	0.024519	36172
2.820852	0.021608	35747
2.039311	0.020056	34698
1.110649	0.018773	31270
-0.303595	0.028379	6176
-0.145661	0.023542	3261
-0.159687	0.016070	1791
-0.101438	0.014512	1252
-0.081264	0.013266	886
-0.031142	0.010299	578
-0.010695	0.007542	374
0.000000	-0.000000	296
0.000000	-0.000000	260
0.000000	-0.000000	207
0.000000	-0.000000	188
0.000000	-0.000000	183
0.000000	-0.000000	172
0.000000	-0.000000	170
0.000000	-0.000000	160
0.000000	-0.000000	154
0.000000	-0.000000	151
0.000000	-0.000000	139
0.000000	-0.000000	134
0.000000	-0.000000	128
0.000000	-0.000000	119
0.000000	-0.000000	115
0.000000	-0.000000	108
0.000000	-0.000000	91
0.000000	-0.000000	83
0.000000	-0.000000	65
0.000000	-0.000000	50
0.000000	-0.000000	42
0.000000	-0.000000	38
0.000000	-0.000000	36
0.000000	-0.000000	35
0.000000	-0.000000	32
0.000000	-0.000000	28
0.000000	-0.000000	26
0.000000	-0.000000	25
0.000000	-0.000000	23
0.000000	-0.000000	20
0.000000	-0.000000	17
0.000000	-0.000000	13
0.000000	-0.000000	11
0.000000	-0.000000	7
0.000000	-0.000000	7
0.000000	-0.000000	6
0.000000	-0.000000	3
0.000000	-0.000000	3
0.000000	-0.000000	2
0.000000	NaN	0
0.000000	NaN	0
0.000000	NaN	0
0.000000	NaN	0
0.000000	NaN	0
0.000000	NaN	0
0.000000	NaN	0
0.000000	NaN	0
0.000000	NaN	0
0.000000	NaN	0
0.000000	NaN	0
0.000000	NaN	0
0.000000	NaN	0
0.000000	NaN	0
0.000000	NaN	0
0.000000	NaN	0
0.000000	NaN	0
0.000000	NaN	0
0.000000	NaN	0
0.000000	NaN	0
0.000000	NaN	0
0.000000	NaN	0
0.000000	NaN	0
0.000000	NaN	0
0.000000	NaN	0
0.000000	NaN	0
0.000000	NaN	0
0.000000	NaN	0
0.000000	NaN	0
0.000000	NaN	0
0.000000	NaN	0
0.000000	NaN	0
0.000000	NaN	0
0.000000	NaN	0
0.000000	NaN	0
0.000000	NaN	0
0.000000	NaN	0
0.000000	NaN	0
0.000000	NaN	0
0.000000	NaN	0
0.000000	NaN	0
0.000000	NaN	0
0.000000	NaN	0
0.000000	NaN	0
0.000000	NaN	0
0.000000	NaN	0
0.000000	NaN	0
0.000000	NaN	0
0.000000	NaN	0
0.000000	NaN	0
0.000000	NaN	0
0.000000	NaN	0
0.000000	NaN	0
0.000000	NaN	0
0.000000	NaN	0
0.000000	NaN	0
0.000000	NaN	0
0.000000	NaN	0
0.000000	NaN	0
0.000000	NaN	0
0.000000	NaN	0
0.000000	NaN	0
0.000000	NaN	0
