21 25 0
1.000000	1.000000	1.000000	1.000000	1.000000	1020.000000	417.000000	1.000000	1.000000	1.000000	1.000000	396.000000	419.000000	238.000000	226.000000	1.000000	1.000000	1.000000	198.000000	1.000000	1.000000
1.000000	1.000000	196.000000	1.000000	1.000000	194.000000	1.000000	1.000000	1.000000	1.000000	1.000000	1.000000	1.000000	1.000000	1.000000	1.000000	1.000000	1.000000	1.000000	187.000000	1.000000
1.000000	1.000000	418.000000	1.000000	1.000000	1.000000	1.000000	1.000000	1.000000	1.000000	1.000000	1.000000	1.000000	1.000000	1.000000	1.000000	1.000000	1.000000	1.000000	1.000000	1.000000
1.000000	1.000000	437.000000	1.000000	1.000000	1.000000	1.000000	1.000000	1.000000	1.000000	1.000000	1.000000	1.000000	1.000000	1.000000	1.000000	1.000000	1.000000	1.000000	1.000000	1.000000
1.000000	1.000000	427.000000	1.000000	1.000000	241.000000	1.000000	1.000000	1.000000	1.000000	1.000000	1.000000	1.000000	1.000000	1.000000	1.000000	1.000000	1.000000	1.000000	1.000000	1.000000
1.000000	1.000000	427.000000	1.000000	1.000000	504.000000	250.000000	1.000000	1.000000	1.000000	1.000000	1.000000	1.000000	1.000000	1.000000	1.000000	1.000000	1.000000	1.000000	1.000000	1.000000
1.000000	1.000000	1.000000	1.000000	1.000000	1.000000	250.000000	1.000000	207.000000	447.000000	1.000000	1.000000	1.000000	1.000000	1.000000	1.000000	1.000000	226.000000	1.000000	1.000000	1.000000
1.000000	1.000000	1.000000	1.000000	226.000000	1.000000	1.000000	1.000000	446.000000	1567.000000	869.000000	1.000000	1.000000	1.000000	1.000000	257.000000	254.000000	226.000000	1.000000	245.000000	1.000000
1.000000	1.000000	1.000000	1.000000	483.000000	1.000000	1.000000	890.000000	257.000000	1598.000000	733.000000	1.000000	1.000000	1.000000	241.000000	257.000000	710.000000	1.000000	1.000000	250.000000	1.000000
1.000000	1.000000	1.000000	1.000000	1.000000	1.000000	213.000000	677.000000	238.000000	904.000000	890.000000	1.000000	201.000000	211.000000	1.000000	1.000000	483.000000	435.000000	1.000000	242.000000	1.000000
1.000000	1.000000	1.000000	1.000000	1.000000	1.000000	1.000000	227.000000	238.000000	413.000000	616.000000	1.000000	228.000000	835.000000	1.000000	1.000000	231.000000	436.000000	1.000000	1.000000	1.000000
1.000000	1.000000	1.000000	1.000000	1.000000	1.000000	1.000000	1.000000	1.000000	412.000000	433.000000	185.000000	229.000000	1087.000000	241.000000	1.000000	1.000000	1.000000	1.000000	1.000000	1.000000
1.000000	1.000000	1.000000	1.000000	1.000000	1.000000	1.000000	1.000000	203.000000	639.000000	1169.000000	1.000000	208.000000	1287.000000	241.000000	1.000000	1.000000	1.000000	1.000000	1.000000	1.000000
1.000000	1.000000	1.000000	1.000000	1.000000	1.000000	1.000000	246.000000	417.000000	421.000000	694.000000	250.000000	189.000000	200.000000	410.000000	1.000000	223.000000	1.000000	1.000000	1.000000	1.000000
1.000000	1.000000	1.000000	1.000000	1.000000	1.000000	211.000000	869.000000	1.000000	1.000000	1.000000	704.000000	1.000000	1.000000	619.000000	1.000000	202.000000	1.000000	1.000000	219.000000	1.000000
1.000000	1.000000	1.000000	1.000000	1.000000	1.000000	1.000000	211.000000	256.000000	1.000000	1.000000	1.000000	1.000000	1.000000	221.000000	1.000000	1.000000	1.000000	1.000000	228.000000	1.000000
1.000000	1.000000	1.000000	1.000000	1.000000	1.000000	1.000000	1.000000	1.000000	239.000000	1.000000	1.000000	1.000000	1.000000	203.000000	1.000000	1.000000	1.000000	1.000000	1.000000	1.000000
1.000000	1.000000	1.000000	1.000000	1.000000	1.000000	1.000000	1.000000	1.000000	1.000000	1.000000	1.000000	1.000000	1.000000	1.000000	1.000000	1.000000	1.000000	1.000000	1.000000	1.000000
1.000000	1.000000	1.000000	1.000000	1.000000	1.000000	1.000000	1.000000	1.000000	1.000000	1.000000	1.000000	1.000000	1.000000	1.000000	1.000000	1.000000	1.000000	1.000000	1.000000	1.000000
1.000000	1.000000	1.000000	1.000000	1.000000	1.000000	1.000000	1.000000	1.000000	1.000000	1.000000	1.000000	1.000000	1.000000	1.000000	1.000000	1.000000	1.000000	1.000000	1.000000	1.000000
1.000000	1.000000	1.000000	1.000000	1.000000	1.000000	1.000000	1.000000	1.000000	1.000000	1.000000	1.000000	1.000000	1.000000	1.000000	1.000000	1.000000	1.000000	1.000000	1.000000	1.000000
1.000000	1.000000	1.000000	1.000000	1.000000	1.000000	1.000000	1.000000	1.000000	1.000000	1.000000	1.000000	1.000000	1.000000	1.000000	1.000000	1.000000	1.000000	1.000000	1.000000	1.000000
1.000000	1.000000	1.000000	1.000000	1.000000	1.000000	1.000000	1.000000	1.000000	1.000000	1.000000	1.000000	1.000000	1.000000	1.000000	1.000000	1.000000	1.000000	1.000000	1.000000	1.000000
1.000000	1.000000	1.000000	1.000000	1.000000	1.000000	1.000000	1.000000	1.000000	1.000000	1.000000	1.000000	1.000000	1.000000	1.000000	1.000000	1.000000	1.000000	1.000000	1.000000	1.000000
1.000000	1.000000	1.000000	1.000000	1.000000	1.000000	1.000000	1.000000	1.000000	1.000000	1.000000	1.000000	1.000000	1.000000	1.000000	1.000000	1.000000	1.000000	1.000000	1.000000	1.000000
