21 25 0
1.000000	1.000000	1.000000	1.000000	193.000000	409.000000	207.000000	1.000000	1.000000	1.000000	199.000000	1.000000	1.000000	1.000000	1.000000	223.000000	223.000000	1.000000	1.000000	1.000000	1.000000
1.000000	1.000000	1.000000	1.000000	1.000000	1.000000	1.000000	1.000000	1.000000	1.000000	1.000000	1.000000	1.000000	1.000000	1.000000	1.000000	222.000000	208.000000	1.000000	1.000000	1.000000
1.000000	1.000000	1.000000	1.000000	1.000000	1.000000	1.000000	1.000000	1.000000	1.000000	1.000000	1.000000	1.000000	1.000000	1.000000	1.000000	1.000000	217.000000	212.000000	1.000000	1.000000
1.000000	1.000000	1.000000	1.000000	213.000000	466.000000	467.000000	1.000000	1.000000	1.000000	1.000000	1.000000	1.000000	1.000000	448.000000	210.000000	1.000000	1.000000	1.000000	1.000000	1.000000
1.000000	1.000000	1.000000	1.000000	252.000000	985.000000	1252.000000	1177.000000	1.000000	1.000000	1.000000	1.000000	1.000000	656.000000	1423.000000	501.000000	238.000000	1.000000	1.000000	1.000000	1.000000
1.000000	1.000000	422.000000	1.000000	1.000000	1.000000	1.000000	1.000000	1.000000	189.000000	1.000000	1.000000	246.000000	236.000000	1.000000	1.000000	1.000000	230.000000	225.000000	1.000000	1.000000
1.000000	1.000000	1.000000	1.000000	1.000000	206.000000	206.000000	1.000000	1.000000	1.000000	1.000000	1.000000	1.000000	1.000000	1.000000	1.000000	252.000000	1.000000	1.000000	240.000000	247.000000
1.000000	1.000000	1.000000	1.000000	1.000000	216.000000	245.000000	478.000000	230.000000	1.000000	1.000000	1.000000	1.000000	474.000000	448.000000	1.000000	1.000000	1.000000	1.000000	1.000000	214.000000
1.000000	1.000000	200.000000	216.000000	402.000000	225.000000	453.000000	1071.000000	1314.000000	897.000000	422.000000	621.000000	850.000000	828.000000	205.000000	1.000000	1.000000	1.000000	1.000000	1.000000	1.000000
1.000000	1.000000	1.000000	648.000000	647.000000	456.000000	681.000000	1273.000000	1102.000000	676.000000	1.000000	1.000000	200.000000	871.000000	1116.000000	930.000000	641.000000	217.000000	1.000000	1.000000	1.000000
1.000000	1.000000	1.000000	1.000000	206.000000	789.000000	632.000000	231.000000	203.000000	1.000000	243.000000	1.000000	1.000000	204.000000	427.000000	867.000000	632.000000	194.000000	1.000000	1.000000	1.000000
1.000000	1.000000	1.000000	1.000000	1.000000	1.000000	196.000000	1.000000	1.000000	1.000000	469.000000	472.000000	1.000000	1.000000	1.000000	1.000000	1.000000	1.000000	1.000000	1.000000	1.000000
1.000000	1.000000	1.000000	1.000000	1.000000	1.000000	1.000000	1.000000	204.000000	251.000000	715.000000	701.000000	452.000000	1.000000	1.000000	1.000000	1.000000	1.000000	1.000000	1.000000	1.000000
1.000000	1.000000	1.000000	1.000000	1.000000	1.000000	1.000000	494.000000	451.000000	240.000000	1.000000	1.000000	1.000000	1.000000	1.000000	1.000000	1.000000	1.000000	1.000000	1.000000	191.000000
1.000000	1.000000	1.000000	1.000000	1.000000	1.000000	1.000000	671.000000	1318.000000	1359.000000	697.000000	480.000000	887.000000	217.000000	1.000000	1.000000	1.000000	1.000000	1.000000	1.000000	1.000000
1.000000	1.000000	1.000000	1.000000	1.000000	1.000000	1.000000	1.000000	1.000000	256.000000	497.000000	490.000000	201.000000	1.000000	1.000000	1.000000	1.000000	1.000000	1.000000	1.000000	1.000000
1.000000	1.000000	1.000000	1.000000	1.000000	1.000000	1.000000	208.000000	1.000000	1.000000	1.000000	1.000000	1.000000	1.000000	1.000000	1.000000	1.000000	1.000000	1.000000	1.000000	1.000000
1.000000	1.000000	1.000000	1.000000	1.000000	1.000000	1.000000	1.000000	238.000000	239.000000	1.000000	238.000000	248.000000	230.000000	1.000000	1.000000	212.000000	1.000000	1.000000	1.000000	1.000000
1.000000	1.000000	1.000000	1.000000	1.000000	1.000000	1.000000	1.000000	1.000000	1.000000	1.000000	1.000000	1.000000	1.000000	1.000000	1.000000	1.000000	1.000000	1.000000	1.000000	1.000000
1.000000	1.000000	1.000000	1.000000	1.000000	1.000000	1.000000	1.000000	1.000000	1.000000	1.000000	1.000000	1.000000	1.000000	1.000000	1.000000	1.000000	1.000000	1.000000	1.000000	1.000000
1.000000	1.000000	1.000000	1.000000	1.000000	1.000000	1.000000	1.000000	1.000000	1.000000	1.000000	1.000000	1.000000	1.000000	1.000000	1.000000	1.000000	1.000000	1.000000	1.000000	1.000000
1.000000	1.000000	1.000000	1.000000	1.000000	1.000000	1.000000	1.000000	1.000000	1.000000	1.000000	1.000000	1.000000	1.000000	1.000000	1.000000	1.000000	1.000000	1.000000	1.000000	1.000000
1.000000	1.000000	1.000000	1.000000	1.000000	1.000000	1.000000	1.000000	1.000000	1.000000	1.000000	1.000000	1.000000	1.000000	1.000000	1.000000	1.000000	1.000000	1.000000	1.000000	1.000000
1.000000	1.000000	1.000000	1.000000	1.000000	1.000000	1.000000	1.000000	1.000000	1.000000	1.000000	1.000000	1.000000	1.000000	1.000000	1.000000	1.000000	1.000000	1.000000	1.000000	1.000000
1.000000	1.000000	1.000000	1.000000	1.000000	1.000000	1.000000	1.000000	1.000000	1.000000	1.000000	1.000000	1.000000	1.000000	1.000000	1.000000	1.000000	1.000000	1.000000	1.000000	1.000000
