21 25 0
1.000000	1.000000	1.000000	1.000000	1.000000	1.000000	1.000000	702.000000	931.000000	876.000000	1.000000	1.000000	668.000000	693.000000	710.000000	238.000000	197.000000	218.000000	209.000000	1.000000	1.000000
1.000000	1.000000	1.000000	1.000000	1.000000	217.000000	417.000000	1.000000	219.000000	1.000000	1.000000	872.000000	654.000000	895.000000	892.000000	1.000000	1.000000	1.000000	1.000000	199.000000	1.000000
1.000000	1.000000	1.000000	1.000000	1.000000	627.000000	202.000000	203.000000	200.000000	1.000000	1.000000	1.000000	1.000000	1.000000	205.000000	1.000000	1.000000	1.000000	1.000000	1.000000	188.000000
1.000000	1.000000	1.000000	1.000000	1.000000	1.000000	1.000000	1.000000	1.000000	1.000000	1.000000	1.000000	1.000000	1.000000	1.000000	185.000000	1.000000	1.000000	1.000000	1.000000	1.000000
1.000000	1.000000	1.000000	1.000000	1.000000	207.000000	187.000000	1.000000	1.000000	1.000000	1.000000	1.000000	1.000000	1.000000	1.000000	1.000000	1.000000	1.000000	1.000000	1.000000	1.000000
1.000000	1.000000	1.000000	213.000000	1406.000000	1698.000000	969.000000	917.000000	467.000000	1.000000	1.000000	1.000000	196.000000	736.000000	1421.000000	968.000000	730.000000	217.000000	1.000000	1.000000	1.000000
1.000000	1.000000	201.000000	201.000000	213.000000	674.000000	1003.000000	1392.000000	1397.000000	669.000000	1.000000	1.000000	1099.000000	1678.000000	1693.000000	886.000000	203.000000	194.000000	1.000000	1.000000	1.000000
1.000000	1.000000	215.000000	1.000000	1.000000	1.000000	1.000000	1.000000	234.000000	1.000000	1.000000	187.000000	246.000000	237.000000	485.000000	253.000000	1.000000	1.000000	1.000000	1.000000	1.000000
1.000000	1.000000	1.000000	1.000000	1.000000	189.000000	1.000000	1.000000	1.000000	1.000000	1.000000	1.000000	1.000000	1.000000	186.000000	229.000000	702.000000	228.000000	1.000000	1.000000	249.000000
1.000000	1.000000	1.000000	1.000000	1.000000	1.000000	1.000000	1.000000	1.000000	1.000000	197.000000	1.000000	1.000000	1.000000	1.000000	1.000000	1.000000	1.000000	1.000000	1.000000	1.000000
1.000000	1.000000	243.000000	1.000000	1.000000	1.000000	1.000000	1.000000	192.000000	191.000000	385.000000	648.000000	454.000000	1.000000	1.000000	1.000000	1.000000	1.000000	1.000000	1.000000	1.000000
1.000000	1.000000	1.000000	1.000000	427.000000	405.000000	421.000000	621.000000	416.000000	206.000000	1.000000	1.000000	232.000000	430.000000	1.000000	1.000000	1.000000	219.000000	191.000000	218.000000	220.000000
1.000000	1.000000	1.000000	1.000000	1.000000	392.000000	841.000000	640.000000	643.000000	684.000000	656.000000	437.000000	428.000000	593.000000	222.000000	212.000000	211.000000	211.000000	1.000000	189.000000	1.000000
1.000000	1.000000	1.000000	1.000000	199.000000	393.000000	197.000000	1.000000	1.000000	871.000000	1683.000000	1645.000000	681.000000	1.000000	1.000000	1.000000	1.000000	1.000000	1.000000	1.000000	1.000000
1.000000	1.000000	1.000000	1.000000	1.000000	410.000000	1.000000	1.000000	252.000000	253.000000	248.000000	1.000000	231.000000	1.000000	1.000000	1.000000	1.000000	1.000000	1.000000	1.000000	1.000000
1.000000	1.000000	1.000000	1.000000	1.000000	1.000000	1.000000	472.000000	461.000000	241.000000	241.000000	241.000000	248.000000	230.000000	1.000000	1.000000	1.000000	1.000000	1.000000	1.000000	1.000000
1.000000	1.000000	1.000000	1.000000	1.000000	1.000000	1.000000	1.000000	1.000000	1.000000	228.000000	228.000000	1.000000	1.000000	1.000000	1.000000	1.000000	1.000000	1.000000	1.000000	1.000000
1.000000	1.000000	1.000000	1.000000	1.000000	1.000000	1.000000	1.000000	1.000000	1.000000	1.000000	1.000000	1.000000	1.000000	1.000000	1.000000	1.000000	1.000000	1.000000	1.000000	1.000000
1.000000	1.000000	1.000000	1.000000	1.000000	1.000000	1.000000	1.000000	1.000000	1.000000	1.000000	1.000000	1.000000	1.000000	1.000000	1.000000	1.000000	1.000000	1.000000	1.000000	1.000000
1.000000	1.000000	1.000000	1.000000	1.000000	1.000000	1.000000	1.000000	1.000000	1.000000	1.000000	1.000000	1.000000	1.000000	1.000000	1.000000	1.000000	1.000000	1.000000	1.000000	1.000000
1.000000	1.000000	1.000000	1.000000	1.000000	1.000000	1.000000	1.000000	1.000000	1.000000	1.000000	1.000000	1.000000	1.000000	1.000000	1.000000	1.000000	1.000000	1.000000	1.000000	1.000000
1.000000	1.000000	1.000000	1.000000	1.000000	1.000000	1.000000	1.000000	1.000000	1.000000	1.000000	1.000000	1.000000	1.000000	1.000000	1.000000	1.000000	1.000000	1.000000	1.000000	1.000000
1.000000	1.000000	1.000000	1.000000	1.000000	1.000000	1.000000	1.000000	1.000000	1.000000	1.000000	1.000000	1.000000	1.000000	1.000000	1.000000	1.000000	1.000000	1.000000	1.000000	1.000000
1.000000	1.000000	1.000000	1.000000	1.000000	1.000000	1.000000	1.000000	1.000000	1.000000	1.000000	1.000000	1.000000	1.000000	1.000000	1.000000	1.000000	1.000000	1.000000	1.000000	1.000000
1.000000	1.000000	1.000000	1.000000	1.000000	1.000000	1.000000	1.000000	1.000000	1.000000	1.000000	1.000000	1.000000	1.000000	1.000000	1.000000	1.000000	1.000000	1.000000	1.000000	1.000000
