21 25 0
1.000000	1.000000	1.000000	1.000000	1.000000	1.000000	1.000000	231.000000	1.000000	1.000000	1.000000	1.000000	1.000000	1.000000	1.000000	1.000000	215.000000	1.000000	209.000000	1.000000	1.000000
1.000000	1.000000	1.000000	1.000000	1.000000	1.000000	1.000000	1.000000	1.000000	1.000000	1.000000	1.000000	1.000000	1.000000	1.000000	197.000000	214.000000	1.000000	1.000000	1.000000	1.000000
1.000000	1.000000	1.000000	1.000000	1.000000	1.000000	1.000000	1.000000	1.000000	1.000000	1.000000	1.000000	1.000000	1.000000	1.000000	1.000000	1.000000	1.000000	1.000000	1.000000	1.000000
1.000000	1.000000	1.000000	1.000000	1.000000	1.000000	1.000000	1.000000	1.000000	1.000000	1.000000	1.000000	1.000000	1.000000	1.000000	1.000000	1.000000	1.000000	1.000000	212.000000	1.000000
1.000000	1.000000	1.000000	1.000000	1.000000	1.000000	1.000000	187.000000	1.000000	1.000000	1.000000	1.000000	1.000000	1.000000	1.000000	1.000000	1.000000	1.000000	1.000000	1.000000	1.000000
1.000000	1.000000	239.000000	227.000000	431.000000	1.000000	707.000000	1186.000000	205.000000	1.000000	1.000000	1.000000	1.000000	401.000000	698.000000	755.000000	508.000000	1.000000	1.000000	190.000000	1.000000
1.000000	1.000000	452.000000	428.000000	1.000000	238.000000	474.000000	235.000000	236.000000	1.000000	1.000000	1.000000	913.000000	1655.000000	1256.000000	712.000000	1.000000	1.000000	1.000000	1.000000	1.000000
1.000000	1.000000	450.000000	1.000000	1.000000	1.000000	1.000000	1.000000	1.000000	1.000000	1.000000	870.000000	1150.000000	428.000000	1.000000	1.000000	1.000000	1.000000	1.000000	1.000000	1.000000
1.000000	1.000000	1.000000	1.000000	1.000000	1.000000	1.000000	1.000000	1.000000	1.000000	1.000000	849.000000	651.000000	1.000000	1.000000	1.000000	1.000000	1.000000	1.000000	1.000000	1.000000
1.000000	1.000000	202.000000	1.000000	1.000000	1.000000	1.000000	1.000000	1.000000	1.000000	239.000000	663.000000	1.000000	1.000000	1.000000	1.000000	1.000000	1.000000	1.000000	1.000000	1.000000
1.000000	1.000000	1.000000	1.000000	1.000000	1.000000	1.000000	1.000000	210.000000	1.000000	223.000000	227.000000	1.000000	1.000000	1.000000	1.000000	1.000000	1.000000	1.000000	1.000000	221.000000
1.000000	1.000000	1.000000	207.000000	1.000000	1.000000	222.000000	416.000000	625.000000	1.000000	1.000000	1.000000	242.000000	1.000000	1.000000	1.000000	1.000000	1.000000	1.000000	192.000000	243.000000
1.000000	1.000000	1.000000	1.000000	1.000000	192.000000	648.000000	428.000000	218.000000	1.000000	1.000000	892.000000	448.000000	1.000000	1.000000	1.000000	1.000000	1.000000	1.000000	192.000000	1.000000
1.000000	1.000000	1.000000	1.000000	193.000000	410.000000	238.000000	198.000000	1.000000	231.000000	493.000000	1159.000000	683.000000	1.000000	1.000000	1.000000	1.000000	1.000000	1.000000	1.000000	1.000000
1.000000	1.000000	1.000000	1.000000	199.000000	216.000000	1.000000	1.000000	1.000000	495.000000	948.000000	1.000000	1.000000	1.000000	1.000000	1.000000	1.000000	1.000000	1.000000	1.000000	1.000000
1.000000	1.000000	1.000000	1.000000	1.000000	1.000000	1.000000	1.000000	1.000000	222.000000	1.000000	247.000000	229.000000	629.000000	206.000000	1.000000	1.000000	1.000000	1.000000	1.000000	229.000000
1.000000	1.000000	1.000000	1.000000	1.000000	1.000000	1.000000	1.000000	1.000000	1.000000	1.000000	229.000000	1.000000	1.000000	1.000000	1.000000	1.000000	1.000000	1.000000	1.000000	1.000000
1.000000	1.000000	1.000000	1.000000	1.000000	1.000000	1.000000	1.000000	1.000000	1.000000	1.000000	1.000000	1.000000	1.000000	1.000000	1.000000	1.000000	1.000000	1.000000	1.000000	1.000000
1.000000	1.000000	1.000000	1.000000	1.000000	1.000000	1.000000	1.000000	1.000000	1.000000	1.000000	1.000000	1.000000	1.000000	1.000000	1.000000	1.000000	1.000000	1.000000	1.000000	1.000000
1.000000	1.000000	1.000000	1.000000	1.000000	1.000000	1.000000	1.000000	1.000000	1.000000	1.000000	1.000000	1.000000	1.000000	1.000000	1.000000	1.000000	1.000000	1.000000	1.000000	1.000000
1.000000	1.000000	1.000000	1.000000	1.000000	1.000000	1.000000	1.000000	1.000000	1.000000	1.000000	1.000000	1.000000	1.000000	1.000000	1.000000	1.000000	1.000000	1.000000	1.000000	1.000000
1.000000	1.000000	1.000000	1.000000	1.000000	1.000000	1.000000	1.000000	1.000000	1.000000	1.000000	1.000000	1.000000	1.000000	1.000000	1.000000	1.000000	1.000000	1.000000	1.000000	1.000000
1.000000	1.000000	1.000000	1.000000	1.000000	1.000000	1.000000	1.000000	1.000000	1.000000	1.000000	1.000000	1.000000	1.000000	1.000000	1.000000	1.000000	1.000000	1.000000	1.000000	1.000000
1.000000	1.000000	1.000000	1.000000	1.000000	1.000000	1.000000	1.000000	1.000000	1.000000	1.000000	1.000000	1.000000	1.000000	1.000000	1.000000	1.000000	1.000000	1.000000	1.000000	1.000000
1.000000	1.000000	1.000000	1.000000	1.000000	1.000000	1.000000	1.000000	1.000000	1.000000	1.000000	1.000000	1.000000	1.000000	1.000000	1.000000	1.000000	1.000000	1.000000	1.000000	1.000000
