21 25 0
1.000000	1.000000	1.000000	1.000000	1.000000	1.000000	218.000000	1.000000	1.000000	1.000000	1.000000	1.000000	1.000000	1.000000	1.000000	634.000000	850.000000	1.000000	1.000000	1.000000	1.000000
1.000000	1.000000	1.000000	1.000000	1.000000	1.000000	1.000000	1.000000	1.000000	1.000000	1.000000	1.000000	1.000000	1.000000	1.000000	1.000000	419.000000	202.000000	1.000000	1.000000	1.000000
1.000000	1.000000	1.000000	213.000000	197.000000	1.000000	1.000000	1.000000	184.000000	1.000000	1.000000	1.000000	1.000000	1.000000	1.000000	1.000000	1.000000	1.000000	1.000000	1.000000	1.000000
1.000000	1.000000	1.000000	1.000000	1.000000	1.000000	1.000000	1.000000	1.000000	1.000000	1.000000	1.000000	1.000000	1.000000	1.000000	1.000000	1.000000	1.000000	210.000000	213.000000	1.000000
1.000000	1.000000	1.000000	1.000000	1.000000	1.000000	1.000000	1.000000	1.000000	1.000000	1.000000	1.000000	1.000000	1.000000	1.000000	1.000000	1.000000	1.000000	192.000000	225.000000	1.000000
1.000000	1.000000	228.000000	238.000000	1.000000	1.000000	1.000000	1.000000	1.000000	1.000000	1.000000	1.000000	1.000000	1.000000	1.000000	511.000000	1.000000	1.000000	1.000000	226.000000	1.000000
1.000000	1.000000	473.000000	1.000000	1.000000	1.000000	233.000000	1.000000	1.000000	1.000000	1.000000	196.000000	207.000000	1.000000	1.000000	257.000000	1.000000	1.000000	1.000000	1.000000	228.000000
1.000000	1.000000	719.000000	202.000000	1.000000	1.000000	237.000000	1.000000	1.000000	1.000000	195.000000	1365.000000	694.000000	1.000000	1.000000	1.000000	1.000000	1.000000	1.000000	1.000000	229.000000
1.000000	1.000000	703.000000	202.000000	245.000000	255.000000	631.000000	1.000000	213.000000	1.000000	188.000000	1803.000000	736.000000	207.000000	456.000000	229.000000	1.000000	1.000000	1.000000	1.000000	221.000000
1.000000	1.000000	439.000000	438.000000	245.000000	1.000000	196.000000	1.000000	213.000000	1.000000	232.000000	1562.000000	689.000000	207.000000	432.000000	1.000000	1.000000	1.000000	1.000000	1.000000	1.000000
1.000000	1.000000	1.000000	1.000000	1.000000	1.000000	1.000000	1.000000	386.000000	1.000000	465.000000	1094.000000	438.000000	1.000000	221.000000	1.000000	1.000000	1.000000	1.000000	1.000000	221.000000
1.000000	1.000000	1.000000	1.000000	1.000000	1.000000	1.000000	1.000000	390.000000	226.000000	228.000000	1373.000000	219.000000	1.000000	1.000000	1.000000	1.000000	1.000000	1.000000	1.000000	236.000000
1.000000	1.000000	1.000000	1.000000	1.000000	1.000000	1.000000	1.000000	442.000000	1.000000	196.000000	1153.000000	667.000000	1.000000	187.000000	1.000000	1.000000	1.000000	1.000000	1.000000	222.000000
1.000000	1.000000	229.000000	1.000000	1.000000	1.000000	207.000000	201.000000	688.000000	252.000000	196.000000	421.000000	465.000000	1.000000	188.000000	1.000000	1.000000	1.000000	1.000000	1.000000	1.000000
1.000000	1.000000	465.000000	1.000000	410.000000	399.000000	1.000000	1.000000	742.000000	934.000000	1.000000	1.000000	1.000000	204.000000	187.000000	1.000000	1.000000	1.000000	1.000000	1.000000	1.000000
1.000000	1.000000	1.000000	1.000000	211.000000	1.000000	1.000000	1.000000	1.000000	1.000000	245.000000	247.000000	1.000000	202.000000	187.000000	1.000000	1.000000	1.000000	1.000000	1.000000	231.000000
1.000000	1.000000	1.000000	1.000000	1.000000	1.000000	1.000000	1.000000	1.000000	1.000000	1.000000	247.000000	1.000000	1.000000	1.000000	1.000000	1.000000	1.000000	1.000000	1.000000	1.000000
1.000000	1.000000	1.000000	1.000000	238.000000	1.000000	1.000000	1.000000	1.000000	1.000000	1.000000	1.000000	1.000000	1.000000	1.000000	1.000000	1.000000	1.000000	1.000000	1.000000	1.000000
1.000000	1.000000	1.000000	1.000000	1.000000	1.000000	1.000000	1.000000	1.000000	1.000000	1.000000	1.000000	1.000000	1.000000	1.000000	1.000000	1.000000	1.000000	1.000000	1.000000	1.000000
1.000000	1.000000	1.000000	1.000000	1.000000	1.000000	1.000000	1.000000	1.000000	1.000000	1.000000	1.000000	1.000000	1.000000	1.000000	1.000000	1.000000	1.000000	1.000000	1.000000	1.000000
1.000000	1.000000	1.000000	1.000000	1.000000	1.000000	1.000000	1.000000	1.000000	1.000000	1.000000	1.000000	1.000000	1.000000	1.000000	1.000000	1.000000	1.000000	1.000000	1.000000	1.000000
1.000000	1.000000	1.000000	1.000000	1.000000	1.000000	1.000000	1.000000	1.000000	1.000000	1.000000	1.000000	1.000000	1.000000	1.000000	1.000000	1.000000	1.000000	1.000000	1.000000	1.000000
1.000000	1.000000	1.000000	1.000000	1.000000	1.000000	1.000000	1.000000	1.000000	1.000000	1.000000	1.000000	1.000000	1.000000	1.000000	1.000000	1.000000	1.000000	1.000000	1.000000	1.000000
1.000000	1.000000	1.000000	1.000000	1.000000	1.000000	1.000000	1.000000	1.000000	1.000000	1.000000	1.000000	1.000000	1.000000	1.000000	1.000000	1.000000	1.000000	1.000000	1.000000	1.000000
1.000000	1.000000	1.000000	1.000000	1.000000	1.000000	1.000000	1.000000	1.000000	1.000000	1.000000	1.000000	1.000000	1.000000	1.000000	1.000000	1.000000	1.000000	1.000000	1.000000	1.000000
