21 25 0
1.000000	1.000000	1.000000	1.000000	1.000000	1.000000	1.000000	1.000000	1.000000	1.000000	1.000000	1.000000	1.000000	1.000000	1.000000	1.000000	1.000000	1.000000	1.000000	1.000000	1.000000
1.000000	1.000000	1.000000	1.000000	1.000000	1.000000	1.000000	1.000000	1.000000	1.000000	1.000000	1.000000	1.000000	1.000000	1.000000	215.000000	231.000000	1.000000	1.000000	1.000000	1.000000
1.000000	1.000000	1.000000	1.000000	1.000000	243.000000	1.000000	1.000000	1.000000	1.000000	1.000000	1.000000	1.000000	1.000000	1.000000	1.000000	210.000000	193.000000	1.000000	1.000000	1.000000
1.000000	1.000000	1.000000	1.000000	250.000000	496.000000	1.000000	1.000000	1.000000	1.000000	1.000000	1.000000	1.000000	1.000000	1.000000	1.000000	1.000000	213.000000	1.000000	1.000000	1.000000
1.000000	1.000000	1.000000	1.000000	998.000000	252.000000	1.000000	1.000000	186.000000	1.000000	1.000000	1.000000	1.000000	237.000000	240.000000	1.000000	1.000000	219.000000	1.000000	1.000000	1.000000
1.000000	1.000000	1.000000	1.000000	1259.000000	247.000000	1.000000	1.000000	1.000000	1.000000	1.000000	382.000000	575.000000	238.000000	241.000000	1.000000	1.000000	220.000000	1.000000	1.000000	1.000000
1.000000	1.000000	1.000000	248.000000	992.000000	1.000000	1.000000	1.000000	1.000000	1.000000	429.000000	1263.000000	595.000000	1.000000	1.000000	254.000000	1.000000	1.000000	1.000000	1.000000	1.000000
1.000000	1.000000	1.000000	253.000000	242.000000	1.000000	1.000000	1.000000	1.000000	1.000000	1126.000000	1466.000000	375.000000	1.000000	1.000000	254.000000	1.000000	1.000000	1.000000	1.000000	1.000000
1.000000	1.000000	1.000000	244.000000	1.000000	1.000000	1.000000	1.000000	1.000000	1.000000	1038.000000	817.000000	1.000000	1.000000	209.000000	247.000000	1.000000	1.000000	1.000000	1.000000	1.000000
1.000000	1.000000	1.000000	1.000000	1.000000	1.000000	1.000000	1.000000	1.000000	1.000000	577.000000	382.000000	1.000000	1.000000	1.000000	1.000000	1.000000	1.000000	1.000000	1.000000	1.000000
1.000000	1.000000	1.000000	1.000000	1.000000	1.000000	1.000000	1.000000	1.000000	1.000000	771.000000	413.000000	1.000000	1.000000	1.000000	1.000000	1.000000	1.000000	1.000000	1.000000	1.000000
1.000000	1.000000	1.000000	1.000000	1.000000	1.000000	1.000000	1.000000	1.000000	197.000000	845.000000	413.000000	1.000000	1.000000	399.000000	1.000000	1.000000	1.000000	1.000000	1.000000	1.000000
1.000000	1.000000	1.000000	224.000000	1.000000	1.000000	1.000000	1.000000	188.000000	388.000000	436.000000	1.000000	1.000000	1.000000	1.000000	1.000000	1.000000	1.000000	1.000000	1.000000	1.000000
1.000000	1.000000	1.000000	1.000000	188.000000	1.000000	1.000000	1.000000	611.000000	1216.000000	201.000000	1.000000	1.000000	1.000000	1.000000	1.000000	1.000000	1.000000	1.000000	1.000000	1.000000
1.000000	1.000000	1.000000	1.000000	192.000000	1.000000	1.000000	1.000000	206.000000	424.000000	646.000000	1.000000	1.000000	1.000000	1.000000	1.000000	1.000000	1.000000	1.000000	1.000000	1.000000
1.000000	1.000000	1.000000	1.000000	378.000000	1242.000000	1.000000	1.000000	1.000000	1.000000	665.000000	212.000000	1.000000	1.000000	1.000000	1.000000	430.000000	189.000000	1.000000	1.000000	1.000000
1.000000	1.000000	1.000000	1.000000	862.000000	1508.000000	576.000000	1.000000	1.000000	1.000000	240.000000	647.000000	486.000000	214.000000	1.000000	225.000000	422.000000	192.000000	1.000000	1.000000	1.000000
1.000000	1.000000	1.000000	1.000000	873.000000	883.000000	648.000000	1.000000	1.000000	1.000000	1.000000	236.000000	887.000000	229.000000	1.000000	194.000000	834.000000	182.000000	1.000000	1.000000	1.000000
1.000000	1.000000	1.000000	1.000000	612.000000	670.000000	428.000000	1.000000	226.000000	1.000000	1.000000	234.000000	661.000000	229.000000	184.000000	413.000000	605.000000	178.000000	1.000000	1.000000	1.000000
1.000000	1.000000	1.000000	1.000000	1.000000	426.000000	1.000000	1.000000	1.000000	1.000000	1.000000	1.000000	1.000000	1.000000	186.000000	383.000000	1.000000	1.000000	1.000000	1.000000	1.000000
1.000000	1.000000	1.000000	1.000000	1.000000	1.000000	1.000000	1.000000	1.000000	189.000000	206.000000	1.000000	1.000000	1.000000	1.000000	1.000000	1.000000	1.000000	1.000000	1.000000	1.000000
1.000000	1.000000	1.000000	1.000000	1.000000	1.000000	1.000000	1.000000	1.000000	1.000000	1.000000	1.000000	1.000000	1.000000	1.000000	1.000000	1.000000	1.000000	1.000000	1.000000	1.000000
1.000000	1.000000	1.000000	1.000000	1.000000	1.000000	1.000000	1.000000	1.000000	1.000000	1.000000	1.000000	1.000000	1.000000	1.000000	1.000000	1.000000	1.000000	1.000000	1.000000	1.000000
1.000000	1.000000	1.000000	1.000000	1.000000	1.000000	1.000000	1.000000	1.000000	1.000000	1.000000	1.000000	1.000000	1.000000	1.000000	1.000000	1.000000	1.000000	1.000000	1.000000	1.000000
1.000000	1.000000	1.000000	1.000000	1.000000	1.000000	1.000000	1.000000	1.000000	1.000000	1.000000	1.000000	1.000000	1.000000	1.000000	1.000000	1.000000	1.000000	1.000000	1.000000	1.000000
