21 25 0
1.000000	1.000000	1.000000	1.000000	1.000000	1.000000	1.000000	1.000000	1.000000	1.000000	1.000000	1.000000	1.000000	1.000000	1.000000	1.000000	1.000000	1.000000	1.000000	1.000000	1.000000
1.000000	1.000000	1.000000	1.000000	484.000000	916.000000	903.000000	415.000000	1.000000	202.000000	1.000000	1.000000	1.000000	1.000000	1.000000	414.000000	396.000000	209.000000	1.000000	1.000000	1.000000
1.000000	1.000000	1.000000	1.000000	940.000000	723.000000	189.000000	1.000000	1.000000	1.000000	1.000000	1.000000	1.000000	196.000000	1.000000	1.000000	193.000000	192.000000	1.000000	1.000000	1.000000
1.000000	1.000000	1.000000	1.000000	484.000000	1.000000	222.000000	447.000000	454.000000	446.000000	1.000000	1.000000	445.000000	685.000000	441.000000	1.000000	649.000000	222.000000	1.000000	1.000000	1.000000
1.000000	1.000000	1.000000	1.000000	1.000000	1.000000	208.000000	413.000000	216.000000	1.000000	1.000000	204.000000	473.000000	653.000000	427.000000	413.000000	219.000000	238.000000	1.000000	1.000000	1.000000
1.000000	1.000000	1.000000	1.000000	1.000000	1.000000	246.000000	1.000000	181.000000	181.000000	1.000000	1.000000	1.000000	236.000000	252.000000	1.000000	1.000000	1.000000	1.000000	1.000000	1.000000
1.000000	1.000000	1.000000	1.000000	1.000000	746.000000	756.000000	757.000000	512.000000	234.000000	209.000000	1.000000	1.000000	503.000000	733.000000	973.000000	451.000000	1.000000	1.000000	1.000000	1.000000
1.000000	1.000000	1.000000	1.000000	233.000000	501.000000	512.000000	468.000000	239.000000	1.000000	1.000000	1.000000	471.000000	719.000000	1002.000000	832.000000	381.000000	1.000000	1.000000	1.000000	1.000000
1.000000	1.000000	1.000000	1.000000	1.000000	257.000000	380.000000	563.000000	220.000000	193.000000	1.000000	191.000000	387.000000	399.000000	190.000000	211.000000	250.000000	250.000000	1.000000	1.000000	1.000000
1.000000	1.000000	1.000000	1.000000	1.000000	635.000000	661.000000	219.000000	1.000000	205.000000	205.000000	203.000000	386.000000	196.000000	460.000000	944.000000	428.000000	1.000000	1.000000	1.000000	1.000000
1.000000	1.000000	1.000000	1.000000	1.000000	1.000000	1.000000	1.000000	1.000000	409.000000	205.000000	1.000000	1.000000	1.000000	226.000000	226.000000	192.000000	1.000000	1.000000	1.000000	1.000000
1.000000	1.000000	1.000000	1.000000	1.000000	1.000000	1.000000	1.000000	196.000000	196.000000	370.000000	187.000000	1.000000	1.000000	192.000000	1.000000	1.000000	1.000000	1.000000	1.000000	1.000000
1.000000	1.000000	1.000000	1.000000	1.000000	1.000000	1.000000	218.000000	1.000000	1.000000	1.000000	1.000000	1.000000	1.000000	1.000000	1.000000	1.000000	1.000000	1.000000	1.000000	1.000000
1.000000	1.000000	1.000000	1.000000	1.000000	1.000000	1.000000	1.000000	1.000000	1.000000	1.000000	1.000000	1.000000	1.000000	1.000000	1.000000	1.000000	1.000000	1.000000	1.000000	1.000000
1.000000	1.000000	1.000000	1.000000	192.000000	1.000000	1.000000	183.000000	182.000000	1052.000000	1587.000000	944.000000	892.000000	436.000000	1.000000	201.000000	1.000000	1.000000	1.000000	1.000000	1.000000
1.000000	1.000000	1.000000	197.000000	1.000000	1.000000	1.000000	1.000000	1.000000	395.000000	404.000000	1.000000	1.000000	1.000000	1.000000	1.000000	1.000000	1.000000	1.000000	1.000000	1.000000
1.000000	1.000000	1.000000	1.000000	1.000000	219.000000	454.000000	232.000000	411.000000	216.000000	1.000000	193.000000	192.000000	1.000000	1.000000	1.000000	1.000000	191.000000	1.000000	1.000000	1.000000
1.000000	1.000000	1.000000	1.000000	1.000000	206.000000	1275.000000	1498.000000	1365.000000	952.000000	1317.000000	1478.000000	1112.000000	938.000000	699.000000	221.000000	1.000000	1.000000	1.000000	1.000000	1.000000
1.000000	1.000000	1.000000	1.000000	1.000000	1.000000	200.000000	839.000000	390.000000	204.000000	204.000000	1.000000	640.000000	1093.000000	405.000000	183.000000	1.000000	1.000000	1.000000	1.000000	1.000000
1.000000	1.000000	1.000000	1.000000	1.000000	1.000000	1.000000	1.000000	1.000000	1.000000	1.000000	1.000000	1.000000	1.000000	1.000000	1.000000	1.000000	1.000000	1.000000	1.000000	1.000000
1.000000	1.000000	1.000000	1.000000	1.000000	1.000000	1.000000	1.000000	1.000000	1.000000	1.000000	1.000000	1.000000	1.000000	1.000000	1.000000	1.000000	1.000000	1.000000	1.000000	1.000000
1.000000	1.000000	1.000000	1.000000	1.000000	1.000000	1.000000	1.000000	1.000000	1.000000	1.000000	1.000000	1.000000	1.000000	1.000000	1.000000	1.000000	1.000000	1.000000	1.000000	1.000000
1.000000	1.000000	1.000000	1.000000	1.000000	1.000000	1.000000	1.000000	1.000000	1.000000	1.000000	1.000000	1.000000	1.000000	1.000000	1.000000	1.000000	1.000000	1.000000	1.000000	1.000000
1.000000	1.000000	1.000000	1.000000	1.000000	1.000000	1.000000	1.000000	1.000000	1.000000	1.000000	1.000000	1.000000	1.000000	1.000000	1.000000	1.000000	1.000000	1.000000	1.000000	1.000000
1.000000	1.000000	1.000000	1.000000	1.000000	1.000000	1.000000	1.000000	1.000000	1.000000	1.000000	1.000000	1.000000	1.000000	1.000000	1.000000	1.000000	1.000000	1.000000	1.000000	1.000000
