21 25 0
1.000000	1.000000	1.000000	1.000000	383.000000	1.000000	1.000000	1.000000	1.000000	1.000000	1.000000	1.000000	1.000000	1.000000	195.000000	1195.000000	984.000000	209.000000	1.000000	1.000000	1.000000
1.000000	1.000000	1.000000	1.000000	1.000000	1.000000	1.000000	1.000000	1.000000	1.000000	1.000000	1.000000	1.000000	1.000000	1.000000	1.000000	594.000000	1.000000	1.000000	1.000000	1.000000
1.000000	1.000000	1.000000	1.000000	1.000000	1.000000	1.000000	1.000000	1.000000	1.000000	1.000000	1.000000	1.000000	1.000000	1.000000	1.000000	1.000000	1.000000	1.000000	1.000000	1.000000
1.000000	1.000000	1.000000	1.000000	1.000000	1.000000	188.000000	377.000000	1.000000	1.000000	1.000000	1.000000	1.000000	1.000000	212.000000	217.000000	192.000000	1.000000	1.000000	1.000000	1.000000
1.000000	1.000000	1.000000	1.000000	647.000000	442.000000	1033.000000	658.000000	395.000000	389.000000	1.000000	1.000000	218.000000	428.000000	646.000000	1199.000000	1633.000000	197.000000	197.000000	1.000000	1.000000
1.000000	1.000000	1.000000	1.000000	402.000000	1.000000	1.000000	1.000000	1.000000	1.000000	1.000000	1.000000	1.000000	1.000000	1.000000	1.000000	1.000000	1.000000	1.000000	1.000000	1.000000
1.000000	1.000000	1.000000	1.000000	1.000000	1.000000	1.000000	1.000000	1.000000	1.000000	1.000000	1.000000	1.000000	1.000000	1.000000	1.000000	1.000000	1.000000	1.000000	1.000000	1.000000
1.000000	1.000000	1.000000	1.000000	199.000000	219.000000	814.000000	632.000000	197.000000	1.000000	426.000000	627.000000	445.000000	1090.000000	1312.000000	846.000000	416.000000	1.000000	1.000000	1.000000	1.000000
1.000000	1.000000	1.000000	1.000000	794.000000	667.000000	452.000000	969.000000	887.000000	874.000000	1005.000000	1011.000000	828.000000	1368.000000	929.000000	232.000000	1.000000	1.000000	1.000000	1.000000	1.000000
1.000000	1.000000	1.000000	1.000000	1084.000000	626.000000	1091.000000	1109.000000	444.000000	226.000000	1.000000	1.000000	193.000000	789.000000	680.000000	626.000000	197.000000	1.000000	1.000000	1.000000	1.000000
1.000000	1.000000	1.000000	1.000000	1.000000	820.000000	1547.000000	830.000000	406.000000	1.000000	1.000000	1.000000	1.000000	840.000000	1330.000000	1492.000000	1015.000000	201.000000	1.000000	1.000000	1.000000
1.000000	1.000000	1.000000	1.000000	1.000000	437.000000	386.000000	1.000000	1.000000	393.000000	1612.000000	1893.000000	248.000000	1.000000	1.000000	375.000000	195.000000	1.000000	1.000000	1.000000	1.000000
1.000000	1.000000	1.000000	1.000000	1.000000	1.000000	1.000000	1.000000	1.000000	1.000000	251.000000	236.000000	1.000000	1.000000	1.000000	1.000000	1.000000	1.000000	1.000000	1.000000	1.000000
1.000000	1.000000	1.000000	1.000000	1.000000	1.000000	439.000000	1181.000000	732.000000	1.000000	1.000000	1.000000	1.000000	1.000000	455.000000	1.000000	1.000000	1.000000	1.000000	1.000000	1.000000
1.000000	1.000000	1.000000	1.000000	1.000000	196.000000	400.000000	1132.000000	1223.000000	995.000000	1177.000000	714.000000	1169.000000	1125.000000	191.000000	1.000000	226.000000	1.000000	1.000000	1.000000	1.000000
1.000000	1.000000	1.000000	1.000000	197.000000	371.000000	1.000000	1.000000	192.000000	437.000000	993.000000	682.000000	245.000000	1.000000	1.000000	1.000000	201.000000	1.000000	1.000000	1.000000	1.000000
1.000000	1.000000	1.000000	1.000000	195.000000	393.000000	628.000000	675.000000	423.000000	181.000000	180.000000	1.000000	1.000000	243.000000	617.000000	183.000000	1.000000	1.000000	1.000000	1.000000	1.000000
1.000000	1.000000	1.000000	1.000000	1.000000	1.000000	1.000000	238.000000	226.000000	1.000000	1.000000	1.000000	1.000000	231.000000	204.000000	1.000000	1.000000	1.000000	1.000000	1.000000	1.000000
1.000000	1.000000	1.000000	1.000000	1.000000	1.000000	1.000000	1.000000	1.000000	1.000000	1.000000	1.000000	1.000000	1.000000	1.000000	1.000000	1.000000	1.000000	1.000000	1.000000	1.000000
1.000000	1.000000	1.000000	1.000000	1.000000	1.000000	1.000000	1.000000	1.000000	1.000000	1.000000	1.000000	1.000000	1.000000	1.000000	1.000000	1.000000	1.000000	1.000000	1.000000	1.000000
1.000000	1.000000	1.000000	1.000000	1.000000	1.000000	1.000000	1.000000	1.000000	1.000000	1.000000	1.000000	1.000000	1.000000	1.000000	1.000000	1.000000	1.000000	1.000000	1.000000	1.000000
1.000000	1.000000	1.000000	1.000000	1.000000	1.000000	1.000000	1.000000	1.000000	1.000000	1.000000	1.000000	1.000000	1.000000	1.000000	1.000000	1.000000	1.000000	1.000000	1.000000	1.000000
1.000000	1.000000	1.000000	1.000000	1.000000	1.000000	1.000000	1.000000	1.000000	1.000000	1.000000	1.000000	1.000000	1.000000	1.000000	1.000000	1.000000	1.000000	1.000000	1.000000	1.000000
1.000000	1.000000	1.000000	1.000000	1.000000	1.000000	1.000000	1.000000	1.000000	1.000000	1.000000	1.000000	1.000000	1.000000	1.000000	1.000000	1.000000	1.000000	1.000000	1.000000	1.000000
1.000000	1.000000	1.000000	1.000000	1.000000	1.000000	1.000000	1.000000	1.000000	1.000000	1.000000	1.000000	1.000000	1.000000	1.000000	1.000000	1.000000	1.000000	1.000000	1.000000	1.000000
