21 25 0
1.000000	1.000000	1.000000	1.000000	1.000000	624.000000	1496.000000	827.000000	1.000000	593.000000	216.000000	196.000000	1.000000	1.000000	194.000000	1.000000	1.000000	1.000000	1.000000	1.000000	1.000000
1.000000	1.000000	1.000000	1.000000	605.000000	199.000000	1.000000	1.000000	1.000000	1.000000	1.000000	1.000000	1.000000	1.000000	210.000000	194.000000	1.000000	1.000000	1.000000	1.000000	1.000000
1.000000	1.000000	1.000000	1.000000	1.000000	1.000000	1.000000	1.000000	1.000000	1.000000	1.000000	1.000000	1.000000	1.000000	1.000000	1.000000	1.000000	1.000000	1.000000	1.000000	1.000000
1.000000	1.000000	1.000000	1.000000	1.000000	1.000000	1.000000	1.000000	1.000000	1.000000	1.000000	1.000000	1.000000	1.000000	1.000000	1.000000	1.000000	1.000000	1.000000	1.000000	1.000000
1.000000	1.000000	1.000000	1.000000	1.000000	1.000000	1.000000	1.000000	1.000000	1.000000	1.000000	1.000000	1.000000	1.000000	1.000000	1.000000	1.000000	1.000000	1.000000	1.000000	1.000000
1.000000	1.000000	1.000000	1.000000	1.000000	189.000000	1022.000000	1071.000000	202.000000	1.000000	1.000000	203.000000	428.000000	864.000000	1462.000000	1259.000000	966.000000	195.000000	192.000000	1.000000	1.000000
1.000000	1.000000	1.000000	1.000000	1477.000000	1550.000000	1801.000000	1839.000000	1554.000000	1253.000000	389.000000	414.000000	1315.000000	1650.000000	1686.000000	1880.000000	1893.000000	225.000000	198.000000	1.000000	1.000000
1.000000	1.000000	1.000000	1.000000	908.000000	686.000000	192.000000	209.000000	183.000000	183.000000	1.000000	1.000000	1.000000	1.000000	1.000000	1.000000	1.000000	1.000000	1.000000	1.000000	1.000000
1.000000	1.000000	1.000000	1.000000	1.000000	1.000000	1.000000	1.000000	1.000000	1.000000	1.000000	1.000000	1.000000	1.000000	1.000000	1.000000	1.000000	1.000000	1.000000	1.000000	1.000000
1.000000	1.000000	1.000000	1.000000	1.000000	1.000000	1.000000	1.000000	1.000000	1.000000	1.000000	1.000000	1.000000	215.000000	1.000000	1.000000	1.000000	1.000000	1.000000	1.000000	1.000000
1.000000	1.000000	1.000000	1.000000	1.000000	1.000000	1.000000	1.000000	1.000000	1.000000	1.000000	1.000000	210.000000	1.000000	1.000000	1.000000	1.000000	1.000000	1.000000	1.000000	1.000000
1.000000	1.000000	1.000000	1.000000	195.000000	422.000000	1115.000000	1128.000000	1.000000	1.000000	1.000000	1.000000	1.000000	1.000000	897.000000	446.000000	1.000000	1.000000	1.000000	1.000000	1.000000
1.000000	1.000000	1.000000	1.000000	1.000000	424.000000	833.000000	636.000000	639.000000	1387.000000	897.000000	605.000000	659.000000	632.000000	1002.000000	1068.000000	804.000000	193.000000	1.000000	1.000000	1.000000
1.000000	1.000000	1.000000	1.000000	189.000000	181.000000	181.000000	1.000000	458.000000	1006.000000	1494.000000	1966.000000	948.000000	1.000000	1.000000	200.000000	200.000000	1.000000	1.000000	1.000000	1.000000
1.000000	1.000000	1.000000	1.000000	193.000000	1.000000	438.000000	210.000000	1.000000	1.000000	1.000000	237.000000	1.000000	244.000000	1.000000	1.000000	1.000000	1.000000	1.000000	1.000000	1.000000
1.000000	1.000000	1.000000	1.000000	1.000000	1.000000	470.000000	1447.000000	1217.000000	481.000000	225.000000	225.000000	684.000000	900.000000	612.000000	1.000000	1.000000	1.000000	1.000000	1.000000	1.000000
1.000000	1.000000	1.000000	1.000000	235.000000	1.000000	1.000000	453.000000	995.000000	751.000000	886.000000	666.000000	665.000000	221.000000	1.000000	1.000000	209.000000	1.000000	1.000000	1.000000	1.000000
1.000000	1.000000	1.000000	1.000000	1.000000	1.000000	1.000000	1.000000	1.000000	1.000000	1.000000	1.000000	1.000000	1.000000	1.000000	1.000000	1.000000	1.000000	1.000000	1.000000	1.000000
1.000000	1.000000	1.000000	1.000000	1.000000	1.000000	1.000000	1.000000	1.000000	1.000000	1.000000	1.000000	1.000000	1.000000	1.000000	1.000000	1.000000	1.000000	1.000000	1.000000	1.000000
1.000000	1.000000	1.000000	1.000000	1.000000	1.000000	1.000000	1.000000	1.000000	1.000000	1.000000	1.000000	1.000000	1.000000	1.000000	1.000000	1.000000	1.000000	1.000000	1.000000	1.000000
1.000000	1.000000	1.000000	1.000000	1.000000	1.000000	1.000000	1.000000	1.000000	1.000000	1.000000	1.000000	1.000000	1.000000	1.000000	1.000000	1.000000	1.000000	1.000000	1.000000	1.000000
1.000000	1.000000	1.000000	1.000000	1.000000	1.000000	1.000000	1.000000	1.000000	1.000000	1.000000	1.000000	1.000000	1.000000	1.000000	1.000000	1.000000	1.000000	1.000000	1.000000	1.000000
1.000000	1.000000	1.000000	1.000000	1.000000	1.000000	1.000000	1.000000	1.000000	1.000000	1.000000	1.000000	1.000000	1.000000	1.000000	1.000000	1.000000	1.000000	1.000000	1.000000	1.000000
1.000000	1.000000	1.000000	1.000000	1.000000	1.000000	1.000000	1.000000	1.000000	1.000000	1.000000	1.000000	1.000000	1.000000	1.000000	1.000000	1.000000	1.000000	1.000000	1.000000	1.000000
1.000000	1.000000	1.000000	1.000000	1.000000	1.000000	1.000000	1.000000	1.000000	1.000000	1.000000	1.000000	1.000000	1.000000	1.000000	1.000000	1.000000	1.000000	1.000000	1.000000	1.000000
