21 25 0
1.000000	1.000000	1.000000	1.000000	1.000000	1.000000	1.000000	1.000000	1.000000	1.000000	1.000000	1.000000	1.000000	1.000000	1.000000	1.000000	1.000000	1.000000	1.000000	1.000000	1.000000
1.000000	1.000000	1.000000	1.000000	1.000000	1.000000	1.000000	1.000000	1.000000	1.000000	1.000000	1.000000	1.000000	1.000000	1.000000	1.000000	1.000000	1.000000	1.000000	1.000000	1.000000
1.000000	1.000000	1.000000	1.000000	1.000000	1.000000	1.000000	1.000000	1.000000	1.000000	1.000000	1.000000	1.000000	1.000000	1.000000	180.000000	1.000000	1.000000	1.000000	1.000000	1.000000
1.000000	1.000000	1.000000	1.000000	1.000000	1.000000	1.000000	1.000000	1.000000	1.000000	1.000000	1.000000	1.000000	1.000000	1.000000	180.000000	181.000000	190.000000	1.000000	1.000000	1.000000
1.000000	1.000000	1.000000	1.000000	1.000000	213.000000	1.000000	1.000000	1.000000	1.000000	1.000000	1.000000	1.000000	1.000000	1.000000	1.000000	181.000000	190.000000	1.000000	1.000000	1.000000
1.000000	1.000000	1.000000	1.000000	1.000000	211.000000	1.000000	1.000000	1.000000	1.000000	1.000000	1.000000	1.000000	455.000000	240.000000	1.000000	1.000000	1.000000	1.000000	1.000000	1.000000
1.000000	1.000000	1.000000	1.000000	1.000000	402.000000	1.000000	1.000000	225.000000	219.000000	656.000000	1042.000000	1.000000	948.000000	241.000000	1.000000	1.000000	1.000000	1.000000	1.000000	1.000000
1.000000	1.000000	1.000000	1.000000	1.000000	199.000000	248.000000	441.000000	420.000000	239.000000	723.000000	1289.000000	241.000000	672.000000	1.000000	1.000000	220.000000	1.000000	1.000000	1.000000	1.000000
1.000000	1.000000	1.000000	1.000000	1.000000	196.000000	1.000000	474.000000	682.000000	240.000000	983.000000	1702.000000	1.000000	220.000000	1.000000	1.000000	220.000000	1.000000	1.000000	1.000000	1.000000
1.000000	1.000000	1.000000	1.000000	1.000000	203.000000	1.000000	454.000000	1136.000000	1.000000	944.000000	1457.000000	253.000000	218.000000	1.000000	1.000000	228.000000	1.000000	1.000000	197.000000	1.000000
1.000000	1.000000	1.000000	1.000000	1.000000	1.000000	1.000000	812.000000	660.000000	1.000000	251.000000	1325.000000	479.000000	1.000000	1.000000	1.000000	1.000000	1.000000	1.000000	197.000000	1.000000
1.000000	1.000000	1.000000	1.000000	1.000000	1.000000	185.000000	630.000000	1.000000	1.000000	465.000000	1098.000000	642.000000	1.000000	1.000000	592.000000	1.000000	1.000000	1.000000	1.000000	1.000000
1.000000	1.000000	1.000000	1.000000	1.000000	1.000000	1.000000	420.000000	1.000000	1.000000	950.000000	1186.000000	697.000000	1.000000	1.000000	392.000000	1.000000	1.000000	1.000000	1.000000	1.000000
1.000000	1.000000	1.000000	1.000000	1.000000	1.000000	1.000000	415.000000	232.000000	1.000000	927.000000	960.000000	451.000000	1.000000	229.000000	195.000000	1.000000	1.000000	1.000000	1.000000	1.000000
1.000000	1.000000	1.000000	1.000000	1.000000	1.000000	1.000000	211.000000	710.000000	254.000000	1.000000	1.000000	1.000000	1.000000	439.000000	200.000000	1.000000	1.000000	221.000000	1.000000	1.000000
1.000000	1.000000	1.000000	1.000000	219.000000	220.000000	1.000000	1.000000	1.000000	1.000000	1.000000	216.000000	226.000000	1.000000	439.000000	1.000000	1.000000	1.000000	1.000000	1.000000	1.000000
1.000000	1.000000	1.000000	1.000000	193.000000	432.000000	255.000000	1.000000	1.000000	1.000000	206.000000	667.000000	227.000000	1.000000	1.000000	1.000000	1.000000	1.000000	209.000000	1.000000	1.000000
1.000000	1.000000	1.000000	1.000000	1.000000	1.000000	504.000000	1.000000	1.000000	1.000000	1.000000	435.000000	1.000000	1.000000	1.000000	1.000000	191.000000	196.000000	1.000000	1.000000	1.000000
1.000000	1.000000	1.000000	1.000000	1.000000	1.000000	1.000000	1.000000	1.000000	1.000000	1.000000	1.000000	231.000000	1.000000	1.000000	1.000000	1.000000	1.000000	1.000000	1.000000	1.000000
1.000000	1.000000	1.000000	1.000000	1.000000	1.000000	1.000000	1.000000	1.000000	1.000000	1.000000	1.000000	1.000000	1.000000	1.000000	1.000000	1.000000	1.000000	1.000000	1.000000	1.000000
1.000000	1.000000	1.000000	1.000000	1.000000	1.000000	1.000000	1.000000	1.000000	1.000000	1.000000	1.000000	1.000000	1.000000	1.000000	1.000000	1.000000	1.000000	1.000000	1.000000	1.000000
1.000000	1.000000	1.000000	1.000000	1.000000	1.000000	1.000000	1.000000	1.000000	1.000000	1.000000	1.000000	1.000000	1.000000	1.000000	1.000000	1.000000	1.000000	1.000000	1.000000	1.000000
1.000000	1.000000	1.000000	1.000000	1.000000	1.000000	1.000000	1.000000	1.000000	1.000000	1.000000	1.000000	1.000000	1.000000	1.000000	1.000000	1.000000	1.000000	1.000000	1.000000	1.000000
1.000000	1.000000	1.000000	1.000000	1.000000	1.000000	1.000000	1.000000	1.000000	1.000000	1.000000	1.000000	1.000000	1.000000	1.000000	1.000000	1.000000	1.000000	1.000000	1.000000	1.000000
1.000000	1.000000	1.000000	1.000000	1.000000	1.000000	1.000000	1.000000	1.000000	1.000000	1.000000	1.000000	1.000000	1.000000	1.000000	1.000000	1.000000	1.000000	1.000000	1.000000	1.000000
