21 25 0
1.000000	1.000000	1.000000	1.000000	1.000000	1.000000	1.000000	1.000000	1.000000	1.000000	1.000000	1.000000	1.000000	1.000000	1.000000	1.000000	1.000000	1.000000	1.000000	1.000000	1.000000
1.000000	1.000000	1.000000	1.000000	1.000000	1.000000	1.000000	1.000000	1.000000	1.000000	1.000000	1.000000	1.000000	1.000000	1.000000	1.000000	1.000000	1.000000	1.000000	1.000000	1.000000
1.000000	1.000000	1.000000	1.000000	1.000000	1.000000	1.000000	1.000000	1.000000	1.000000	1.000000	1.000000	1.000000	1.000000	1.000000	1.000000	1.000000	1.000000	1.000000	1.000000	1.000000
1.000000	1.000000	1.000000	1.000000	1.000000	1.000000	1.000000	1.000000	1.000000	1.000000	1.000000	1.000000	1.000000	1.000000	1.000000	1.000000	1.000000	1.000000	1.000000	1.000000	1.000000
1.000000	1.000000	1.000000	186.000000	1.000000	1.000000	1.000000	1.000000	1.000000	1.000000	1.000000	1.000000	197.000000	1.000000	1.000000	1.000000	1.000000	1.000000	1.000000	1.000000	1.000000
1.000000	1.000000	1.000000	1.000000	1.000000	1.000000	1.000000	1.000000	1.000000	1.000000	1.000000	220.000000	815.000000	623.000000	1.000000	1.000000	1.000000	1.000000	1.000000	1.000000	1.000000
1.000000	1.000000	1.000000	1.000000	1.000000	1.000000	849.000000	1.000000	1.000000	182.000000	219.000000	424.000000	654.000000	661.000000	1.000000	1.000000	1.000000	1.000000	1.000000	1.000000	1.000000
1.000000	1.000000	1.000000	566.000000	1.000000	1.000000	619.000000	1.000000	1.000000	228.000000	220.000000	410.000000	1.000000	234.000000	1.000000	1.000000	1.000000	1.000000	1.000000	1.000000	1.000000
1.000000	1.000000	1.000000	585.000000	182.000000	1.000000	1.000000	1.000000	1.000000	1.000000	1.000000	175.000000	1.000000	234.000000	252.000000	1.000000	1.000000	1.000000	1.000000	1.000000	1.000000
1.000000	1.000000	1.000000	177.000000	387.000000	1.000000	1.000000	209.000000	184.000000	1.000000	680.000000	478.000000	1.000000	1.000000	215.000000	1.000000	1.000000	1.000000	1.000000	1.000000	1.000000
1.000000	1.000000	1.000000	1.000000	206.000000	1.000000	1.000000	798.000000	401.000000	1.000000	948.000000	1194.000000	208.000000	1.000000	216.000000	1.000000	1.000000	1.000000	1.000000	1.000000	1.000000
1.000000	1.000000	1.000000	1.000000	1.000000	1.000000	1.000000	416.000000	1.000000	1.000000	1149.000000	1351.000000	439.000000	1.000000	219.000000	1.000000	1.000000	1.000000	1.000000	1.000000	1.000000
1.000000	1.000000	1.000000	1.000000	1.000000	1.000000	181.000000	216.000000	1.000000	1.000000	952.000000	746.000000	437.000000	1.000000	1.000000	204.000000	1.000000	1.000000	1.000000	1.000000	1.000000
1.000000	1.000000	1.000000	1.000000	1.000000	1.000000	1.000000	216.000000	212.000000	1.000000	479.000000	651.000000	1.000000	1.000000	1.000000	1.000000	1.000000	1.000000	1.000000	1.000000	1.000000
1.000000	1.000000	1.000000	1.000000	1.000000	1.000000	1.000000	1.000000	1.000000	1.000000	423.000000	1.000000	1.000000	1.000000	248.000000	206.000000	200.000000	1.000000	1.000000	1.000000	1.000000
1.000000	1.000000	1.000000	1.000000	1.000000	1.000000	225.000000	407.000000	250.000000	1.000000	1.000000	1.000000	1.000000	1.000000	1.000000	207.000000	767.000000	1.000000	1.000000	1.000000	1.000000
1.000000	1.000000	1.000000	1.000000	1.000000	378.000000	793.000000	1.000000	257.000000	1.000000	1.000000	237.000000	1.000000	1.000000	1.000000	1.000000	396.000000	192.000000	1.000000	1.000000	1.000000
1.000000	1.000000	1.000000	372.000000	1.000000	616.000000	203.000000	1.000000	257.000000	1.000000	1.000000	238.000000	238.000000	1.000000	1.000000	1.000000	386.000000	1.000000	1.000000	1.000000	1.000000
1.000000	1.000000	1.000000	367.000000	1.000000	409.000000	1.000000	1.000000	471.000000	1.000000	1.000000	1.000000	1.000000	627.000000	1.000000	211.000000	1.000000	1.000000	1.000000	1.000000	1.000000
1.000000	1.000000	1.000000	1.000000	1.000000	534.000000	1.000000	1.000000	896.000000	450.000000	1.000000	1.000000	1.000000	190.000000	556.000000	211.000000	1.000000	1.000000	1.000000	1.000000	1.000000
1.000000	1.000000	1.000000	1.000000	1.000000	357.000000	1.000000	1.000000	1.000000	243.000000	1.000000	1.000000	225.000000	185.000000	365.000000	1.000000	1.000000	1.000000	1.000000	1.000000	1.000000
1.000000	1.000000	1.000000	1.000000	1.000000	190.000000	1.000000	1.000000	1.000000	1.000000	1.000000	1.000000	451.000000	1.000000	361.000000	1.000000	1.000000	1.000000	1.000000	1.000000	1.000000
1.000000	1.000000	1.000000	1.000000	1.000000	1.000000	1.000000	1.000000	1.000000	1.000000	1.000000	1.000000	1.000000	1.000000	1.000000	1.000000	1.000000	1.000000	1.000000	1.000000	1.000000
1.000000	1.000000	1.000000	1.000000	1.000000	1.000000	1.000000	1.000000	1.000000	1.000000	1.000000	1.000000	1.000000	1.000000	1.000000	1.000000	1.000000	1.000000	1.000000	1.000000	1.000000
1.000000	1.000000	1.000000	1.000000	1.000000	1.000000	1.000000	1.000000	1.000000	1.000000	1.000000	1.000000	1.000000	1.000000	1.000000	1.000000	1.000000	1.000000	1.000000	1.000000	1.000000
