21 25 0
1.000000	1.000000	1.000000	1.000000	1.000000	1.000000	1.000000	1.000000	1.000000	1.000000	1.000000	1.000000	1.000000	1.000000	1.000000	1.000000	1.000000	1.000000	1.000000	1.000000	1.000000
1.000000	1.000000	1.000000	1.000000	1.000000	1.000000	1.000000	1.000000	1.000000	1.000000	1.000000	1.000000	1.000000	1.000000	1.000000	1.000000	1.000000	1.000000	1.000000	1.000000	1.000000
1.000000	1.000000	1.000000	1.000000	1.000000	1.000000	1.000000	1.000000	1.000000	1.000000	1.000000	1.000000	1.000000	1.000000	1.000000	1.000000	1.000000	1.000000	1.000000	1.000000	1.000000
1.000000	1.000000	1.000000	1.000000	1.000000	1.000000	1.000000	1.000000	1.000000	1.000000	1.000000	1.000000	1.000000	1.000000	1.000000	1.000000	1.000000	1.000000	1.000000	1.000000	1.000000
1.000000	1.000000	1.000000	1.000000	1.000000	1.000000	1.000000	1.000000	1.000000	1.000000	1.000000	1.000000	1.000000	1.000000	1.000000	1.000000	1.000000	1.000000	1.000000	1.000000	1.000000
1.000000	1.000000	1.000000	1.000000	1.000000	1.000000	1.000000	207.000000	1.000000	204.000000	1.000000	1.000000	1.000000	205.000000	226.000000	1.000000	1.000000	1.000000	1.000000	1.000000	1.000000
1.000000	1.000000	1.000000	1.000000	1.000000	1.000000	1.000000	387.000000	821.000000	194.000000	1.000000	1.000000	1.000000	1.000000	227.000000	405.000000	1.000000	192.000000	1.000000	1.000000	1.000000
1.000000	1.000000	1.000000	1.000000	1.000000	1.000000	221.000000	409.000000	659.000000	194.000000	1.000000	225.000000	1.000000	1.000000	196.000000	1.000000	1.000000	372.000000	187.000000	1.000000	1.000000
1.000000	1.000000	1.000000	1.000000	1.000000	1.000000	413.000000	431.000000	439.000000	176.000000	1.000000	425.000000	449.000000	1.000000	1.000000	1.000000	1.000000	368.000000	1.000000	1.000000	1.000000
1.000000	1.000000	1.000000	1.000000	1.000000	1.000000	192.000000	1.000000	232.000000	235.000000	1.000000	403.000000	1073.000000	405.000000	1.000000	1.000000	215.000000	382.000000	1.000000	1.000000	1.000000
1.000000	1.000000	1.000000	183.000000	1.000000	372.000000	199.000000	1.000000	471.000000	1298.000000	472.000000	1.000000	931.000000	842.000000	1.000000	1.000000	175.000000	188.000000	1.000000	1.000000	1.000000
1.000000	1.000000	1.000000	382.000000	200.000000	1.000000	374.000000	1.000000	885.000000	1389.000000	453.000000	1.000000	678.000000	1049.000000	1.000000	1.000000	1.000000	1.000000	1.000000	1.000000	1.000000
1.000000	1.000000	1.000000	236.000000	178.000000	1.000000	1.000000	1.000000	453.000000	1356.000000	1.000000	1.000000	461.000000	677.000000	1.000000	1.000000	1.000000	1.000000	1.000000	1.000000	1.000000
1.000000	1.000000	1.000000	235.000000	1.000000	1.000000	1.000000	232.000000	1.000000	1.000000	1.000000	1.000000	749.000000	1199.000000	222.000000	1.000000	1.000000	200.000000	1.000000	1.000000	1.000000
1.000000	1.000000	1.000000	183.000000	1.000000	1.000000	207.000000	232.000000	1.000000	1.000000	1.000000	1.000000	988.000000	1694.000000	430.000000	1.000000	1.000000	1.000000	1.000000	1.000000	1.000000
1.000000	1.000000	1.000000	187.000000	205.000000	1.000000	1.000000	1.000000	1.000000	239.000000	1.000000	211.000000	251.000000	1187.000000	678.000000	1.000000	1.000000	1.000000	1.000000	1.000000	1.000000
1.000000	1.000000	1.000000	200.000000	856.000000	1.000000	1.000000	1.000000	244.000000	255.000000	1.000000	1.000000	252.000000	454.000000	1269.000000	191.000000	1.000000	179.000000	198.000000	1.000000	1.000000
1.000000	1.000000	1.000000	198.000000	640.000000	1.000000	1.000000	1102.000000	245.000000	507.000000	1.000000	1.000000	252.000000	1.000000	423.000000	1.000000	1.000000	179.000000	198.000000	1.000000	1.000000
1.000000	1.000000	1.000000	1.000000	181.000000	1.000000	416.000000	1240.000000	1.000000	253.000000	1.000000	1.000000	1.000000	1.000000	1.000000	1.000000	1.000000	1.000000	1.000000	1.000000	1.000000
1.000000	1.000000	1.000000	1.000000	1.000000	1.000000	577.000000	1600.000000	1.000000	1.000000	1.000000	202.000000	1.000000	1.000000	1.000000	184.000000	188.000000	1.000000	1.000000	1.000000	1.000000
1.000000	1.000000	1.000000	176.000000	1.000000	1.000000	209.000000	795.000000	1.000000	1.000000	460.000000	228.000000	1.000000	1.000000	1.000000	180.000000	1.000000	1.000000	1.000000	1.000000	1.000000
1.000000	1.000000	1.000000	1.000000	1.000000	1.000000	1.000000	396.000000	1.000000	1.000000	226.000000	1.000000	1.000000	1.000000	1.000000	1.000000	1.000000	1.000000	1.000000	1.000000	1.000000
1.000000	1.000000	1.000000	1.000000	1.000000	1.000000	1.000000	1.000000	1.000000	1.000000	1.000000	1.000000	1.000000	1.000000	1.000000	1.000000	1.000000	1.000000	1.000000	1.000000	1.000000
1.000000	1.000000	1.000000	1.000000	1.000000	1.000000	1.000000	1.000000	1.000000	1.000000	1.000000	1.000000	1.000000	1.000000	1.000000	1.000000	1.000000	1.000000	1.000000	1.000000	1.000000
1.000000	1.000000	1.000000	1.000000	1.000000	1.000000	1.000000	1.000000	1.000000	1.000000	1.000000	1.000000	1.000000	1.000000	1.000000	1.000000	1.000000	1.000000	1.000000	1.000000	1.000000
