21 25 0
1.000000	1.000000	1.000000	1.000000	1.000000	1.000000	1.000000	1.000000	1.000000	1.000000	1.000000	188.000000	1.000000	1.000000	1.000000	1.000000	1.000000	1.000000	1.000000	1.000000	1.000000
1.000000	1.000000	1.000000	1.000000	1.000000	1.000000	1.000000	1.000000	1.000000	1.000000	1.000000	1.000000	1.000000	552.000000	762.000000	760.000000	712.000000	192.000000	1.000000	1.000000	1.000000
1.000000	1.000000	1.000000	1.000000	1.000000	1.000000	223.000000	222.000000	538.000000	204.000000	204.000000	1.000000	1.000000	183.000000	380.000000	769.000000	764.000000	568.000000	1.000000	1.000000	1.000000
1.000000	1.000000	1.000000	1.000000	1.000000	1.000000	1.000000	211.000000	171.000000	395.000000	389.000000	1.000000	1.000000	1.000000	1.000000	1.000000	1.000000	1.000000	1.000000	1.000000	1.000000
1.000000	1.000000	1.000000	1.000000	188.000000	427.000000	448.000000	633.000000	237.000000	231.000000	1.000000	1.000000	1.000000	1.000000	1.000000	1.000000	202.000000	1.000000	1.000000	1.000000	1.000000
1.000000	1.000000	1.000000	210.000000	614.000000	811.000000	1049.000000	1384.000000	1547.000000	848.000000	361.000000	176.000000	213.000000	607.000000	613.000000	422.000000	406.000000	1.000000	1.000000	1.000000	1.000000
1.000000	1.000000	1.000000	1.000000	393.000000	1239.000000	1509.000000	1656.000000	1388.000000	853.000000	1.000000	210.000000	1085.000000	1661.000000	1695.000000	1631.000000	1278.000000	462.000000	1.000000	1.000000	1.000000
1.000000	1.000000	1.000000	1.000000	1.000000	172.000000	237.000000	1.000000	1.000000	1.000000	1.000000	363.000000	581.000000	614.000000	614.000000	1155.000000	1158.000000	676.000000	1.000000	1.000000	1.000000
1.000000	1.000000	1.000000	1.000000	1.000000	1.000000	1.000000	1.000000	1.000000	1.000000	374.000000	1.000000	1.000000	1.000000	1.000000	1.000000	226.000000	1.000000	1.000000	1.000000	1.000000
1.000000	1.000000	1.000000	1.000000	1.000000	228.000000	248.000000	1.000000	189.000000	380.000000	369.000000	1.000000	1.000000	1.000000	1.000000	1.000000	1.000000	1.000000	1.000000	1.000000	1.000000
1.000000	1.000000	1.000000	1.000000	227.000000	1172.000000	422.000000	585.000000	588.000000	1.000000	1.000000	1.000000	1.000000	1.000000	1.000000	1.000000	1.000000	1.000000	1.000000	1.000000	1.000000
1.000000	1.000000	1.000000	1.000000	1.000000	1.000000	520.000000	545.000000	749.000000	656.000000	436.000000	249.000000	252.000000	187.000000	1.000000	209.000000	833.000000	443.000000	1.000000	1.000000	1.000000
1.000000	1.000000	1.000000	1.000000	1.000000	1.000000	178.000000	544.000000	861.000000	1456.000000	1474.000000	1436.000000	1113.000000	214.000000	1.000000	1.000000	415.000000	372.000000	1.000000	1.000000	1.000000
1.000000	1.000000	1.000000	1.000000	1.000000	1.000000	1.000000	1.000000	201.000000	448.000000	719.000000	567.000000	358.000000	185.000000	1.000000	1.000000	1.000000	1.000000	1.000000	1.000000	1.000000
1.000000	1.000000	1.000000	1.000000	1.000000	1.000000	1.000000	1.000000	1.000000	200.000000	1.000000	1.000000	1.000000	1.000000	1.000000	1.000000	1.000000	1.000000	1.000000	1.000000	1.000000
1.000000	1.000000	1.000000	1.000000	1.000000	191.000000	198.000000	1494.000000	1676.000000	1403.000000	1340.000000	1109.000000	707.000000	209.000000	228.000000	1.000000	1.000000	1.000000	1.000000	1.000000	1.000000
1.000000	1.000000	1.000000	1.000000	1.000000	1.000000	357.000000	770.000000	899.000000	951.000000	1229.000000	1673.000000	1532.000000	1025.000000	378.000000	1.000000	1.000000	1.000000	1.000000	1.000000	1.000000
1.000000	1.000000	1.000000	1.000000	1.000000	1.000000	1.000000	1.000000	1.000000	1.000000	1.000000	1.000000	1.000000	1.000000	1.000000	1.000000	1.000000	1.000000	1.000000	1.000000	1.000000
1.000000	1.000000	1.000000	1.000000	1.000000	1.000000	1.000000	239.000000	696.000000	924.000000	942.000000	636.000000	1.000000	1.000000	1.000000	1.000000	1.000000	165.000000	1.000000	1.000000	1.000000
1.000000	1.000000	1.000000	1.000000	1.000000	1.000000	1.000000	1.000000	1.000000	1.000000	1.000000	1.000000	223.000000	1.000000	1.000000	1.000000	1.000000	1.000000	1.000000	1.000000	1.000000
1.000000	1.000000	1.000000	1.000000	1.000000	1.000000	1.000000	1.000000	1.000000	1.000000	1.000000	1.000000	1.000000	1.000000	1.000000	1.000000	1.000000	1.000000	1.000000	1.000000	1.000000
1.000000	1.000000	1.000000	1.000000	1.000000	1.000000	1.000000	1.000000	1.000000	1.000000	1.000000	1.000000	1.000000	1.000000	1.000000	1.000000	1.000000	1.000000	1.000000	1.000000	1.000000
1.000000	1.000000	1.000000	1.000000	1.000000	1.000000	1.000000	1.000000	1.000000	1.000000	1.000000	1.000000	1.000000	1.000000	1.000000	1.000000	1.000000	1.000000	1.000000	1.000000	1.000000
1.000000	1.000000	1.000000	1.000000	1.000000	1.000000	1.000000	1.000000	1.000000	1.000000	1.000000	1.000000	1.000000	1.000000	1.000000	1.000000	1.000000	1.000000	1.000000	1.000000	1.000000
1.000000	1.000000	1.000000	1.000000	1.000000	1.000000	1.000000	1.000000	1.000000	1.000000	1.000000	1.000000	1.000000	1.000000	1.000000	1.000000	1.000000	1.000000	1.000000	1.000000	1.000000
