21 25 0
1.000000	1.000000	1.000000	1.000000	1.000000	1.000000	1.000000	1.000000	1.000000	1.000000	1.000000	1.000000	1.000000	1.000000	172.000000	1.000000	1.000000	1.000000	1.000000	1.000000	1.000000
1.000000	1.000000	1.000000	1.000000	1.000000	1.000000	1.000000	182.000000	1.000000	1.000000	186.000000	1.000000	1.000000	1.000000	1.000000	164.000000	195.000000	1.000000	1.000000	1.000000	1.000000
1.000000	1.000000	1.000000	1.000000	205.000000	1.000000	1.000000	403.000000	1.000000	384.000000	187.000000	1.000000	1.000000	1.000000	205.000000	1.000000	176.000000	190.000000	1.000000	1.000000	1.000000
1.000000	1.000000	1.000000	182.000000	1.000000	1.000000	1.000000	1.000000	215.000000	1.000000	180.000000	1.000000	1.000000	1.000000	1.000000	1.000000	1.000000	1.000000	1.000000	1.000000	1.000000
1.000000	1.000000	1.000000	182.000000	1.000000	1.000000	1.000000	1.000000	1.000000	1.000000	1.000000	1.000000	406.000000	1.000000	1.000000	1.000000	1.000000	1.000000	1.000000	1.000000	1.000000
1.000000	1.000000	1.000000	1.000000	1.000000	1.000000	1.000000	1.000000	1.000000	226.000000	217.000000	1.000000	1.000000	1.000000	1.000000	1.000000	1.000000	1.000000	1.000000	1.000000	1.000000
1.000000	1.000000	1.000000	1.000000	1.000000	1.000000	1.000000	1.000000	211.000000	1096.000000	1026.000000	1.000000	1.000000	1.000000	250.000000	256.000000	194.000000	1.000000	1.000000	1.000000	1.000000
1.000000	1.000000	1.000000	1.000000	1.000000	1.000000	1.000000	1.000000	590.000000	1564.000000	934.000000	1.000000	1.000000	1.000000	478.000000	1.000000	192.000000	180.000000	1.000000	1.000000	1.000000
1.000000	1.000000	1.000000	1.000000	1.000000	1.000000	1.000000	207.000000	601.000000	863.000000	736.000000	1.000000	1.000000	1.000000	1.000000	232.000000	1.000000	350.000000	1.000000	1.000000	1.000000
1.000000	1.000000	1.000000	1.000000	1.000000	200.000000	197.000000	209.000000	1.000000	252.000000	654.000000	1.000000	390.000000	375.000000	1.000000	1.000000	1.000000	181.000000	1.000000	1.000000	1.000000
1.000000	1.000000	1.000000	1.000000	1.000000	1.000000	197.000000	187.000000	1.000000	186.000000	574.000000	1.000000	751.000000	590.000000	177.000000	1.000000	1.000000	1.000000	1.000000	1.000000	1.000000
1.000000	1.000000	1.000000	1.000000	1.000000	1.000000	1.000000	185.000000	1.000000	420.000000	646.000000	1.000000	365.000000	605.000000	177.000000	1.000000	1.000000	1.000000	1.000000	1.000000	1.000000
1.000000	1.000000	1.000000	1.000000	1.000000	1.000000	190.000000	1.000000	1.000000	242.000000	596.000000	1.000000	185.000000	617.000000	170.000000	1.000000	1.000000	1.000000	1.000000	1.000000	1.000000
1.000000	1.000000	1.000000	1.000000	1.000000	1.000000	1.000000	178.000000	1.000000	241.000000	1.000000	1.000000	223.000000	646.000000	170.000000	1.000000	1.000000	1.000000	1.000000	1.000000	1.000000
1.000000	1.000000	1.000000	1.000000	1.000000	1.000000	570.000000	198.000000	1.000000	212.000000	1.000000	1.000000	171.000000	173.000000	1.000000	1.000000	1.000000	1.000000	1.000000	1.000000	1.000000
1.000000	1.000000	1.000000	1.000000	1.000000	1.000000	1.000000	1.000000	175.000000	507.000000	507.000000	1.000000	1.000000	1.000000	1.000000	1.000000	1.000000	1.000000	1.000000	1.000000	1.000000
1.000000	1.000000	1.000000	1.000000	1.000000	1.000000	1.000000	1.000000	245.000000	757.000000	508.000000	1.000000	1.000000	1.000000	577.000000	1.000000	1.000000	1.000000	1.000000	1.000000	1.000000
1.000000	1.000000	1.000000	1.000000	1.000000	1.000000	1.000000	1.000000	1.000000	219.000000	1.000000	1.000000	1.000000	1.000000	664.000000	396.000000	175.000000	1.000000	1.000000	1.000000	1.000000
1.000000	1.000000	1.000000	1.000000	1.000000	1.000000	1.000000	1.000000	1.000000	1.000000	1.000000	1.000000	1.000000	1.000000	439.000000	396.000000	181.000000	1.000000	1.000000	1.000000	1.000000
1.000000	1.000000	1.000000	1.000000	1.000000	1.000000	1.000000	1.000000	1.000000	1.000000	1.000000	1.000000	1.000000	1.000000	1.000000	1.000000	190.000000	1.000000	1.000000	1.000000	1.000000
1.000000	1.000000	1.000000	1.000000	1.000000	1.000000	1.000000	1.000000	1.000000	1.000000	1.000000	1.000000	1.000000	1.000000	1.000000	1.000000	1.000000	1.000000	1.000000	1.000000	1.000000
1.000000	1.000000	1.000000	1.000000	1.000000	1.000000	1.000000	1.000000	1.000000	1.000000	1.000000	1.000000	1.000000	1.000000	1.000000	1.000000	1.000000	1.000000	1.000000	1.000000	1.000000
1.000000	1.000000	1.000000	1.000000	1.000000	1.000000	1.000000	1.000000	1.000000	1.000000	1.000000	1.000000	1.000000	1.000000	1.000000	1.000000	1.000000	1.000000	1.000000	1.000000	1.000000
1.000000	1.000000	1.000000	1.000000	1.000000	1.000000	1.000000	1.000000	1.000000	1.000000	1.000000	1.000000	1.000000	1.000000	1.000000	1.000000	1.000000	1.000000	1.000000	1.000000	1.000000
1.000000	1.000000	1.000000	1.000000	1.000000	1.000000	1.000000	1.000000	1.000000	1.000000	1.000000	1.000000	1.000000	1.000000	1.000000	1.000000	1.000000	1.000000	1.000000	1.000000	1.000000
