21 25 0
1.000000	1.000000	1.000000	1.000000	1.000000	1.000000	1.000000	1.000000	1.000000	1.000000	1.000000	1.000000	1.000000	1.000000	1.000000	1.000000	173.000000	1.000000	1.000000	1.000000	1.000000
1.000000	1.000000	1.000000	1.000000	194.000000	1.000000	1.000000	210.000000	702.000000	595.000000	583.000000	357.000000	1.000000	1.000000	1.000000	1.000000	1.000000	1.000000	1.000000	1.000000	1.000000
1.000000	1.000000	1.000000	1.000000	187.000000	216.000000	225.000000	239.000000	413.000000	182.000000	215.000000	589.000000	377.000000	187.000000	1.000000	1.000000	203.000000	1.000000	1.000000	1.000000	1.000000
1.000000	1.000000	1.000000	189.000000	616.000000	764.000000	1024.000000	891.000000	489.000000	626.000000	1.000000	1.000000	212.000000	602.000000	607.000000	615.000000	526.000000	173.000000	1.000000	1.000000	1.000000
1.000000	1.000000	1.000000	1.000000	223.000000	459.000000	484.000000	913.000000	709.000000	815.000000	203.000000	203.000000	444.000000	1450.000000	1141.000000	1130.000000	833.000000	211.000000	1.000000	1.000000	1.000000
1.000000	1.000000	1.000000	1.000000	1.000000	1.000000	1.000000	1.000000	1.000000	1.000000	1.000000	1.000000	1.000000	208.000000	605.000000	714.000000	481.000000	175.000000	1.000000	1.000000	1.000000
1.000000	1.000000	1.000000	1.000000	1.000000	1.000000	1.000000	1.000000	1.000000	191.000000	197.000000	1.000000	1.000000	1.000000	1.000000	187.000000	187.000000	1.000000	1.000000	1.000000	1.000000
1.000000	1.000000	1.000000	1.000000	210.000000	1.000000	1.000000	398.000000	1082.000000	1078.000000	757.000000	1.000000	1.000000	1.000000	1.000000	1.000000	1.000000	1.000000	1.000000	1.000000	1.000000
1.000000	1.000000	1.000000	1.000000	433.000000	1595.000000	1734.000000	1794.000000	1723.000000	209.000000	1.000000	1.000000	185.000000	1188.000000	802.000000	663.000000	1.000000	1.000000	1.000000	1.000000	1.000000
1.000000	1.000000	1.000000	1.000000	184.000000	599.000000	848.000000	640.000000	197.000000	1.000000	193.000000	193.000000	1.000000	749.000000	1390.000000	1316.000000	1379.000000	687.000000	1.000000	1.000000	1.000000
1.000000	1.000000	1.000000	1.000000	1.000000	1.000000	1.000000	1.000000	195.000000	234.000000	431.000000	388.000000	189.000000	1.000000	241.000000	681.000000	858.000000	415.000000	1.000000	1.000000	1.000000
1.000000	1.000000	1.000000	1.000000	1.000000	1.000000	1.000000	1.000000	1.000000	597.000000	651.000000	394.000000	425.000000	1.000000	1.000000	1.000000	1.000000	1.000000	1.000000	1.000000	1.000000
1.000000	1.000000	1.000000	1.000000	1.000000	1.000000	1.000000	1.000000	211.000000	215.000000	1.000000	1.000000	1.000000	1.000000	1.000000	1.000000	1.000000	1.000000	1.000000	1.000000	1.000000
1.000000	1.000000	1.000000	1.000000	1.000000	1.000000	1.000000	391.000000	838.000000	1015.000000	802.000000	429.000000	252.000000	1.000000	1.000000	1.000000	1.000000	1.000000	1.000000	1.000000	1.000000
1.000000	1.000000	1.000000	1.000000	1.000000	1.000000	197.000000	605.000000	1400.000000	1726.000000	1759.000000	1690.000000	1566.000000	173.000000	1.000000	1.000000	1.000000	1.000000	1.000000	1.000000	1.000000
1.000000	1.000000	1.000000	1.000000	1.000000	1.000000	1.000000	1.000000	211.000000	217.000000	238.000000	206.000000	199.000000	172.000000	1.000000	1.000000	1.000000	1.000000	1.000000	1.000000	1.000000
1.000000	1.000000	1.000000	1.000000	1.000000	1.000000	1.000000	1.000000	199.000000	241.000000	199.000000	1.000000	1.000000	1.000000	1.000000	1.000000	1.000000	1.000000	1.000000	1.000000	1.000000
1.000000	1.000000	1.000000	1.000000	1.000000	194.000000	551.000000	1276.000000	1374.000000	1426.000000	1421.000000	1340.000000	876.000000	584.000000	227.000000	1.000000	189.000000	1.000000	1.000000	1.000000	1.000000
1.000000	1.000000	1.000000	1.000000	1.000000	1.000000	1.000000	1.000000	1.000000	257.000000	256.000000	1.000000	246.000000	429.000000	205.000000	1.000000	1.000000	1.000000	1.000000	1.000000	1.000000
1.000000	1.000000	1.000000	1.000000	1.000000	1.000000	1.000000	392.000000	640.000000	665.000000	471.000000	418.000000	1.000000	1.000000	1.000000	1.000000	1.000000	1.000000	1.000000	1.000000	1.000000
1.000000	1.000000	1.000000	1.000000	1.000000	1.000000	1.000000	1.000000	1.000000	1.000000	1.000000	1.000000	1.000000	1.000000	1.000000	1.000000	1.000000	1.000000	1.000000	1.000000	1.000000
1.000000	1.000000	1.000000	1.000000	1.000000	1.000000	1.000000	1.000000	1.000000	1.000000	1.000000	1.000000	1.000000	1.000000	1.000000	1.000000	1.000000	1.000000	1.000000	1.000000	1.000000
1.000000	1.000000	1.000000	1.000000	1.000000	1.000000	1.000000	1.000000	1.000000	1.000000	1.000000	1.000000	1.000000	1.000000	1.000000	1.000000	1.000000	1.000000	1.000000	1.000000	1.000000
1.000000	1.000000	1.000000	1.000000	1.000000	1.000000	1.000000	1.000000	1.000000	1.000000	1.000000	1.000000	1.000000	1.000000	1.000000	1.000000	1.000000	1.000000	1.000000	1.000000	1.000000
1.000000	1.000000	1.000000	1.000000	1.000000	1.000000	1.000000	1.000000	1.000000	1.000000	1.000000	1.000000	1.000000	1.000000	1.000000	1.000000	1.000000	1.000000	1.000000	1.000000	1.000000
