21 25 0
1.000000	1.000000	1.000000	1.000000	1.000000	222.000000	1.000000	1.000000	1.000000	1.000000	1.000000	1.000000	1.000000	1.000000	1.000000	1.000000	1.000000	1.000000	1.000000	1.000000	1.000000
1.000000	1.000000	1.000000	1.000000	1.000000	1.000000	1.000000	1.000000	1.000000	1.000000	1.000000	1.000000	1.000000	1.000000	1.000000	1.000000	1.000000	1.000000	1.000000	1.000000	1.000000
1.000000	1.000000	1.000000	1.000000	242.000000	1.000000	1.000000	1.000000	1.000000	1.000000	1.000000	1.000000	1.000000	1.000000	1.000000	1.000000	1.000000	1.000000	1.000000	1.000000	1.000000
1.000000	1.000000	247.000000	1.000000	1.000000	1.000000	1.000000	1.000000	1.000000	1.000000	1.000000	1.000000	1.000000	1.000000	1.000000	1.000000	1.000000	1.000000	1.000000	1.000000	1.000000
1.000000	1.000000	247.000000	1.000000	236.000000	1.000000	1.000000	1.000000	1.000000	1.000000	1.000000	1.000000	1.000000	1.000000	1.000000	1.000000	1.000000	1.000000	1.000000	1.000000	1.000000
1.000000	1.000000	252.000000	188.000000	445.000000	1.000000	1.000000	1.000000	1.000000	1.000000	1.000000	1.000000	1.000000	1.000000	231.000000	1.000000	1.000000	1.000000	1.000000	1.000000	1.000000
1.000000	1.000000	252.000000	1.000000	234.000000	257.000000	236.000000	1.000000	1.000000	1.000000	1.000000	1.000000	476.000000	908.000000	231.000000	1.000000	1.000000	1.000000	1.000000	1.000000	1.000000
1.000000	1.000000	1.000000	1.000000	234.000000	257.000000	747.000000	466.000000	1.000000	1.000000	1.000000	460.000000	938.000000	1144.000000	1.000000	1.000000	1.000000	1.000000	1.000000	1.000000	1.000000
1.000000	1.000000	1.000000	1.000000	238.000000	445.000000	727.000000	478.000000	214.000000	1.000000	1.000000	456.000000	1648.000000	736.000000	1.000000	196.000000	1.000000	1.000000	1.000000	1.000000	1.000000
1.000000	1.000000	1.000000	1.000000	225.000000	211.000000	1.000000	225.000000	213.000000	1.000000	1.000000	232.000000	1394.000000	495.000000	257.000000	1.000000	1.000000	1.000000	1.000000	1.000000	1.000000
1.000000	1.000000	1.000000	1.000000	1.000000	192.000000	1.000000	1.000000	205.000000	1.000000	1.000000	1.000000	637.000000	652.000000	1.000000	1.000000	1.000000	1.000000	1.000000	1.000000	1.000000
1.000000	1.000000	201.000000	1.000000	1.000000	1.000000	221.000000	1.000000	1.000000	1.000000	1.000000	1.000000	1.000000	663.000000	1.000000	1.000000	1.000000	1.000000	1.000000	1.000000	1.000000
1.000000	1.000000	1.000000	1.000000	1.000000	220.000000	1.000000	1.000000	1.000000	1.000000	243.000000	454.000000	1.000000	417.000000	1.000000	1.000000	1.000000	1.000000	1.000000	1.000000	1.000000
1.000000	1.000000	1.000000	393.000000	1.000000	466.000000	212.000000	1.000000	616.000000	1.000000	254.000000	950.000000	1.000000	1.000000	1.000000	1.000000	1.000000	220.000000	1.000000	1.000000	1.000000
1.000000	1.000000	1.000000	185.000000	1.000000	220.000000	433.000000	1.000000	211.000000	1.000000	248.000000	733.000000	1.000000	1.000000	473.000000	1.000000	1.000000	228.000000	1.000000	1.000000	1.000000
1.000000	1.000000	1.000000	218.000000	1.000000	1.000000	435.000000	1.000000	211.000000	1.000000	219.000000	250.000000	1.000000	503.000000	239.000000	1.000000	1.000000	229.000000	1.000000	1.000000	1.000000
1.000000	1.000000	1.000000	1.000000	1.000000	420.000000	1.000000	218.000000	212.000000	242.000000	1.000000	249.000000	242.000000	181.000000	1.000000	1.000000	1.000000	219.000000	1.000000	1.000000	249.000000
1.000000	1.000000	1.000000	1.000000	1.000000	239.000000	1.000000	1.000000	422.000000	653.000000	1.000000	249.000000	1.000000	201.000000	1.000000	1.000000	1.000000	217.000000	1.000000	1.000000	252.000000
1.000000	1.000000	1.000000	1.000000	196.000000	246.000000	1.000000	1.000000	654.000000	449.000000	243.000000	1.000000	1.000000	228.000000	406.000000	1.000000	1.000000	1.000000	1.000000	1.000000	237.000000
1.000000	1.000000	1.000000	187.000000	248.000000	1.000000	1.000000	1.000000	444.000000	224.000000	243.000000	1.000000	1.000000	182.000000	201.000000	204.000000	1.000000	1.000000	1.000000	1.000000	1.000000
1.000000	1.000000	1.000000	1.000000	1.000000	1.000000	1.000000	1.000000	1.000000	1.000000	1.000000	1.000000	1.000000	1.000000	1.000000	1.000000	1.000000	234.000000	1.000000	1.000000	1.000000
1.000000	1.000000	1.000000	1.000000	1.000000	1.000000	1.000000	1.000000	1.000000	1.000000	1.000000	1.000000	1.000000	1.000000	1.000000	1.000000	1.000000	1.000000	1.000000	1.000000	1.000000
1.000000	1.000000	1.000000	1.000000	1.000000	1.000000	1.000000	1.000000	1.000000	1.000000	1.000000	1.000000	1.000000	1.000000	1.000000	1.000000	1.000000	1.000000	1.000000	1.000000	1.000000
1.000000	1.000000	1.000000	1.000000	1.000000	1.000000	1.000000	1.000000	1.000000	1.000000	1.000000	1.000000	1.000000	1.000000	1.000000	1.000000	1.000000	1.000000	1.000000	1.000000	1.000000
1.000000	1.000000	1.000000	1.000000	1.000000	1.000000	1.000000	1.000000	1.000000	1.000000	1.000000	1.000000	1.000000	1.000000	1.000000	1.000000	1.000000	1.000000	1.000000	1.000000	1.000000
