21 25 0
1.000000	1.000000	1.000000	1.000000	1.000000	1.000000	1.000000	1.000000	1.000000	1.000000	1.000000	1.000000	1.000000	1.000000	1.000000	1.000000	1.000000	1.000000	1.000000	1.000000	1.000000
1.000000	1.000000	1.000000	1.000000	1.000000	1.000000	1.000000	1.000000	1.000000	1.000000	1.000000	1.000000	1.000000	1.000000	1.000000	1.000000	1.000000	1.000000	1.000000	1.000000	1.000000
1.000000	1.000000	1.000000	1.000000	1.000000	1.000000	1.000000	1.000000	1.000000	1.000000	1.000000	1.000000	1.000000	1.000000	1.000000	1.000000	1.000000	1.000000	1.000000	1.000000	1.000000
1.000000	1.000000	1.000000	1.000000	1.000000	1.000000	232.000000	1.000000	1.000000	1.000000	1.000000	1.000000	1.000000	1.000000	1.000000	1.000000	1.000000	1.000000	1.000000	1.000000	1.000000
1.000000	1.000000	1.000000	1.000000	1.000000	1.000000	1.000000	1.000000	1.000000	1.000000	1.000000	1.000000	1.000000	1.000000	1.000000	1.000000	1.000000	1.000000	1.000000	1.000000	1.000000
1.000000	1.000000	1.000000	1.000000	251.000000	1.000000	1.000000	1.000000	224.000000	228.000000	1.000000	1.000000	1.000000	1.000000	1.000000	1.000000	1.000000	1.000000	1.000000	1.000000	1.000000
1.000000	1.000000	1.000000	1.000000	252.000000	1.000000	1.000000	1.000000	224.000000	1131.000000	218.000000	1.000000	1.000000	1.000000	1.000000	1.000000	1.000000	1.000000	1.000000	1.000000	243.000000
1.000000	1.000000	1.000000	1.000000	1.000000	1.000000	1.000000	1.000000	681.000000	1143.000000	421.000000	194.000000	1.000000	205.000000	1.000000	1.000000	501.000000	1.000000	1.000000	1.000000	250.000000
1.000000	1.000000	1.000000	1.000000	1.000000	1.000000	1.000000	1.000000	662.000000	855.000000	1155.000000	448.000000	1.000000	455.000000	1.000000	254.000000	716.000000	246.000000	1.000000	1.000000	256.000000
1.000000	1.000000	1.000000	1.000000	1.000000	1.000000	1.000000	1.000000	247.000000	387.000000	1090.000000	224.000000	1.000000	1.000000	403.000000	229.000000	257.000000	1.000000	1.000000	1.000000	241.000000
1.000000	1.000000	1.000000	1.000000	1.000000	1.000000	1.000000	1.000000	1.000000	1.000000	839.000000	217.000000	1.000000	1.000000	202.000000	448.000000	1.000000	1.000000	1.000000	216.000000	1.000000
1.000000	1.000000	1.000000	1.000000	1.000000	1.000000	1.000000	1.000000	1.000000	206.000000	632.000000	249.000000	205.000000	1.000000	1.000000	190.000000	1.000000	1.000000	1.000000	235.000000	1.000000
1.000000	1.000000	1.000000	1.000000	1.000000	1.000000	185.000000	1.000000	1.000000	456.000000	679.000000	232.000000	1.000000	1.000000	1.000000	190.000000	212.000000	1.000000	1.000000	1.000000	1.000000
1.000000	1.000000	1.000000	1.000000	1.000000	1.000000	216.000000	1.000000	241.000000	254.000000	464.000000	233.000000	479.000000	230.000000	1.000000	1.000000	463.000000	1.000000	1.000000	1.000000	1.000000
1.000000	1.000000	1.000000	1.000000	1.000000	1.000000	1.000000	1.000000	1.000000	255.000000	1.000000	1.000000	921.000000	1.000000	209.000000	227.000000	452.000000	1.000000	1.000000	1.000000	1.000000
1.000000	1.000000	1.000000	1.000000	1.000000	1.000000	1.000000	1.000000	1.000000	1.000000	213.000000	194.000000	247.000000	1.000000	428.000000	948.000000	1.000000	1.000000	1.000000	1.000000	1.000000
1.000000	1.000000	1.000000	1.000000	184.000000	1.000000	1.000000	228.000000	1.000000	229.000000	213.000000	194.000000	207.000000	1.000000	452.000000	407.000000	241.000000	1.000000	1.000000	1.000000	1.000000
1.000000	1.000000	1.000000	1.000000	1.000000	1.000000	1.000000	239.000000	1.000000	229.000000	247.000000	195.000000	208.000000	1.000000	430.000000	204.000000	469.000000	1.000000	1.000000	252.000000	1.000000
1.000000	1.000000	1.000000	1.000000	1.000000	1.000000	447.000000	246.000000	1.000000	1.000000	247.000000	227.000000	410.000000	460.000000	1.000000	229.000000	461.000000	1.000000	1.000000	218.000000	1.000000
1.000000	1.000000	1.000000	1.000000	1.000000	1.000000	595.000000	214.000000	1.000000	1.000000	219.000000	444.000000	635.000000	439.000000	1.000000	225.000000	424.000000	1.000000	1.000000	1.000000	1.000000
1.000000	1.000000	1.000000	1.000000	1.000000	1.000000	1.000000	1.000000	1.000000	1.000000	1.000000	1.000000	1.000000	1.000000	1.000000	1.000000	235.000000	1.000000	1.000000	1.000000	1.000000
1.000000	1.000000	1.000000	1.000000	1.000000	1.000000	1.000000	1.000000	1.000000	1.000000	1.000000	1.000000	1.000000	1.000000	1.000000	1.000000	1.000000	1.000000	1.000000	1.000000	1.000000
1.000000	1.000000	1.000000	1.000000	1.000000	1.000000	1.000000	1.000000	1.000000	1.000000	1.000000	1.000000	1.000000	1.000000	1.000000	1.000000	1.000000	1.000000	1.000000	1.000000	1.000000
1.000000	1.000000	1.000000	1.000000	1.000000	1.000000	1.000000	1.000000	1.000000	1.000000	1.000000	1.000000	1.000000	1.000000	1.000000	1.000000	1.000000	1.000000	1.000000	1.000000	1.000000
1.000000	1.000000	1.000000	1.000000	1.000000	1.000000	1.000000	1.000000	1.000000	1.000000	1.000000	1.000000	1.000000	1.000000	1.000000	1.000000	1.000000	1.000000	1.000000	1.000000	1.000000
