21 25 0
1.000000	1.000000	1.000000	1.000000	1.000000	1.000000	1.000000	1.000000	1.000000	1.000000	1.000000	1.000000	589.000000	1215.000000	583.000000	1.000000	1.000000	1.000000	192.000000	1.000000	1.000000
1.000000	1.000000	1.000000	1.000000	1.000000	1.000000	1.000000	1.000000	1.000000	1.000000	1.000000	1.000000	197.000000	424.000000	196.000000	1.000000	1.000000	1.000000	192.000000	1.000000	1.000000
1.000000	1.000000	1.000000	1.000000	1.000000	1.000000	1.000000	1.000000	1.000000	1.000000	1.000000	1.000000	1.000000	1.000000	1.000000	1.000000	240.000000	1.000000	1.000000	1.000000	1.000000
1.000000	1.000000	1.000000	1.000000	1.000000	1.000000	1.000000	1.000000	1.000000	1.000000	1.000000	1.000000	1.000000	1.000000	1.000000	1.000000	245.000000	1.000000	1.000000	1.000000	1.000000
1.000000	1.000000	1.000000	1.000000	200.000000	208.000000	1.000000	1.000000	1.000000	1.000000	1.000000	555.000000	1.000000	1.000000	1.000000	1.000000	256.000000	192.000000	1.000000	493.000000	1.000000
1.000000	1.000000	1.000000	1.000000	201.000000	208.000000	1.000000	1.000000	1.000000	1.000000	1.000000	1.000000	1.000000	1.000000	1.000000	250.000000	256.000000	243.000000	239.000000	494.000000	1.000000
1.000000	1.000000	1.000000	1.000000	1.000000	1.000000	1.000000	1.000000	197.000000	1.000000	202.000000	1.000000	1.000000	1.000000	1.000000	250.000000	497.000000	1.000000	248.000000	1.000000	1.000000
1.000000	1.000000	1.000000	1.000000	210.000000	1.000000	1.000000	1.000000	416.000000	448.000000	250.000000	196.000000	1.000000	672.000000	1.000000	238.000000	756.000000	1.000000	232.000000	1.000000	210.000000
1.000000	1.000000	1.000000	1.000000	217.000000	1.000000	1.000000	1.000000	720.000000	1435.000000	455.000000	1.000000	247.000000	421.000000	1.000000	238.000000	634.000000	458.000000	242.000000	1.000000	188.000000
1.000000	1.000000	1.000000	1.000000	1.000000	1.000000	1.000000	1.000000	691.000000	1396.000000	435.000000	1.000000	237.000000	1.000000	1.000000	633.000000	600.000000	1.000000	219.000000	1.000000	1.000000
1.000000	1.000000	1.000000	202.000000	1.000000	1.000000	189.000000	1.000000	649.000000	1293.000000	211.000000	1.000000	1.000000	422.000000	208.000000	633.000000	211.000000	1.000000	1.000000	1.000000	1.000000
1.000000	1.000000	1.000000	187.000000	1.000000	1.000000	1.000000	1.000000	206.000000	1220.000000	181.000000	1.000000	1.000000	186.000000	461.000000	1.000000	1.000000	1.000000	1.000000	1.000000	1.000000
1.000000	1.000000	1.000000	1.000000	214.000000	1.000000	1.000000	1.000000	248.000000	1739.000000	243.000000	1.000000	422.000000	188.000000	1.000000	1.000000	1.000000	1.000000	1.000000	1.000000	1.000000
1.000000	1.000000	1.000000	182.000000	1.000000	1.000000	399.000000	1.000000	252.000000	1366.000000	255.000000	1.000000	1287.000000	191.000000	1.000000	1.000000	1.000000	1.000000	1.000000	1.000000	191.000000
1.000000	1.000000	1.000000	184.000000	1.000000	1.000000	387.000000	1.000000	222.000000	1374.000000	237.000000	1.000000	975.000000	1139.000000	1.000000	447.000000	376.000000	1.000000	221.000000	1.000000	1.000000
1.000000	1.000000	1.000000	1.000000	1.000000	1.000000	1.000000	1.000000	222.000000	1609.000000	1.000000	1.000000	750.000000	503.000000	1.000000	655.000000	668.000000	1.000000	1.000000	1.000000	1.000000
1.000000	1.000000	1.000000	1.000000	1.000000	1.000000	1.000000	1.000000	223.000000	969.000000	1.000000	1.000000	1.000000	1.000000	1.000000	1.000000	181.000000	227.000000	1.000000	1.000000	1.000000
1.000000	1.000000	1.000000	1.000000	184.000000	1.000000	1.000000	1.000000	1.000000	199.000000	1.000000	1.000000	1.000000	1.000000	1.000000	1.000000	1.000000	1.000000	1.000000	1.000000	1.000000
1.000000	1.000000	1.000000	1.000000	1.000000	1.000000	1.000000	1.000000	1.000000	1.000000	1.000000	1.000000	1.000000	1.000000	1.000000	1.000000	1.000000	1.000000	1.000000	1.000000	1.000000
1.000000	1.000000	1.000000	1.000000	1.000000	1.000000	1.000000	1.000000	1.000000	1.000000	1.000000	1.000000	1.000000	1.000000	1.000000	1.000000	1.000000	1.000000	1.000000	1.000000	1.000000
1.000000	1.000000	1.000000	1.000000	1.000000	1.000000	1.000000	1.000000	1.000000	1.000000	1.000000	1.000000	1.000000	1.000000	1.000000	1.000000	1.000000	1.000000	1.000000	1.000000	1.000000
1.000000	1.000000	1.000000	1.000000	1.000000	1.000000	1.000000	1.000000	1.000000	1.000000	1.000000	1.000000	1.000000	1.000000	1.000000	1.000000	1.000000	1.000000	1.000000	1.000000	1.000000
1.000000	1.000000	1.000000	1.000000	1.000000	1.000000	1.000000	1.000000	1.000000	1.000000	1.000000	1.000000	1.000000	1.000000	1.000000	1.000000	1.000000	1.000000	1.000000	1.000000	1.000000
1.000000	1.000000	1.000000	1.000000	1.000000	1.000000	1.000000	1.000000	1.000000	1.000000	1.000000	1.000000	1.000000	1.000000	1.000000	1.000000	1.000000	1.000000	1.000000	1.000000	1.000000
1.000000	1.000000	1.000000	1.000000	1.000000	1.000000	1.000000	1.000000	1.000000	1.000000	1.000000	1.000000	1.000000	1.000000	1.000000	1.000000	1.000000	1.000000	1.000000	1.000000	1.000000
