21 25 0
1.000000	1.000000	1.000000	1.000000	1.000000	1.000000	1.000000	1.000000	1.000000	1.000000	1.000000	190.000000	402.000000	1065.000000	1019.000000	1.000000	1.000000	1.000000	1.000000	1.000000	1.000000
1.000000	1.000000	1.000000	1.000000	1.000000	1.000000	1.000000	1.000000	1.000000	1.000000	1.000000	1.000000	197.000000	206.000000	196.000000	1.000000	1.000000	1.000000	1.000000	1.000000	1.000000
1.000000	1.000000	1.000000	1.000000	1.000000	1.000000	1.000000	1.000000	1.000000	1.000000	1.000000	1.000000	1.000000	1.000000	1.000000	1.000000	1.000000	1.000000	1.000000	1.000000	1.000000
1.000000	1.000000	1.000000	1.000000	1.000000	1.000000	1.000000	1.000000	1.000000	1.000000	192.000000	1.000000	1.000000	1.000000	1.000000	1.000000	1.000000	1.000000	1.000000	1.000000	1.000000
1.000000	1.000000	1.000000	1.000000	201.000000	1.000000	1.000000	1.000000	1.000000	1.000000	1.000000	376.000000	426.000000	198.000000	606.000000	435.000000	255.000000	1.000000	704.000000	457.000000	1.000000
1.000000	1.000000	1.000000	1.000000	1.000000	421.000000	406.000000	178.000000	202.000000	202.000000	1.000000	411.000000	412.000000	1.000000	411.000000	440.000000	451.000000	251.000000	240.000000	489.000000	1.000000
1.000000	1.000000	1.000000	1.000000	1.000000	1.000000	191.000000	1.000000	1.000000	190.000000	1.000000	1.000000	408.000000	209.000000	223.000000	439.000000	239.000000	1.000000	251.000000	1.000000	1.000000
1.000000	1.000000	1.000000	1.000000	1.000000	1.000000	230.000000	641.000000	423.000000	181.000000	1.000000	1.000000	1.000000	1.000000	1.000000	429.000000	477.000000	239.000000	1.000000	1.000000	1.000000
1.000000	1.000000	1.000000	1.000000	1.000000	1.000000	1.000000	241.000000	910.000000	608.000000	1.000000	492.000000	1.000000	1.000000	1.000000	1.000000	215.000000	237.000000	242.000000	1.000000	1.000000
1.000000	1.000000	1.000000	1.000000	1.000000	1.000000	1.000000	1.000000	212.000000	1191.000000	253.000000	1.000000	254.000000	1.000000	1.000000	1.000000	1.000000	1.000000	205.000000	1.000000	188.000000
1.000000	1.000000	1.000000	208.000000	1.000000	1.000000	1.000000	1.000000	1.000000	212.000000	181.000000	1.000000	1.000000	1.000000	1.000000	1.000000	1.000000	1.000000	1.000000	1.000000	1.000000
1.000000	1.000000	1.000000	187.000000	1.000000	1.000000	1.000000	1.000000	1.000000	1.000000	1.000000	1.000000	1.000000	481.000000	470.000000	1.000000	1.000000	1.000000	1.000000	1.000000	1.000000
1.000000	1.000000	1.000000	1.000000	1.000000	1.000000	1.000000	1.000000	254.000000	191.000000	1.000000	1.000000	1.000000	1.000000	233.000000	454.000000	1.000000	1.000000	1.000000	1.000000	1.000000
1.000000	1.000000	1.000000	1.000000	1.000000	1.000000	1.000000	1.000000	970.000000	1604.000000	255.000000	1.000000	1302.000000	1.000000	1.000000	406.000000	408.000000	1.000000	1.000000	1.000000	1.000000
1.000000	1.000000	1.000000	182.000000	1.000000	1.000000	486.000000	420.000000	252.000000	1446.000000	442.000000	219.000000	1413.000000	1655.000000	655.000000	449.000000	379.000000	1.000000	1.000000	1.000000	1.000000
1.000000	1.000000	1.000000	1.000000	1.000000	1.000000	1.000000	1.000000	1.000000	252.000000	1.000000	1.000000	1.000000	755.000000	950.000000	1296.000000	1073.000000	586.000000	1.000000	1.000000	1.000000
1.000000	1.000000	1.000000	1.000000	1.000000	1.000000	1.000000	1.000000	1.000000	1.000000	1.000000	1.000000	1.000000	1.000000	1.000000	1.000000	218.000000	815.000000	196.000000	1.000000	1.000000
1.000000	1.000000	1.000000	1.000000	1.000000	1.000000	1.000000	1.000000	1.000000	1.000000	1.000000	1.000000	1.000000	1.000000	1.000000	1.000000	1.000000	1.000000	1.000000	1.000000	1.000000
1.000000	1.000000	1.000000	1.000000	1.000000	1.000000	1.000000	1.000000	1.000000	1.000000	1.000000	1.000000	1.000000	1.000000	1.000000	1.000000	1.000000	1.000000	1.000000	1.000000	1.000000
1.000000	1.000000	1.000000	1.000000	1.000000	1.000000	1.000000	1.000000	1.000000	1.000000	1.000000	1.000000	1.000000	1.000000	1.000000	1.000000	1.000000	1.000000	1.000000	1.000000	1.000000
1.000000	1.000000	1.000000	1.000000	1.000000	1.000000	1.000000	1.000000	1.000000	1.000000	1.000000	1.000000	1.000000	1.000000	1.000000	1.000000	1.000000	1.000000	1.000000	1.000000	1.000000
1.000000	1.000000	1.000000	1.000000	1.000000	1.000000	1.000000	1.000000	1.000000	1.000000	1.000000	1.000000	1.000000	1.000000	1.000000	1.000000	1.000000	1.000000	1.000000	1.000000	1.000000
1.000000	1.000000	1.000000	1.000000	1.000000	1.000000	1.000000	1.000000	1.000000	1.000000	1.000000	1.000000	1.000000	1.000000	1.000000	1.000000	1.000000	1.000000	1.000000	1.000000	1.000000
1.000000	1.000000	1.000000	1.000000	1.000000	1.000000	1.000000	1.000000	1.000000	1.000000	1.000000	1.000000	1.000000	1.000000	1.000000	1.000000	1.000000	1.000000	1.000000	1.000000	1.000000
1.000000	1.000000	1.000000	1.000000	1.000000	1.000000	1.000000	1.000000	1.000000	1.000000	1.000000	1.000000	1.000000	1.000000	1.000000	1.000000	1.000000	1.000000	1.000000	1.000000	1.000000
