21 25 0
1.000000	1.000000	1.000000	1.000000	185.000000	1.000000	1.000000	179.000000	191.000000	415.000000	367.000000	1.000000	1.000000	1.000000	1.000000	224.000000	571.000000	390.000000	1.000000	1.000000	1.000000
1.000000	1.000000	1.000000	1.000000	1.000000	1.000000	1.000000	1.000000	1.000000	1.000000	390.000000	367.000000	214.000000	1.000000	1.000000	1.000000	1.000000	1.000000	1.000000	1.000000	203.000000
1.000000	1.000000	1.000000	1.000000	1.000000	1.000000	1.000000	1.000000	1.000000	1.000000	1.000000	578.000000	592.000000	408.000000	1.000000	1.000000	1.000000	1.000000	216.000000	194.000000	1.000000
1.000000	1.000000	1.000000	1.000000	1.000000	1.000000	1.000000	1.000000	1.000000	1.000000	1.000000	1.000000	188.000000	1.000000	1.000000	1.000000	1.000000	1.000000	237.000000	454.000000	224.000000
1.000000	1.000000	1.000000	1.000000	1.000000	1.000000	1.000000	1.000000	381.000000	1.000000	1.000000	1.000000	1.000000	1.000000	1.000000	1.000000	1.000000	1.000000	244.000000	1.000000	236.000000
1.000000	1.000000	1.000000	1.000000	1.000000	1.000000	1.000000	1.000000	1.000000	184.000000	1.000000	1.000000	1.000000	1.000000	1.000000	1.000000	1.000000	495.000000	1.000000	1.000000	1.000000
1.000000	1.000000	1.000000	1.000000	1.000000	229.000000	1.000000	1.000000	1.000000	1.000000	184.000000	1.000000	1.000000	1.000000	204.000000	1.000000	1.000000	1.000000	496.000000	1.000000	1.000000
1.000000	1.000000	1.000000	1.000000	1.000000	1.000000	1.000000	1.000000	1.000000	1.000000	414.000000	907.000000	705.000000	414.000000	218.000000	204.000000	1.000000	190.000000	1.000000	1.000000	1.000000
1.000000	1.000000	1.000000	226.000000	212.000000	1.000000	217.000000	1.000000	1.000000	1.000000	247.000000	750.000000	690.000000	461.000000	199.000000	1.000000	1.000000	1.000000	1.000000	1.000000	1.000000
1.000000	1.000000	1.000000	1.000000	415.000000	206.000000	647.000000	823.000000	1.000000	1.000000	442.000000	855.000000	1066.000000	1.000000	1.000000	191.000000	1.000000	206.000000	1.000000	1.000000	1.000000
1.000000	1.000000	1.000000	1.000000	1.000000	1.000000	207.000000	195.000000	1.000000	1.000000	201.000000	616.000000	596.000000	593.000000	588.000000	418.000000	1.000000	423.000000	1.000000	1.000000	1.000000
1.000000	1.000000	1.000000	1.000000	1.000000	1.000000	202.000000	196.000000	179.000000	1.000000	215.000000	426.000000	1.000000	219.000000	202.000000	1.000000	1.000000	1.000000	1.000000	1.000000	1.000000
1.000000	1.000000	1.000000	1.000000	1.000000	1.000000	1.000000	1.000000	1.000000	1.000000	1.000000	1.000000	1.000000	256.000000	1.000000	1.000000	1.000000	1.000000	1.000000	1.000000	1.000000
1.000000	1.000000	1.000000	1.000000	1.000000	1.000000	1.000000	1.000000	1.000000	1.000000	1.000000	1.000000	1.000000	1.000000	1.000000	1.000000	1.000000	1.000000	1.000000	1.000000	1.000000
1.000000	1.000000	1.000000	1.000000	1.000000	1.000000	1.000000	204.000000	1.000000	1.000000	1.000000	1.000000	1.000000	1.000000	1.000000	1.000000	217.000000	213.000000	1.000000	1.000000	1.000000
1.000000	1.000000	1.000000	1.000000	414.000000	202.000000	1.000000	1.000000	1.000000	1.000000	228.000000	916.000000	252.000000	1.000000	1.000000	1.000000	1.000000	1.000000	1.000000	1.000000	1.000000
1.000000	1.000000	1.000000	1.000000	501.000000	192.000000	807.000000	701.000000	425.000000	451.000000	197.000000	1226.000000	1590.000000	1262.000000	921.000000	1.000000	1.000000	1.000000	1.000000	1.000000	1.000000
1.000000	1.000000	1.000000	184.000000	1.000000	1.000000	198.000000	209.000000	1.000000	1.000000	1.000000	1.000000	1.000000	1.000000	1.000000	208.000000	1.000000	1.000000	1.000000	1.000000	1.000000
1.000000	1.000000	1.000000	1.000000	1.000000	1.000000	1.000000	1.000000	1.000000	1.000000	1.000000	1.000000	1.000000	1.000000	1.000000	1.000000	1.000000	1.000000	1.000000	1.000000	1.000000
1.000000	1.000000	1.000000	1.000000	1.000000	1.000000	1.000000	1.000000	1.000000	1.000000	1.000000	1.000000	1.000000	1.000000	1.000000	1.000000	1.000000	1.000000	1.000000	1.000000	1.000000
1.000000	1.000000	1.000000	1.000000	1.000000	1.000000	1.000000	1.000000	1.000000	1.000000	1.000000	1.000000	1.000000	1.000000	1.000000	1.000000	1.000000	1.000000	1.000000	1.000000	1.000000
1.000000	1.000000	1.000000	1.000000	1.000000	1.000000	1.000000	1.000000	1.000000	1.000000	1.000000	1.000000	1.000000	1.000000	1.000000	1.000000	1.000000	1.000000	1.000000	1.000000	1.000000
1.000000	1.000000	1.000000	1.000000	1.000000	1.000000	1.000000	1.000000	1.000000	1.000000	1.000000	1.000000	1.000000	1.000000	1.000000	1.000000	1.000000	1.000000	1.000000	1.000000	1.000000
1.000000	1.000000	1.000000	1.000000	1.000000	1.000000	1.000000	1.000000	1.000000	1.000000	1.000000	1.000000	1.000000	1.000000	1.000000	1.000000	1.000000	1.000000	1.000000	1.000000	1.000000
1.000000	1.000000	1.000000	1.000000	1.000000	1.000000	1.000000	1.000000	1.000000	1.000000	1.000000	1.000000	1.000000	1.000000	1.000000	1.000000	1.000000	1.000000	1.000000	1.000000	1.000000
