21 25 0
1.000000	1.000000	1.000000	1.000000	443.000000	178.000000	178.000000	180.000000	1.000000	1.000000	1.000000	190.000000	189.000000	195.000000	195.000000	194.000000	193.000000	187.000000	187.000000	187.000000	1.000000
1.000000	1.000000	1.000000	1.000000	1.000000	1.000000	1.000000	1.000000	1.000000	187.000000	213.000000	397.000000	610.000000	385.000000	1.000000	1.000000	1.000000	1.000000	1.000000	1.000000	1.000000
1.000000	1.000000	1.000000	1.000000	1.000000	1.000000	197.000000	199.000000	1.000000	1.000000	1.000000	1162.000000	1422.000000	964.000000	191.000000	1.000000	1.000000	1.000000	1.000000	1.000000	1.000000
1.000000	1.000000	1.000000	193.000000	1.000000	217.000000	407.000000	593.000000	1.000000	194.000000	1.000000	205.000000	198.000000	375.000000	443.000000	403.000000	912.000000	432.000000	1.000000	476.000000	243.000000
1.000000	1.000000	1.000000	1.000000	1.000000	1.000000	212.000000	205.000000	200.000000	1.000000	1.000000	1.000000	1.000000	1.000000	1.000000	1.000000	1.000000	1.000000	239.000000	1.000000	222.000000
1.000000	1.000000	1.000000	1.000000	1.000000	1.000000	229.000000	1.000000	1.000000	1.000000	1.000000	1.000000	1.000000	1.000000	1.000000	1.000000	1.000000	1.000000	1.000000	1.000000	1.000000
1.000000	1.000000	1.000000	1.000000	200.000000	437.000000	1.000000	1.000000	1.000000	1.000000	185.000000	370.000000	230.000000	1.000000	1.000000	254.000000	1.000000	1.000000	488.000000	1.000000	1.000000
1.000000	1.000000	1.000000	1.000000	1.000000	1.000000	1.000000	1.000000	1.000000	1.000000	234.000000	439.000000	207.000000	1.000000	1.000000	219.000000	1.000000	1.000000	1.000000	194.000000	220.000000
1.000000	1.000000	1.000000	213.000000	212.000000	415.000000	454.000000	195.000000	1.000000	1.000000	1.000000	1.000000	437.000000	1.000000	228.000000	1175.000000	648.000000	405.000000	183.000000	1.000000	1.000000
1.000000	1.000000	1.000000	1.000000	207.000000	417.000000	1156.000000	1272.000000	603.000000	214.000000	196.000000	1.000000	438.000000	385.000000	439.000000	1085.000000	910.000000	1.000000	1.000000	1.000000	1.000000
1.000000	1.000000	1.000000	1.000000	1.000000	1.000000	196.000000	211.000000	247.000000	1.000000	1.000000	1.000000	875.000000	1472.000000	1493.000000	667.000000	420.000000	1.000000	1.000000	1.000000	1.000000
1.000000	1.000000	1.000000	1.000000	1.000000	232.000000	205.000000	205.000000	180.000000	398.000000	427.000000	426.000000	1.000000	202.000000	202.000000	1.000000	1.000000	1.000000	1.000000	1.000000	1.000000
1.000000	1.000000	1.000000	1.000000	1.000000	1.000000	1.000000	1.000000	231.000000	472.000000	226.000000	1.000000	1.000000	223.000000	1.000000	1.000000	1.000000	1.000000	1.000000	1.000000	1.000000
1.000000	1.000000	1.000000	1.000000	1.000000	1.000000	1.000000	1.000000	1.000000	1.000000	1.000000	1.000000	1.000000	704.000000	425.000000	413.000000	378.000000	1.000000	1.000000	1.000000	1.000000
1.000000	1.000000	1.000000	1.000000	1.000000	1.000000	1.000000	1.000000	1.000000	1.000000	1.000000	1.000000	1.000000	1.000000	1.000000	1.000000	1.000000	1.000000	1.000000	1.000000	1.000000
1.000000	1.000000	1.000000	1.000000	1.000000	223.000000	223.000000	1.000000	395.000000	834.000000	644.000000	1108.000000	483.000000	1.000000	1.000000	1.000000	218.000000	1.000000	1.000000	1.000000	1.000000
1.000000	1.000000	1.000000	1.000000	205.000000	499.000000	696.000000	1163.000000	1625.000000	689.000000	437.000000	1659.000000	1681.000000	1653.000000	1633.000000	1305.000000	227.000000	1.000000	1.000000	1.000000	1.000000
1.000000	1.000000	1.000000	1.000000	1.000000	1.000000	209.000000	192.000000	1.000000	1.000000	1.000000	1.000000	1.000000	219.000000	219.000000	218.000000	1.000000	1.000000	1.000000	1.000000	1.000000
1.000000	1.000000	1.000000	1.000000	1.000000	1.000000	1.000000	1.000000	1.000000	1.000000	1.000000	1.000000	1.000000	1.000000	1.000000	1.000000	1.000000	1.000000	1.000000	1.000000	1.000000
1.000000	1.000000	1.000000	1.000000	1.000000	1.000000	1.000000	1.000000	1.000000	1.000000	1.000000	1.000000	1.000000	1.000000	1.000000	1.000000	1.000000	1.000000	1.000000	1.000000	1.000000
1.000000	1.000000	1.000000	1.000000	1.000000	1.000000	1.000000	1.000000	1.000000	1.000000	1.000000	1.000000	1.000000	1.000000	1.000000	1.000000	1.000000	1.000000	1.000000	1.000000	1.000000
1.000000	1.000000	1.000000	1.000000	1.000000	1.000000	1.000000	1.000000	1.000000	1.000000	1.000000	1.000000	1.000000	1.000000	1.000000	1.000000	1.000000	1.000000	1.000000	1.000000	1.000000
1.000000	1.000000	1.000000	1.000000	1.000000	1.000000	1.000000	1.000000	1.000000	1.000000	1.000000	1.000000	1.000000	1.000000	1.000000	1.000000	1.000000	1.000000	1.000000	1.000000	1.000000
1.000000	1.000000	1.000000	1.000000	1.000000	1.000000	1.000000	1.000000	1.000000	1.000000	1.000000	1.000000	1.000000	1.000000	1.000000	1.000000	1.000000	1.000000	1.000000	1.000000	1.000000
1.000000	1.000000	1.000000	1.000000	1.000000	1.000000	1.000000	1.000000	1.000000	1.000000	1.000000	1.000000	1.000000	1.000000	1.000000	1.000000	1.000000	1.000000	1.000000	1.000000	1.000000
