21 25 0
1.000000	1.000000	1.000000	1.000000	1.000000	1.000000	1.000000	219.000000	1.000000	1.000000	192.000000	758.000000	603.000000	406.000000	203.000000	1.000000	1.000000	1.000000	1.000000	1.000000	1.000000
1.000000	1.000000	1.000000	1.000000	1.000000	1.000000	1.000000	180.000000	180.000000	1.000000	1.000000	1.000000	179.000000	198.000000	174.000000	1.000000	218.000000	1.000000	1.000000	1.000000	1.000000
1.000000	1.000000	1.000000	242.000000	1.000000	1.000000	178.000000	1.000000	1.000000	1.000000	1.000000	1.000000	1.000000	1.000000	1.000000	1.000000	1.000000	1.000000	187.000000	1.000000	1.000000
1.000000	1.000000	1.000000	1.000000	1.000000	1.000000	1.000000	1.000000	1.000000	1.000000	1.000000	1.000000	1.000000	1.000000	1.000000	1.000000	1.000000	1.000000	1.000000	1.000000	1.000000
1.000000	1.000000	1.000000	1.000000	1.000000	1.000000	1.000000	1.000000	1.000000	1.000000	1.000000	1.000000	1.000000	1.000000	1.000000	1.000000	1.000000	1.000000	1.000000	1.000000	1.000000
1.000000	1.000000	1.000000	1.000000	1.000000	643.000000	1288.000000	649.000000	1.000000	1.000000	1.000000	1.000000	1.000000	396.000000	812.000000	773.000000	225.000000	1.000000	1.000000	1.000000	1.000000
1.000000	1.000000	1.000000	1.000000	199.000000	1274.000000	1881.000000	1882.000000	1621.000000	763.000000	1.000000	218.000000	1066.000000	1548.000000	1602.000000	1563.000000	679.000000	197.000000	1.000000	1.000000	1.000000
1.000000	1.000000	1.000000	379.000000	379.000000	411.000000	449.000000	427.000000	453.000000	202.000000	1.000000	184.000000	869.000000	1111.000000	960.000000	889.000000	215.000000	531.000000	179.000000	1.000000	1.000000
1.000000	1.000000	1.000000	1.000000	1.000000	1.000000	1.000000	1.000000	1.000000	1.000000	1.000000	1.000000	1.000000	1.000000	1.000000	1.000000	1.000000	1.000000	1.000000	1.000000	1.000000
1.000000	1.000000	1.000000	1.000000	1.000000	1.000000	1.000000	1.000000	1.000000	1.000000	1.000000	1.000000	1.000000	1.000000	1.000000	1.000000	1.000000	1.000000	1.000000	1.000000	1.000000
1.000000	1.000000	1.000000	397.000000	1.000000	1.000000	1.000000	1.000000	1.000000	1.000000	1.000000	1.000000	1.000000	1.000000	1.000000	189.000000	204.000000	206.000000	1.000000	1.000000	1.000000
1.000000	1.000000	1.000000	375.000000	184.000000	192.000000	404.000000	784.000000	447.000000	411.000000	410.000000	638.000000	648.000000	649.000000	212.000000	1.000000	568.000000	1.000000	1.000000	1.000000	1.000000
1.000000	1.000000	1.000000	1.000000	176.000000	180.000000	583.000000	420.000000	1208.000000	1688.000000	1666.000000	1578.000000	1255.000000	1016.000000	839.000000	448.000000	180.000000	1.000000	1.000000	1.000000	1.000000
1.000000	1.000000	1.000000	1.000000	1.000000	1.000000	1.000000	1.000000	251.000000	492.000000	932.000000	651.000000	181.000000	1.000000	1.000000	183.000000	524.000000	1.000000	1.000000	1.000000	1.000000
1.000000	1.000000	1.000000	1.000000	1.000000	1.000000	1.000000	1.000000	1.000000	1.000000	1.000000	1.000000	1.000000	1.000000	1.000000	1.000000	1.000000	1.000000	1.000000	1.000000	1.000000
1.000000	1.000000	1.000000	1.000000	1.000000	168.000000	729.000000	1398.000000	1432.000000	944.000000	980.000000	459.000000	1335.000000	1545.000000	1136.000000	191.000000	1.000000	1.000000	1.000000	1.000000	1.000000
1.000000	1.000000	1.000000	1.000000	1.000000	1.000000	1.000000	639.000000	673.000000	720.000000	513.000000	503.000000	680.000000	683.000000	616.000000	1.000000	1.000000	1.000000	1.000000	1.000000	1.000000
1.000000	1.000000	1.000000	1.000000	1.000000	1.000000	1.000000	1.000000	1.000000	1.000000	246.000000	1.000000	1.000000	1.000000	1.000000	1.000000	1.000000	1.000000	207.000000	1.000000	1.000000
1.000000	1.000000	1.000000	1.000000	1.000000	1.000000	1.000000	1.000000	1.000000	1.000000	1.000000	1.000000	1.000000	1.000000	1.000000	1.000000	1.000000	1.000000	1.000000	1.000000	1.000000
1.000000	1.000000	1.000000	1.000000	1.000000	1.000000	1.000000	1.000000	1.000000	1.000000	1.000000	1.000000	1.000000	1.000000	1.000000	1.000000	1.000000	1.000000	1.000000	1.000000	1.000000
1.000000	1.000000	1.000000	1.000000	1.000000	1.000000	1.000000	1.000000	1.000000	1.000000	1.000000	1.000000	1.000000	1.000000	1.000000	1.000000	1.000000	1.000000	1.000000	1.000000	1.000000
1.000000	1.000000	1.000000	1.000000	1.000000	1.000000	1.000000	1.000000	1.000000	1.000000	1.000000	1.000000	1.000000	1.000000	1.000000	1.000000	1.000000	1.000000	1.000000	1.000000	1.000000
1.000000	1.000000	1.000000	1.000000	1.000000	1.000000	1.000000	1.000000	1.000000	1.000000	1.000000	1.000000	1.000000	1.000000	1.000000	1.000000	1.000000	1.000000	1.000000	1.000000	1.000000
1.000000	1.000000	1.000000	1.000000	1.000000	1.000000	1.000000	1.000000	1.000000	1.000000	1.000000	1.000000	1.000000	1.000000	1.000000	1.000000	1.000000	1.000000	1.000000	1.000000	1.000000
1.000000	1.000000	1.000000	1.000000	1.000000	1.000000	1.000000	1.000000	1.000000	1.000000	1.000000	1.000000	1.000000	1.000000	1.000000	1.000000	1.000000	1.000000	1.000000	1.000000	1.000000
