21 25 0
1.000000	1.000000	1.000000	1.000000	232.000000	1.000000	1.000000	1079.000000	1.000000	1.000000	1.000000	1.000000	1.000000	1.000000	1.000000	459.000000	899.000000	207.000000	1.000000	1.000000	1.000000
1.000000	1.000000	1.000000	410.000000	636.000000	1.000000	1.000000	1265.000000	185.000000	1.000000	1.000000	1.000000	1.000000	1.000000	1.000000	404.000000	835.000000	829.000000	1.000000	1.000000	1.000000
1.000000	1.000000	1.000000	435.000000	203.000000	1.000000	1.000000	1.000000	1.000000	1.000000	1.000000	1.000000	1.000000	1.000000	1.000000	1.000000	431.000000	870.000000	1.000000	1.000000	1.000000
1.000000	1.000000	1.000000	1.000000	1.000000	1.000000	1.000000	1.000000	1.000000	1.000000	1.000000	1.000000	1.000000	1.000000	1.000000	1.000000	223.000000	847.000000	1.000000	1.000000	1.000000
1.000000	1.000000	1.000000	1.000000	1.000000	1.000000	1.000000	1.000000	1.000000	1.000000	1.000000	1.000000	1.000000	1.000000	1.000000	1.000000	1.000000	594.000000	250.000000	1.000000	1.000000
1.000000	1.000000	1.000000	1.000000	1.000000	1.000000	1.000000	1.000000	1.000000	1.000000	1.000000	1.000000	1.000000	178.000000	1.000000	1.000000	1.000000	1.000000	187.000000	1.000000	1.000000
1.000000	1.000000	1.000000	229.000000	188.000000	1.000000	1.000000	1.000000	1.000000	1.000000	1.000000	1.000000	1.000000	403.000000	1.000000	1.000000	1.000000	1.000000	1.000000	1.000000	1.000000
1.000000	1.000000	1.000000	229.000000	208.000000	424.000000	415.000000	1.000000	215.000000	1.000000	619.000000	1317.000000	1.000000	226.000000	1.000000	1.000000	1.000000	1.000000	1.000000	1.000000	1.000000
1.000000	1.000000	1.000000	734.000000	405.000000	1.000000	645.000000	1.000000	405.000000	1.000000	876.000000	1875.000000	242.000000	494.000000	1.000000	1.000000	1.000000	1.000000	1.000000	1.000000	1.000000
1.000000	1.000000	1.000000	734.000000	592.000000	1.000000	206.000000	1.000000	576.000000	1.000000	861.000000	1367.000000	243.000000	1.000000	218.000000	1.000000	1.000000	1.000000	1.000000	1.000000	1.000000
1.000000	1.000000	1.000000	430.000000	399.000000	1.000000	1.000000	372.000000	385.000000	1.000000	589.000000	215.000000	212.000000	1.000000	1.000000	1.000000	196.000000	1.000000	1.000000	1.000000	1.000000
1.000000	1.000000	1.000000	1.000000	1.000000	1.000000	1.000000	565.000000	380.000000	217.000000	591.000000	643.000000	209.000000	1.000000	1.000000	1.000000	202.000000	1.000000	1.000000	1.000000	1.000000
1.000000	1.000000	1.000000	1.000000	1.000000	1.000000	1.000000	580.000000	847.000000	1.000000	439.000000	686.000000	212.000000	1.000000	211.000000	1.000000	1.000000	1.000000	1.000000	1.000000	1.000000
1.000000	1.000000	1.000000	1.000000	1.000000	1.000000	1.000000	201.000000	868.000000	224.000000	234.000000	251.000000	1.000000	1.000000	204.000000	171.000000	188.000000	1.000000	1.000000	1.000000	1.000000
1.000000	1.000000	1.000000	1.000000	1.000000	1.000000	1.000000	1.000000	456.000000	1.000000	1.000000	1.000000	1.000000	1.000000	1.000000	554.000000	189.000000	1.000000	1.000000	1.000000	1.000000
1.000000	1.000000	1.000000	205.000000	1.000000	1.000000	1.000000	1.000000	1.000000	1.000000	502.000000	1.000000	1.000000	1.000000	1.000000	548.000000	188.000000	1.000000	1.000000	1.000000	1.000000
1.000000	1.000000	1.000000	1.000000	1.000000	1.000000	219.000000	174.000000	1.000000	1.000000	744.000000	244.000000	238.000000	1.000000	1.000000	1.000000	177.000000	1.000000	1.000000	1.000000	1.000000
1.000000	1.000000	1.000000	1.000000	1.000000	1.000000	220.000000	1.000000	1.000000	1.000000	1.000000	183.000000	492.000000	1.000000	1.000000	1.000000	1.000000	1.000000	208.000000	1.000000	1.000000
1.000000	1.000000	1.000000	1.000000	1.000000	1.000000	1.000000	1.000000	1.000000	1.000000	1.000000	1.000000	254.000000	1.000000	1.000000	1.000000	1.000000	1.000000	1.000000	1.000000	1.000000
1.000000	1.000000	1.000000	1.000000	1.000000	1.000000	1.000000	1.000000	1.000000	1.000000	1.000000	1.000000	1.000000	1.000000	1.000000	1.000000	1.000000	1.000000	1.000000	1.000000	1.000000
1.000000	1.000000	1.000000	1.000000	1.000000	1.000000	1.000000	1.000000	1.000000	1.000000	1.000000	1.000000	1.000000	1.000000	1.000000	1.000000	1.000000	1.000000	1.000000	1.000000	1.000000
1.000000	1.000000	1.000000	1.000000	1.000000	1.000000	1.000000	1.000000	1.000000	1.000000	1.000000	1.000000	1.000000	1.000000	1.000000	1.000000	1.000000	1.000000	1.000000	1.000000	1.000000
1.000000	1.000000	1.000000	1.000000	1.000000	1.000000	1.000000	1.000000	1.000000	1.000000	1.000000	1.000000	1.000000	1.000000	1.000000	1.000000	1.000000	1.000000	1.000000	1.000000	1.000000
1.000000	1.000000	1.000000	1.000000	1.000000	1.000000	1.000000	1.000000	1.000000	1.000000	1.000000	1.000000	1.000000	1.000000	1.000000	1.000000	1.000000	1.000000	1.000000	1.000000	1.000000
1.000000	1.000000	1.000000	1.000000	1.000000	1.000000	1.000000	1.000000	1.000000	1.000000	1.000000	1.000000	1.000000	1.000000	1.000000	1.000000	1.000000	1.000000	1.000000	1.000000	1.000000
