21 25 0
1.000000	1.000000	1.000000	1.000000	1.000000	844.000000	1356.000000	1.000000	1.000000	1.000000	1.000000	1.000000	1.000000	1.000000	1.000000	1.000000	1.000000	1.000000	177.000000	1.000000	1.000000
1.000000	1.000000	1.000000	1.000000	1.000000	1314.000000	1146.000000	1.000000	1.000000	1.000000	1.000000	1.000000	1.000000	1.000000	1.000000	195.000000	1.000000	1.000000	1.000000	1.000000	1.000000
1.000000	1.000000	1.000000	1.000000	1.000000	1272.000000	357.000000	1.000000	1.000000	1.000000	1.000000	1.000000	1.000000	1.000000	1.000000	222.000000	1.000000	1.000000	1.000000	1.000000	1.000000
1.000000	1.000000	1.000000	1.000000	1.000000	399.000000	183.000000	1.000000	1.000000	1.000000	1.000000	1.000000	1.000000	1.000000	1.000000	185.000000	1.000000	1.000000	1.000000	1.000000	1.000000
1.000000	1.000000	1.000000	1.000000	1.000000	196.000000	183.000000	1.000000	1.000000	1.000000	1.000000	1.000000	1.000000	1.000000	1.000000	185.000000	1.000000	1.000000	1.000000	1.000000	1.000000
1.000000	1.000000	1.000000	1.000000	1.000000	1.000000	1.000000	212.000000	1.000000	1.000000	1.000000	1.000000	1.000000	1.000000	1.000000	887.000000	196.000000	1.000000	1.000000	1.000000	1.000000
1.000000	1.000000	1.000000	1.000000	1.000000	1.000000	1.000000	1.000000	187.000000	222.000000	1.000000	1.000000	1.000000	1.000000	1.000000	676.000000	392.000000	1.000000	1.000000	1.000000	1.000000
1.000000	1.000000	1.000000	1.000000	1.000000	1.000000	1.000000	1.000000	612.000000	1658.000000	215.000000	1.000000	229.000000	1.000000	1.000000	631.000000	562.000000	438.000000	1.000000	1.000000	1.000000
1.000000	1.000000	1.000000	1.000000	1.000000	1.000000	1.000000	1.000000	625.000000	1944.000000	232.000000	1.000000	228.000000	1.000000	1.000000	942.000000	205.000000	430.000000	1.000000	1.000000	1.000000
1.000000	1.000000	1.000000	1.000000	1.000000	1.000000	1.000000	1.000000	206.000000	1604.000000	241.000000	1.000000	399.000000	1.000000	1.000000	388.000000	205.000000	202.000000	1.000000	1.000000	1.000000
1.000000	1.000000	1.000000	1.000000	1.000000	186.000000	1.000000	1.000000	197.000000	796.000000	582.000000	1.000000	395.000000	1.000000	1.000000	1.000000	1.000000	1.000000	1.000000	1.000000	1.000000
1.000000	1.000000	1.000000	1.000000	1.000000	538.000000	195.000000	1.000000	182.000000	1090.000000	385.000000	1.000000	380.000000	405.000000	227.000000	1.000000	1.000000	1.000000	1.000000	1.000000	1.000000
1.000000	1.000000	1.000000	1.000000	1.000000	1.000000	229.000000	1.000000	1.000000	1207.000000	443.000000	1.000000	588.000000	576.000000	222.000000	1.000000	1.000000	1.000000	1.000000	1.000000	1.000000
1.000000	1.000000	1.000000	186.000000	1.000000	1.000000	652.000000	1.000000	1.000000	960.000000	246.000000	1.000000	610.000000	577.000000	222.000000	1.000000	1.000000	1.000000	1.000000	1.000000	1.000000
1.000000	1.000000	1.000000	1.000000	1.000000	1.000000	406.000000	205.000000	1.000000	1.000000	1.000000	1.000000	209.000000	548.000000	397.000000	1.000000	1.000000	347.000000	1.000000	1.000000	1.000000
1.000000	1.000000	1.000000	1.000000	1.000000	1.000000	1.000000	1.000000	508.000000	1.000000	1.000000	1.000000	1.000000	814.000000	799.000000	1.000000	1.000000	178.000000	1.000000	1.000000	1.000000
1.000000	1.000000	1.000000	1.000000	189.000000	1.000000	1.000000	240.000000	762.000000	243.000000	232.000000	1.000000	1.000000	1100.000000	827.000000	1.000000	1.000000	373.000000	1.000000	1.000000	1.000000
1.000000	1.000000	1.000000	1.000000	189.000000	1.000000	1.000000	1.000000	471.000000	1.000000	232.000000	1.000000	1.000000	674.000000	406.000000	1.000000	1.000000	209.000000	1.000000	1.000000	1.000000
1.000000	1.000000	1.000000	1.000000	1.000000	1.000000	1.000000	1.000000	1.000000	1.000000	1.000000	1.000000	1.000000	1.000000	1.000000	1.000000	1.000000	1.000000	1.000000	1.000000	1.000000
1.000000	1.000000	1.000000	1.000000	1.000000	1.000000	1.000000	1.000000	1.000000	1.000000	1.000000	1.000000	1.000000	1.000000	1.000000	1.000000	1.000000	1.000000	1.000000	1.000000	1.000000
1.000000	1.000000	1.000000	1.000000	1.000000	1.000000	1.000000	1.000000	1.000000	1.000000	1.000000	1.000000	1.000000	1.000000	1.000000	1.000000	1.000000	1.000000	1.000000	1.000000	1.000000
1.000000	1.000000	1.000000	1.000000	1.000000	1.000000	1.000000	1.000000	1.000000	1.000000	1.000000	1.000000	1.000000	1.000000	1.000000	1.000000	1.000000	1.000000	1.000000	1.000000	1.000000
1.000000	1.000000	1.000000	1.000000	1.000000	1.000000	1.000000	1.000000	1.000000	1.000000	1.000000	1.000000	1.000000	1.000000	1.000000	1.000000	1.000000	1.000000	1.000000	1.000000	1.000000
1.000000	1.000000	1.000000	1.000000	1.000000	1.000000	1.000000	1.000000	1.000000	1.000000	1.000000	1.000000	1.000000	1.000000	1.000000	1.000000	1.000000	1.000000	1.000000	1.000000	1.000000
1.000000	1.000000	1.000000	1.000000	1.000000	1.000000	1.000000	1.000000	1.000000	1.000000	1.000000	1.000000	1.000000	1.000000	1.000000	1.000000	1.000000	1.000000	1.000000	1.000000	1.000000
