21 25 0
1.000000	1.000000	1.000000	1.000000	1.000000	1.000000	1.000000	1.000000	1.000000	1.000000	1.000000	1.000000	1.000000	1.000000	1.000000	1.000000	1.000000	1.000000	1.000000	1.000000	1.000000
1.000000	1.000000	1.000000	1.000000	1.000000	1.000000	1.000000	1.000000	1.000000	1.000000	1.000000	1.000000	1.000000	1.000000	1.000000	1.000000	1.000000	1.000000	1.000000	1.000000	1.000000
1.000000	1.000000	1.000000	1.000000	1.000000	1.000000	1.000000	1.000000	1.000000	1.000000	1.000000	1.000000	1.000000	1.000000	1.000000	1.000000	1.000000	1.000000	1.000000	1.000000	1.000000
1.000000	1.000000	1.000000	1.000000	1.000000	1.000000	1.000000	1.000000	1.000000	1.000000	1.000000	1.000000	1.000000	1.000000	1.000000	1.000000	1.000000	1.000000	1.000000	1.000000	1.000000
1.000000	1.000000	1.000000	1.000000	1.000000	1.000000	1.000000	1.000000	1.000000	1.000000	1.000000	1.000000	1.000000	1.000000	1.000000	1.000000	1.000000	1.000000	1.000000	1.000000	1.000000
1.000000	1.000000	1.000000	1.000000	1.000000	1.000000	1.000000	1.000000	1.000000	1.000000	442.000000	1.000000	1.000000	1.000000	1.000000	257.000000	1.000000	233.000000	1.000000	1.000000	1.000000
1.000000	1.000000	1.000000	1.000000	464.000000	1.000000	1.000000	1.000000	1.000000	1167.000000	243.000000	1.000000	1.000000	1.000000	257.000000	495.000000	437.000000	1.000000	1.000000	1.000000	1.000000
1.000000	1.000000	1.000000	1.000000	247.000000	1.000000	1.000000	1.000000	942.000000	1120.000000	1.000000	1.000000	1.000000	418.000000	984.000000	744.000000	1.000000	1.000000	1.000000	1.000000	1.000000
1.000000	1.000000	1.000000	1.000000	1.000000	1.000000	1.000000	391.000000	871.000000	412.000000	1.000000	1.000000	1.000000	193.000000	1.000000	1.000000	194.000000	217.000000	1.000000	1.000000	1.000000
1.000000	1.000000	1.000000	1.000000	1.000000	418.000000	1249.000000	1526.000000	1678.000000	172.000000	1.000000	1.000000	1.000000	174.000000	1.000000	200.000000	618.000000	479.000000	1.000000	1.000000	1.000000
1.000000	1.000000	1.000000	1.000000	1.000000	613.000000	1051.000000	846.000000	608.000000	1.000000	1.000000	1.000000	1.000000	1.000000	198.000000	214.000000	233.000000	1.000000	1.000000	1.000000	1.000000
1.000000	1.000000	1.000000	1.000000	1.000000	1.000000	1.000000	1.000000	1.000000	1.000000	1.000000	1.000000	1.000000	182.000000	1.000000	1.000000	1.000000	177.000000	1.000000	1.000000	1.000000
1.000000	1.000000	1.000000	1.000000	1.000000	1.000000	1.000000	1.000000	1.000000	1.000000	238.000000	235.000000	226.000000	637.000000	1.000000	1.000000	178.000000	351.000000	1.000000	1.000000	1.000000
1.000000	1.000000	1.000000	1.000000	1.000000	1.000000	581.000000	214.000000	247.000000	689.000000	189.000000	820.000000	1009.000000	399.000000	1.000000	1.000000	177.000000	186.000000	1.000000	1.000000	1.000000
1.000000	1.000000	1.000000	1.000000	1.000000	678.000000	844.000000	595.000000	211.000000	1.000000	426.000000	1047.000000	365.000000	203.000000	198.000000	1.000000	182.000000	1.000000	1.000000	1.000000	1.000000
1.000000	1.000000	1.000000	1.000000	1.000000	179.000000	1.000000	1.000000	1.000000	1.000000	373.000000	1.000000	1.000000	1.000000	1.000000	1.000000	1.000000	1.000000	1.000000	1.000000	1.000000
1.000000	1.000000	1.000000	1.000000	1.000000	1.000000	237.000000	241.000000	1.000000	1.000000	1.000000	1.000000	1.000000	1.000000	1.000000	188.000000	191.000000	177.000000	1.000000	1.000000	1.000000
1.000000	1.000000	1.000000	1.000000	1.000000	672.000000	1617.000000	1411.000000	227.000000	1.000000	1.000000	1.000000	422.000000	1010.000000	959.000000	1.000000	1.000000	1.000000	1.000000	1.000000	1.000000
1.000000	1.000000	1.000000	1.000000	1.000000	500.000000	833.000000	215.000000	1.000000	1.000000	1.000000	211.000000	1240.000000	600.000000	1.000000	1.000000	1.000000	1.000000	1.000000	1.000000	1.000000
1.000000	1.000000	1.000000	1.000000	1.000000	1.000000	1.000000	1.000000	1.000000	197.000000	224.000000	416.000000	191.000000	1.000000	1.000000	1.000000	1.000000	1.000000	1.000000	1.000000	1.000000
1.000000	1.000000	1.000000	1.000000	1.000000	1.000000	1.000000	1.000000	1.000000	213.000000	368.000000	178.000000	1.000000	1.000000	1.000000	1.000000	1.000000	1.000000	1.000000	1.000000	1.000000
1.000000	1.000000	1.000000	1.000000	1.000000	1.000000	1.000000	1.000000	1.000000	1.000000	1.000000	1.000000	1.000000	1.000000	1.000000	1.000000	1.000000	1.000000	1.000000	1.000000	1.000000
1.000000	1.000000	1.000000	1.000000	1.000000	1.000000	1.000000	1.000000	1.000000	1.000000	1.000000	1.000000	1.000000	1.000000	1.000000	1.000000	1.000000	1.000000	1.000000	1.000000	1.000000
1.000000	1.000000	1.000000	1.000000	1.000000	1.000000	1.000000	1.000000	1.000000	1.000000	1.000000	1.000000	1.000000	1.000000	1.000000	1.000000	1.000000	1.000000	1.000000	1.000000	1.000000
1.000000	1.000000	1.000000	1.000000	1.000000	1.000000	1.000000	1.000000	1.000000	1.000000	1.000000	1.000000	1.000000	1.000000	1.000000	1.000000	1.000000	1.000000	1.000000	1.000000	1.000000
