21 25 0
1.000000	1.000000	1.000000	1.000000	1.000000	1.000000	1.000000	1.000000	1.000000	1.000000	1.000000	1.000000	1.000000	1.000000	1.000000	1.000000	1.000000	1.000000	1.000000	1.000000	1.000000
1.000000	1.000000	1.000000	1.000000	1.000000	1.000000	1.000000	1.000000	1.000000	1.000000	1.000000	1.000000	1.000000	1.000000	1.000000	1.000000	1.000000	1.000000	1.000000	1.000000	1.000000
1.000000	1.000000	1.000000	1.000000	1.000000	1.000000	177.000000	1.000000	1.000000	1.000000	1.000000	1.000000	1.000000	1.000000	1.000000	1.000000	1.000000	1.000000	1.000000	1.000000	1.000000
1.000000	1.000000	1.000000	1.000000	1.000000	699.000000	917.000000	709.000000	1.000000	1.000000	184.000000	183.000000	1.000000	622.000000	1110.000000	898.000000	229.000000	1.000000	1.000000	1.000000	1.000000
1.000000	1.000000	1.000000	1.000000	1.000000	492.000000	503.000000	453.000000	1.000000	184.000000	184.000000	1.000000	176.000000	655.000000	700.000000	244.000000	1.000000	1.000000	1.000000	1.000000	1.000000
1.000000	1.000000	1.000000	1.000000	1.000000	1.000000	1.000000	1.000000	477.000000	1.000000	1.000000	1.000000	1.000000	1.000000	1.000000	253.000000	1.000000	1.000000	1.000000	1.000000	1.000000
1.000000	1.000000	1.000000	1.000000	473.000000	941.000000	431.000000	1.000000	238.000000	1064.000000	820.000000	1.000000	1.000000	1.000000	252.000000	697.000000	960.000000	238.000000	1.000000	1.000000	1.000000
1.000000	1.000000	1.000000	1.000000	247.000000	494.000000	513.000000	742.000000	436.000000	474.000000	241.000000	190.000000	655.000000	463.000000	501.000000	438.000000	247.000000	182.000000	1.000000	1.000000	1.000000
1.000000	1.000000	1.000000	232.000000	1.000000	223.000000	196.000000	419.000000	456.000000	211.000000	1.000000	1.000000	1.000000	414.000000	1.000000	1.000000	192.000000	191.000000	1.000000	1.000000	1.000000
1.000000	1.000000	1.000000	1.000000	437.000000	1326.000000	1526.000000	1750.000000	1753.000000	557.000000	1.000000	1.000000	392.000000	976.000000	1406.000000	1044.000000	832.000000	468.000000	1.000000	1.000000	1.000000
1.000000	1.000000	1.000000	1.000000	205.000000	631.000000	834.000000	1058.000000	1063.000000	629.000000	417.000000	198.000000	368.000000	363.000000	596.000000	629.000000	219.000000	1.000000	1.000000	1.000000	1.000000
1.000000	1.000000	1.000000	1.000000	1.000000	1.000000	1.000000	1.000000	1.000000	1.000000	1.000000	1.000000	1.000000	182.000000	1.000000	1.000000	1.000000	1.000000	1.000000	1.000000	1.000000
1.000000	1.000000	1.000000	1.000000	1.000000	1.000000	1.000000	207.000000	219.000000	192.000000	181.000000	201.000000	201.000000	184.000000	186.000000	1.000000	1.000000	1.000000	1.000000	1.000000	1.000000
1.000000	1.000000	1.000000	1.000000	1.000000	1.000000	213.000000	656.000000	907.000000	1319.000000	630.000000	880.000000	1060.000000	190.000000	1.000000	1.000000	1.000000	1.000000	1.000000	1.000000	1.000000
1.000000	1.000000	1.000000	1.000000	1.000000	420.000000	1028.000000	825.000000	821.000000	622.000000	763.000000	1233.000000	840.000000	581.000000	203.000000	178.000000	1.000000	1.000000	1.000000	1.000000	1.000000
1.000000	1.000000	1.000000	1.000000	1.000000	1.000000	1.000000	1.000000	1.000000	1.000000	1.000000	239.000000	1.000000	1.000000	1.000000	1.000000	1.000000	1.000000	1.000000	1.000000	1.000000
1.000000	1.000000	1.000000	1.000000	1.000000	211.000000	1.000000	247.000000	498.000000	245.000000	1.000000	1.000000	1.000000	1.000000	1.000000	1.000000	1.000000	177.000000	1.000000	1.000000	1.000000
1.000000	1.000000	1.000000	1.000000	1.000000	1171.000000	1900.000000	1895.000000	1320.000000	1534.000000	1131.000000	652.000000	1286.000000	1073.000000	1030.000000	566.000000	184.000000	1.000000	1.000000	1.000000	1.000000
1.000000	1.000000	1.000000	1.000000	1.000000	254.000000	245.000000	1.000000	1.000000	245.000000	248.000000	1.000000	187.000000	652.000000	430.000000	1.000000	1.000000	1.000000	1.000000	1.000000	1.000000
1.000000	1.000000	1.000000	1.000000	1.000000	1.000000	1.000000	1.000000	1.000000	233.000000	406.000000	406.000000	194.000000	1.000000	1.000000	1.000000	1.000000	1.000000	1.000000	1.000000	1.000000
1.000000	1.000000	1.000000	1.000000	1.000000	1.000000	1.000000	1.000000	195.000000	404.000000	391.000000	377.000000	176.000000	1.000000	1.000000	1.000000	1.000000	1.000000	1.000000	1.000000	1.000000
1.000000	1.000000	1.000000	1.000000	1.000000	1.000000	1.000000	1.000000	1.000000	1.000000	1.000000	1.000000	1.000000	1.000000	1.000000	1.000000	1.000000	1.000000	1.000000	1.000000	1.000000
1.000000	1.000000	1.000000	1.000000	1.000000	1.000000	1.000000	1.000000	1.000000	1.000000	1.000000	1.000000	1.000000	1.000000	1.000000	1.000000	1.000000	1.000000	1.000000	1.000000	1.000000
1.000000	1.000000	1.000000	1.000000	1.000000	1.000000	1.000000	1.000000	1.000000	1.000000	1.000000	1.000000	1.000000	1.000000	1.000000	1.000000	1.000000	1.000000	1.000000	1.000000	1.000000
1.000000	1.000000	1.000000	1.000000	1.000000	1.000000	1.000000	1.000000	1.000000	1.000000	1.000000	1.000000	1.000000	1.000000	1.000000	1.000000	1.000000	1.000000	1.000000	1.000000	1.000000
