21 25 0
1.000000	1.000000	1.000000	1.000000	1.000000	1.000000	1.000000	1.000000	1.000000	1.000000	1.000000	1.000000	1.000000	1.000000	1.000000	1.000000	1.000000	1.000000	1.000000	1.000000	1.000000
1.000000	1.000000	1.000000	1.000000	1.000000	1.000000	1.000000	1.000000	1.000000	1.000000	1.000000	1.000000	1.000000	1.000000	1.000000	1.000000	1.000000	1.000000	1.000000	1.000000	1.000000
1.000000	1.000000	1.000000	1.000000	1.000000	1.000000	1.000000	1.000000	1.000000	1.000000	1.000000	1.000000	1.000000	1.000000	1.000000	1.000000	1.000000	1.000000	1.000000	1.000000	1.000000
1.000000	1.000000	1.000000	241.000000	1.000000	1.000000	1.000000	1.000000	1.000000	1.000000	1.000000	1.000000	1.000000	1.000000	1.000000	1.000000	1.000000	1.000000	1.000000	1.000000	1.000000
1.000000	1.000000	1.000000	1.000000	1.000000	1.000000	1.000000	1.000000	1.000000	1.000000	1.000000	1.000000	1.000000	1.000000	1.000000	241.000000	195.000000	1.000000	1.000000	1.000000	1.000000
1.000000	1.000000	1.000000	242.000000	1.000000	222.000000	244.000000	1.000000	1.000000	1.000000	1.000000	192.000000	1.000000	230.000000	1.000000	242.000000	195.000000	1.000000	1.000000	1.000000	1.000000
1.000000	1.000000	1.000000	248.000000	1.000000	223.000000	257.000000	243.000000	1.000000	1.000000	223.000000	1101.000000	586.000000	243.000000	1.000000	1.000000	241.000000	257.000000	1.000000	1.000000	1.000000
1.000000	1.000000	1.000000	1.000000	1.000000	249.000000	257.000000	1.000000	1.000000	1.000000	438.000000	1305.000000	793.000000	1.000000	1.000000	1.000000	242.000000	250.000000	1.000000	1.000000	1.000000
1.000000	1.000000	1.000000	1.000000	433.000000	841.000000	1.000000	217.000000	1.000000	1.000000	631.000000	592.000000	352.000000	1.000000	188.000000	1.000000	1.000000	1.000000	1.000000	1.000000	1.000000
1.000000	1.000000	1.000000	1.000000	800.000000	406.000000	1.000000	212.000000	1.000000	1.000000	169.000000	1.000000	1.000000	1.000000	608.000000	1.000000	1.000000	1.000000	1.000000	1.000000	1.000000
1.000000	1.000000	1.000000	225.000000	191.000000	1.000000	1.000000	1.000000	1.000000	449.000000	169.000000	356.000000	1.000000	201.000000	601.000000	1.000000	1.000000	1.000000	1.000000	1.000000	1.000000
1.000000	1.000000	1.000000	233.000000	1.000000	1.000000	1.000000	1.000000	194.000000	227.000000	1.000000	412.000000	1.000000	195.000000	385.000000	178.000000	1.000000	1.000000	1.000000	1.000000	1.000000
1.000000	1.000000	1.000000	1.000000	1.000000	1.000000	1.000000	1.000000	179.000000	1.000000	1.000000	478.000000	1.000000	1.000000	359.000000	543.000000	1.000000	1.000000	1.000000	1.000000	1.000000
1.000000	1.000000	1.000000	181.000000	175.000000	1.000000	1.000000	1.000000	403.000000	186.000000	196.000000	1.000000	1.000000	178.000000	716.000000	568.000000	1.000000	1.000000	1.000000	1.000000	1.000000
1.000000	1.000000	1.000000	181.000000	366.000000	1.000000	1.000000	1.000000	604.000000	821.000000	1.000000	1.000000	1.000000	179.000000	183.000000	388.000000	195.000000	1.000000	1.000000	1.000000	1.000000
1.000000	1.000000	1.000000	181.000000	366.000000	1.000000	1.000000	1.000000	358.000000	630.000000	1.000000	1.000000	1.000000	1.000000	171.000000	204.000000	199.000000	1.000000	1.000000	1.000000	1.000000
1.000000	1.000000	1.000000	1.000000	376.000000	1.000000	1.000000	1.000000	207.000000	250.000000	1.000000	1.000000	1.000000	1.000000	1.000000	205.000000	199.000000	1.000000	1.000000	1.000000	1.000000
1.000000	1.000000	1.000000	182.000000	205.000000	1.000000	1.000000	1.000000	463.000000	251.000000	1.000000	1.000000	243.000000	1.000000	193.000000	1.000000	1.000000	227.000000	1.000000	1.000000	1.000000
1.000000	1.000000	1.000000	1.000000	1.000000	1.000000	1.000000	1.000000	888.000000	391.000000	1.000000	1.000000	1.000000	1.000000	193.000000	1.000000	1.000000	213.000000	1.000000	1.000000	1.000000
1.000000	1.000000	1.000000	1.000000	1.000000	1.000000	1.000000	236.000000	1119.000000	622.000000	192.000000	1.000000	1.000000	1.000000	1.000000	1.000000	1.000000	238.000000	1.000000	1.000000	1.000000
1.000000	1.000000	1.000000	1.000000	173.000000	1.000000	1.000000	1.000000	1.000000	1.000000	1.000000	1.000000	1.000000	1.000000	1.000000	1.000000	1.000000	1.000000	1.000000	1.000000	1.000000
1.000000	1.000000	1.000000	1.000000	1.000000	1.000000	1.000000	1.000000	1.000000	1.000000	1.000000	1.000000	1.000000	1.000000	1.000000	1.000000	1.000000	1.000000	1.000000	1.000000	1.000000
1.000000	1.000000	1.000000	1.000000	1.000000	1.000000	1.000000	1.000000	1.000000	1.000000	1.000000	1.000000	1.000000	1.000000	1.000000	1.000000	1.000000	1.000000	1.000000	1.000000	1.000000
1.000000	1.000000	1.000000	1.000000	1.000000	1.000000	1.000000	1.000000	1.000000	1.000000	1.000000	1.000000	1.000000	1.000000	1.000000	1.000000	1.000000	1.000000	1.000000	1.000000	1.000000
1.000000	1.000000	1.000000	1.000000	1.000000	1.000000	1.000000	1.000000	1.000000	1.000000	1.000000	1.000000	1.000000	1.000000	1.000000	1.000000	1.000000	1.000000	1.000000	1.000000	1.000000
