21 25 0
1.000000	1.000000	1.000000	1.000000	1.000000	1.000000	1.000000	1.000000	1.000000	1.000000	1.000000	1.000000	1.000000	1.000000	1.000000	1.000000	1.000000	1.000000	1.000000	1.000000	1.000000
1.000000	1.000000	1.000000	1.000000	1.000000	1.000000	1.000000	1.000000	1.000000	1.000000	1.000000	1.000000	1.000000	1.000000	1.000000	1.000000	1.000000	1.000000	1.000000	1.000000	1.000000
1.000000	1.000000	1.000000	1.000000	1.000000	1.000000	1.000000	1.000000	1.000000	1.000000	1.000000	1.000000	1.000000	1.000000	1.000000	1.000000	1.000000	1.000000	1.000000	1.000000	1.000000
1.000000	1.000000	1.000000	1.000000	1.000000	1.000000	1.000000	1.000000	1.000000	1.000000	1.000000	1.000000	1.000000	1.000000	1.000000	1.000000	1.000000	196.000000	1.000000	1.000000	1.000000
1.000000	1.000000	1.000000	1.000000	1.000000	1.000000	1.000000	1.000000	1.000000	1.000000	1.000000	1.000000	1.000000	1.000000	1.000000	1.000000	1.000000	1.000000	1.000000	1.000000	1.000000
1.000000	1.000000	1.000000	1.000000	1.000000	1.000000	1.000000	1.000000	1.000000	201.000000	1.000000	1.000000	1.000000	1.000000	1.000000	254.000000	1.000000	175.000000	1.000000	1.000000	1.000000
1.000000	1.000000	1.000000	1.000000	254.000000	1.000000	1.000000	1.000000	1343.000000	1124.000000	1.000000	1.000000	1.000000	1.000000	199.000000	1002.000000	254.000000	175.000000	1.000000	1.000000	1.000000
1.000000	1.000000	1.000000	1.000000	254.000000	1.000000	1.000000	1.000000	1598.000000	1150.000000	1.000000	1.000000	1.000000	1.000000	255.000000	682.000000	420.000000	1.000000	1.000000	1.000000	1.000000
1.000000	1.000000	1.000000	1.000000	1.000000	1.000000	448.000000	1.000000	1274.000000	1050.000000	1.000000	1.000000	1.000000	1.000000	184.000000	425.000000	217.000000	1.000000	1.000000	1.000000	1.000000
1.000000	1.000000	1.000000	1.000000	1.000000	1.000000	829.000000	639.000000	605.000000	1.000000	1.000000	1.000000	1.000000	198.000000	1.000000	183.000000	218.000000	1.000000	1.000000	1.000000	1.000000
1.000000	1.000000	1.000000	1.000000	1.000000	1.000000	810.000000	1082.000000	172.000000	1.000000	1.000000	1.000000	196.000000	369.000000	1.000000	180.000000	1.000000	1.000000	1.000000	1.000000	1.000000
1.000000	1.000000	1.000000	1.000000	1.000000	1.000000	623.000000	852.000000	1.000000	1.000000	228.000000	1.000000	381.000000	762.000000	1.000000	1.000000	1.000000	225.000000	1.000000	1.000000	1.000000
1.000000	1.000000	1.000000	1.000000	1.000000	1.000000	183.000000	399.000000	1.000000	1.000000	1.000000	1.000000	1167.000000	999.000000	1.000000	1.000000	1.000000	381.000000	1.000000	1.000000	1.000000
1.000000	1.000000	1.000000	1.000000	1.000000	206.000000	409.000000	402.000000	1.000000	1.000000	1.000000	628.000000	851.000000	585.000000	1.000000	183.000000	177.000000	388.000000	1.000000	1.000000	1.000000
1.000000	1.000000	1.000000	1.000000	1.000000	430.000000	694.000000	217.000000	211.000000	1.000000	374.000000	375.000000	171.000000	1.000000	1.000000	195.000000	356.000000	220.000000	1.000000	1.000000	1.000000
1.000000	1.000000	1.000000	1.000000	1.000000	1.000000	696.000000	1.000000	1.000000	1.000000	193.000000	200.000000	1.000000	204.000000	1.000000	196.000000	177.000000	202.000000	1.000000	1.000000	1.000000
1.000000	1.000000	1.000000	1.000000	1.000000	1.000000	651.000000	252.000000	1.000000	1.000000	1.000000	201.000000	1.000000	204.000000	189.000000	197.000000	177.000000	1.000000	1.000000	1.000000	1.000000
1.000000	1.000000	1.000000	1.000000	1.000000	1.000000	494.000000	465.000000	1.000000	1.000000	1.000000	1.000000	425.000000	174.000000	1.000000	197.000000	360.000000	204.000000	1.000000	1.000000	1.000000
1.000000	1.000000	1.000000	1.000000	1.000000	1.000000	675.000000	214.000000	1.000000	1.000000	1.000000	1.000000	618.000000	349.000000	1.000000	230.000000	357.000000	223.000000	1.000000	1.000000	1.000000
1.000000	1.000000	1.000000	1.000000	1.000000	1.000000	1.000000	1.000000	1.000000	1.000000	1.000000	208.000000	384.000000	350.000000	1.000000	222.000000	204.000000	223.000000	1.000000	1.000000	1.000000
1.000000	1.000000	1.000000	1.000000	1.000000	1.000000	1.000000	1.000000	1.000000	1.000000	1.000000	1.000000	1.000000	1.000000	1.000000	1.000000	1.000000	1.000000	1.000000	1.000000	1.000000
1.000000	1.000000	1.000000	1.000000	1.000000	1.000000	1.000000	1.000000	1.000000	1.000000	1.000000	1.000000	1.000000	1.000000	1.000000	1.000000	1.000000	1.000000	1.000000	1.000000	1.000000
1.000000	1.000000	1.000000	1.000000	1.000000	1.000000	1.000000	1.000000	1.000000	1.000000	1.000000	1.000000	1.000000	1.000000	1.000000	1.000000	1.000000	1.000000	1.000000	1.000000	1.000000
1.000000	1.000000	1.000000	1.000000	1.000000	1.000000	1.000000	1.000000	1.000000	1.000000	1.000000	1.000000	1.000000	1.000000	1.000000	1.000000	1.000000	1.000000	1.000000	1.000000	1.000000
1.000000	1.000000	1.000000	1.000000	1.000000	1.000000	1.000000	1.000000	1.000000	1.000000	1.000000	1.000000	1.000000	1.000000	1.000000	1.000000	1.000000	1.000000	1.000000	1.000000	1.000000
