21 25 0
1.000000	1.000000	1.000000	1.000000	1.000000	1.000000	1.000000	1.000000	1.000000	1.000000	1.000000	1.000000	1.000000	1.000000	1.000000	1.000000	1.000000	1.000000	1.000000	1.000000	1.000000
1.000000	1.000000	1.000000	1.000000	1.000000	1.000000	1.000000	1.000000	1.000000	1.000000	1.000000	1.000000	1.000000	1.000000	1.000000	1.000000	1.000000	1.000000	1.000000	1.000000	1.000000
1.000000	1.000000	1.000000	1.000000	1.000000	1.000000	1.000000	172.000000	172.000000	1.000000	1.000000	1.000000	1.000000	1.000000	187.000000	1.000000	1.000000	1.000000	1.000000	1.000000	1.000000
1.000000	1.000000	1.000000	1.000000	1.000000	1.000000	1.000000	1.000000	1.000000	1.000000	1.000000	1.000000	1.000000	1.000000	1.000000	1.000000	1.000000	1.000000	1.000000	1.000000	1.000000
1.000000	1.000000	1.000000	1.000000	1.000000	862.000000	710.000000	624.000000	604.000000	421.000000	196.000000	1.000000	1.000000	200.000000	253.000000	482.000000	645.000000	233.000000	1.000000	1.000000	1.000000
1.000000	1.000000	1.000000	1.000000	711.000000	1630.000000	1722.000000	1247.000000	923.000000	203.000000	1.000000	182.000000	1327.000000	1415.000000	1841.000000	1367.000000	924.000000	386.000000	1.000000	1.000000	1.000000
1.000000	1.000000	1.000000	238.000000	238.000000	501.000000	503.000000	483.000000	395.000000	1.000000	1.000000	190.000000	618.000000	631.000000	457.000000	1.000000	1.000000	1.000000	1.000000	1.000000	1.000000
1.000000	1.000000	1.000000	1.000000	1.000000	243.000000	233.000000	229.000000	757.000000	450.000000	1.000000	1.000000	1.000000	1.000000	1.000000	254.000000	670.000000	254.000000	1.000000	1.000000	1.000000
1.000000	1.000000	1.000000	1.000000	425.000000	832.000000	597.000000	201.000000	239.000000	445.000000	1.000000	1.000000	1.000000	1.000000	231.000000	893.000000	923.000000	185.000000	1.000000	1.000000	1.000000
1.000000	1.000000	1.000000	1.000000	1.000000	1.000000	1.000000	1.000000	1.000000	1.000000	1.000000	1.000000	1.000000	1.000000	1.000000	1.000000	1.000000	1.000000	1.000000	1.000000	1.000000
1.000000	1.000000	1.000000	1.000000	1.000000	1.000000	1.000000	198.000000	198.000000	197.000000	181.000000	1.000000	1.000000	1.000000	1.000000	1.000000	1.000000	1.000000	1.000000	1.000000	1.000000
1.000000	1.000000	1.000000	1.000000	1.000000	1.000000	588.000000	1453.000000	1764.000000	1587.000000	1039.000000	1298.000000	1084.000000	604.000000	204.000000	365.000000	180.000000	1.000000	1.000000	1.000000	1.000000
1.000000	1.000000	1.000000	1.000000	1.000000	170.000000	370.000000	823.000000	872.000000	917.000000	1124.000000	1062.000000	541.000000	194.000000	376.000000	395.000000	188.000000	1.000000	1.000000	1.000000	1.000000
1.000000	1.000000	1.000000	1.000000	1.000000	205.000000	1.000000	1.000000	1.000000	1.000000	1.000000	239.000000	1.000000	1.000000	1.000000	174.000000	181.000000	1.000000	1.000000	1.000000	1.000000
1.000000	1.000000	1.000000	174.000000	1.000000	1.000000	1.000000	207.000000	220.000000	1.000000	1.000000	1.000000	1.000000	1.000000	1.000000	1.000000	1.000000	220.000000	1.000000	1.000000	1.000000
1.000000	1.000000	1.000000	1.000000	1.000000	650.000000	1120.000000	1544.000000	1534.000000	1172.000000	915.000000	840.000000	245.000000	383.000000	1.000000	200.000000	1.000000	184.000000	1.000000	1.000000	1.000000
1.000000	1.000000	1.000000	1.000000	1.000000	903.000000	1093.000000	669.000000	596.000000	641.000000	775.000000	1185.000000	1227.000000	1228.000000	439.000000	193.000000	1.000000	1.000000	1.000000	1.000000	1.000000
1.000000	1.000000	1.000000	1.000000	1.000000	1.000000	1.000000	1.000000	1.000000	1.000000	1.000000	1.000000	1.000000	1.000000	1.000000	1.000000	1.000000	1.000000	1.000000	1.000000	1.000000
1.000000	1.000000	1.000000	1.000000	1.000000	1.000000	181.000000	428.000000	703.000000	1059.000000	1019.000000	809.000000	194.000000	1.000000	1.000000	1.000000	1.000000	1.000000	1.000000	1.000000	1.000000
1.000000	1.000000	1.000000	1.000000	1.000000	1.000000	730.000000	1305.000000	610.000000	418.000000	222.000000	185.000000	620.000000	804.000000	448.000000	1.000000	1.000000	1.000000	1.000000	1.000000	1.000000
1.000000	1.000000	1.000000	1.000000	1.000000	1.000000	1.000000	1.000000	1.000000	1.000000	1.000000	1.000000	1.000000	1.000000	1.000000	1.000000	1.000000	1.000000	1.000000	1.000000	1.000000
1.000000	1.000000	1.000000	1.000000	1.000000	1.000000	1.000000	1.000000	1.000000	1.000000	1.000000	1.000000	1.000000	1.000000	1.000000	1.000000	1.000000	1.000000	1.000000	1.000000	1.000000
1.000000	1.000000	1.000000	1.000000	1.000000	1.000000	1.000000	1.000000	1.000000	1.000000	1.000000	1.000000	1.000000	1.000000	1.000000	1.000000	1.000000	1.000000	1.000000	1.000000	1.000000
1.000000	1.000000	1.000000	1.000000	1.000000	1.000000	1.000000	1.000000	1.000000	1.000000	1.000000	1.000000	1.000000	1.000000	1.000000	1.000000	1.000000	1.000000	1.000000	1.000000	1.000000
1.000000	1.000000	1.000000	1.000000	1.000000	1.000000	1.000000	1.000000	1.000000	1.000000	1.000000	1.000000	1.000000	1.000000	1.000000	1.000000	1.000000	1.000000	1.000000	1.000000	1.000000
