21 25 0
1.000000	1.000000	1.000000	1.000000	1.000000	1.000000	1.000000	1.000000	1.000000	1.000000	1.000000	1.000000	1.000000	1.000000	1.000000	1.000000	1.000000	1.000000	1.000000	1.000000	1.000000
1.000000	1.000000	1.000000	1.000000	1.000000	1.000000	1.000000	1.000000	1.000000	1.000000	1.000000	1.000000	1.000000	1.000000	1.000000	1.000000	1.000000	1.000000	1.000000	1.000000	218.000000
1.000000	1.000000	1.000000	1.000000	1.000000	1.000000	1.000000	1.000000	1.000000	1.000000	1.000000	1.000000	1.000000	1.000000	1.000000	1.000000	1.000000	1.000000	1.000000	1.000000	219.000000
1.000000	1.000000	1.000000	1.000000	1.000000	1.000000	1.000000	1.000000	1.000000	1.000000	201.000000	1.000000	1.000000	1.000000	1.000000	1.000000	1.000000	1.000000	1.000000	1.000000	209.000000
1.000000	1.000000	1.000000	1.000000	1.000000	1.000000	237.000000	1.000000	1.000000	1.000000	1.000000	1.000000	196.000000	1.000000	1.000000	1.000000	1.000000	1.000000	1.000000	1.000000	1.000000
1.000000	1.000000	1.000000	1.000000	1.000000	440.000000	237.000000	1.000000	1.000000	1.000000	1.000000	1.000000	403.000000	245.000000	1.000000	1.000000	1.000000	1.000000	1.000000	1.000000	1.000000
1.000000	1.000000	1.000000	1.000000	229.000000	441.000000	208.000000	1.000000	1.000000	1.000000	1.000000	209.000000	817.000000	246.000000	236.000000	1.000000	1.000000	1.000000	1.000000	1.000000	1.000000
1.000000	1.000000	1.000000	1.000000	241.000000	506.000000	454.000000	241.000000	231.000000	1.000000	225.000000	684.000000	1309.000000	656.000000	1.000000	1.000000	1.000000	1.000000	1.000000	1.000000	1.000000
1.000000	226.000000	1.000000	1.000000	1.000000	257.000000	452.000000	216.000000	211.000000	1.000000	409.000000	857.000000	1153.000000	461.000000	1.000000	1.000000	1.000000	1.000000	1.000000	1.000000	1.000000
1.000000	437.000000	1.000000	1.000000	1.000000	214.000000	1.000000	404.000000	206.000000	1.000000	426.000000	646.000000	1135.000000	250.000000	1.000000	1.000000	1.000000	1.000000	1.000000	1.000000	1.000000
1.000000	428.000000	1.000000	1.000000	1.000000	214.000000	1.000000	189.000000	1.000000	1.000000	193.000000	632.000000	721.000000	225.000000	1.000000	1.000000	1.000000	1.000000	1.000000	1.000000	1.000000
1.000000	1.000000	1.000000	1.000000	1.000000	1.000000	1.000000	187.000000	612.000000	1.000000	232.000000	436.000000	703.000000	225.000000	1.000000	1.000000	1.000000	1.000000	1.000000	1.000000	1.000000
1.000000	1.000000	1.000000	1.000000	1.000000	1.000000	1.000000	602.000000	896.000000	1.000000	245.000000	470.000000	667.000000	252.000000	1.000000	1.000000	1.000000	1.000000	1.000000	1.000000	1.000000
1.000000	1.000000	1.000000	1.000000	1.000000	1.000000	1.000000	684.000000	866.000000	1.000000	492.000000	684.000000	681.000000	252.000000	1.000000	398.000000	1.000000	1.000000	1.000000	1.000000	1.000000
1.000000	1.000000	1.000000	1.000000	1.000000	207.000000	1.000000	243.000000	435.000000	1.000000	225.000000	671.000000	483.000000	1.000000	1.000000	196.000000	1.000000	1.000000	1.000000	1.000000	1.000000
1.000000	1.000000	1.000000	1.000000	195.000000	207.000000	1.000000	240.000000	1.000000	1.000000	1.000000	1.000000	209.000000	1.000000	1.000000	1.000000	1.000000	1.000000	1.000000	1.000000	1.000000
1.000000	1.000000	1.000000	1.000000	255.000000	208.000000	1.000000	221.000000	437.000000	250.000000	1.000000	1.000000	1.000000	1.000000	193.000000	1.000000	1.000000	1.000000	1.000000	1.000000	1.000000
1.000000	1.000000	1.000000	1.000000	255.000000	217.000000	1.000000	234.000000	416.000000	250.000000	237.000000	1.000000	1.000000	1.000000	1.000000	1.000000	1.000000	1.000000	1.000000	1.000000	1.000000
1.000000	1.000000	1.000000	1.000000	1.000000	214.000000	1.000000	668.000000	228.000000	1.000000	1.000000	642.000000	1.000000	1.000000	1.000000	1.000000	232.000000	1.000000	1.000000	1.000000	1.000000
1.000000	1.000000	1.000000	1.000000	1.000000	1.000000	1.000000	465.000000	188.000000	1.000000	1.000000	205.000000	1.000000	1.000000	1.000000	1.000000	1.000000	1.000000	1.000000	1.000000	1.000000
1.000000	1.000000	1.000000	1.000000	1.000000	1.000000	1.000000	1.000000	1.000000	1.000000	1.000000	1.000000	1.000000	1.000000	1.000000	1.000000	1.000000	1.000000	1.000000	1.000000	1.000000
1.000000	1.000000	1.000000	192.000000	1.000000	1.000000	1.000000	1.000000	1.000000	1.000000	1.000000	1.000000	1.000000	1.000000	1.000000	1.000000	1.000000	1.000000	1.000000	1.000000	1.000000
1.000000	1.000000	1.000000	1.000000	1.000000	1.000000	1.000000	1.000000	1.000000	1.000000	1.000000	1.000000	1.000000	1.000000	1.000000	1.000000	1.000000	1.000000	1.000000	1.000000	1.000000
1.000000	1.000000	1.000000	1.000000	1.000000	1.000000	1.000000	1.000000	1.000000	1.000000	1.000000	1.000000	1.000000	1.000000	1.000000	1.000000	1.000000	1.000000	1.000000	1.000000	1.000000
1.000000	1.000000	1.000000	1.000000	1.000000	1.000000	1.000000	1.000000	1.000000	1.000000	1.000000	1.000000	1.000000	1.000000	1.000000	1.000000	1.000000	1.000000	1.000000	1.000000	1.000000
