21 25 0
1.000000	1.000000	1.000000	1.000000	1.000000	1.000000	1.000000	1.000000	1.000000	1.000000	1.000000	1.000000	1.000000	1.000000	1.000000	1.000000	1.000000	1.000000	1.000000	1.000000	1.000000
1.000000	1.000000	1.000000	1.000000	1.000000	1.000000	1.000000	1.000000	1.000000	1.000000	1.000000	1.000000	1.000000	1.000000	1.000000	1.000000	1.000000	1.000000	1.000000	1.000000	1.000000
1.000000	1.000000	1.000000	1.000000	1.000000	1.000000	1.000000	1.000000	191.000000	197.000000	1.000000	1.000000	1.000000	1.000000	1.000000	1.000000	1.000000	1.000000	1.000000	1.000000	219.000000
1.000000	1.000000	1.000000	1.000000	1.000000	222.000000	444.000000	239.000000	393.000000	202.000000	1.000000	1.000000	420.000000	442.000000	634.000000	1.000000	226.000000	1.000000	1.000000	1.000000	212.000000
1.000000	1.000000	1.000000	1.000000	455.000000	207.000000	1.000000	1.000000	1.000000	1.000000	1.000000	1.000000	1.000000	233.000000	1.000000	1.000000	1.000000	1.000000	1.000000	1.000000	1.000000
1.000000	1.000000	1.000000	1.000000	1.000000	497.000000	245.000000	202.000000	441.000000	1.000000	1.000000	199.000000	216.000000	236.000000	254.000000	499.000000	247.000000	236.000000	1.000000	1.000000	1.000000
1.000000	1.000000	1.000000	1.000000	212.000000	238.000000	238.000000	1.000000	1.000000	1.000000	198.000000	413.000000	421.000000	420.000000	1.000000	1.000000	1.000000	1.000000	1.000000	1.000000	1.000000
1.000000	1.000000	1.000000	1.000000	1.000000	1.000000	1.000000	1.000000	1.000000	218.000000	1.000000	221.000000	236.000000	243.000000	236.000000	450.000000	225.000000	1.000000	1.000000	1.000000	1.000000
1.000000	213.000000	211.000000	211.000000	457.000000	976.000000	1172.000000	455.000000	400.000000	1.000000	1.000000	241.000000	241.000000	1.000000	445.000000	899.000000	496.000000	416.000000	211.000000	210.000000	1.000000
1.000000	412.000000	213.000000	448.000000	465.000000	456.000000	441.000000	217.000000	194.000000	1.000000	1.000000	1.000000	435.000000	628.000000	396.000000	202.000000	1.000000	1.000000	1.000000	218.000000	1.000000
1.000000	1.000000	1.000000	1.000000	1.000000	1.000000	392.000000	186.000000	239.000000	238.000000	232.000000	461.000000	229.000000	201.000000	1.000000	1.000000	1.000000	1.000000	1.000000	1.000000	1.000000
1.000000	1.000000	1.000000	1.000000	1.000000	1.000000	1.000000	209.000000	226.000000	1.000000	1.000000	223.000000	227.000000	209.000000	1.000000	1.000000	1.000000	1.000000	1.000000	1.000000	1.000000
1.000000	1.000000	1.000000	1.000000	1.000000	1.000000	1.000000	1.000000	1.000000	1.000000	203.000000	202.000000	201.000000	201.000000	1.000000	1.000000	1.000000	1.000000	1.000000	1.000000	1.000000
1.000000	1.000000	1.000000	1.000000	1.000000	1.000000	1.000000	1.000000	1.000000	422.000000	1.000000	1.000000	1.000000	1.000000	1.000000	1.000000	1.000000	1.000000	1.000000	1.000000	1.000000
1.000000	1.000000	1.000000	1.000000	1.000000	1.000000	199.000000	414.000000	605.000000	437.000000	477.000000	695.000000	849.000000	421.000000	1.000000	1.000000	1.000000	1.000000	1.000000	1.000000	1.000000
1.000000	1.000000	1.000000	1.000000	1.000000	1.000000	1.000000	455.000000	1183.000000	1199.000000	739.000000	889.000000	1180.000000	1408.000000	232.000000	1.000000	1.000000	1.000000	1.000000	1.000000	1.000000
1.000000	1.000000	1.000000	1.000000	1.000000	1.000000	1.000000	250.000000	223.000000	221.000000	220.000000	246.000000	245.000000	244.000000	1.000000	1.000000	1.000000	1.000000	1.000000	1.000000	1.000000
1.000000	1.000000	1.000000	1.000000	1.000000	1.000000	1.000000	1.000000	1.000000	220.000000	651.000000	419.000000	1.000000	1.000000	1.000000	1.000000	1.000000	1.000000	1.000000	1.000000	1.000000
1.000000	1.000000	1.000000	1.000000	1.000000	1.000000	1.000000	671.000000	1202.000000	1354.000000	1103.000000	877.000000	1155.000000	1229.000000	946.000000	1.000000	1.000000	1.000000	1.000000	1.000000	1.000000
1.000000	1.000000	1.000000	1.000000	1.000000	1.000000	1.000000	462.000000	232.000000	1.000000	1.000000	1.000000	218.000000	504.000000	222.000000	1.000000	1.000000	1.000000	1.000000	1.000000	1.000000
1.000000	1.000000	1.000000	1.000000	1.000000	1.000000	1.000000	1.000000	1.000000	1.000000	1.000000	1.000000	1.000000	1.000000	1.000000	1.000000	1.000000	1.000000	1.000000	1.000000	1.000000
1.000000	1.000000	1.000000	1.000000	1.000000	1.000000	1.000000	1.000000	186.000000	1.000000	1.000000	1.000000	1.000000	1.000000	1.000000	1.000000	1.000000	1.000000	1.000000	1.000000	1.000000
1.000000	1.000000	1.000000	1.000000	1.000000	1.000000	1.000000	1.000000	1.000000	1.000000	1.000000	1.000000	1.000000	1.000000	1.000000	1.000000	1.000000	1.000000	1.000000	1.000000	1.000000
1.000000	1.000000	1.000000	1.000000	1.000000	1.000000	1.000000	1.000000	1.000000	1.000000	1.000000	1.000000	1.000000	1.000000	1.000000	1.000000	1.000000	1.000000	1.000000	1.000000	1.000000
1.000000	1.000000	1.000000	1.000000	1.000000	1.000000	1.000000	1.000000	1.000000	1.000000	1.000000	1.000000	1.000000	1.000000	1.000000	1.000000	1.000000	1.000000	1.000000	1.000000	1.000000
