21 25 0
1.000000	1.000000	1.000000	1.000000	1.000000	1.000000	1.000000	1.000000	1.000000	1.000000	1.000000	1.000000	1.000000	1.000000	1.000000	1.000000	1.000000	1.000000	1.000000	1.000000	1.000000
1.000000	1.000000	1.000000	1.000000	1.000000	1.000000	1.000000	1.000000	1.000000	1.000000	1.000000	1.000000	1.000000	1.000000	1.000000	1.000000	1.000000	1.000000	1.000000	1.000000	1.000000
1.000000	1.000000	1.000000	1.000000	1.000000	1.000000	1.000000	1.000000	1.000000	1.000000	1.000000	1.000000	1.000000	1.000000	1.000000	1.000000	1.000000	1.000000	1.000000	1.000000	1.000000
1.000000	1.000000	1.000000	1.000000	1.000000	1.000000	1.000000	1.000000	1.000000	1.000000	1.000000	1.000000	1.000000	1.000000	1.000000	199.000000	247.000000	1.000000	1.000000	222.000000	1.000000
1.000000	1.000000	1.000000	1.000000	1.000000	1.000000	1.000000	1.000000	404.000000	1.000000	1.000000	1.000000	1.000000	1.000000	225.000000	199.000000	239.000000	1.000000	1.000000	1.000000	1.000000
1.000000	1.000000	1.000000	1.000000	1.000000	1.000000	1.000000	239.000000	215.000000	624.000000	1.000000	1.000000	1.000000	1.000000	195.000000	646.000000	1.000000	210.000000	1.000000	1.000000	234.000000
1.000000	1.000000	1.000000	1.000000	1.000000	1.000000	1.000000	1.000000	616.000000	848.000000	638.000000	1.000000	1.000000	1.000000	248.000000	230.000000	1.000000	1.000000	225.000000	1.000000	1.000000
1.000000	1.000000	1.000000	1.000000	1.000000	1.000000	253.000000	1.000000	646.000000	896.000000	889.000000	1.000000	1.000000	245.000000	493.000000	1.000000	1.000000	218.000000	1.000000	1.000000	1.000000
1.000000	1.000000	222.000000	1.000000	1.000000	1.000000	1.000000	1.000000	217.000000	715.000000	908.000000	226.000000	234.000000	646.000000	489.000000	1.000000	1.000000	221.000000	1.000000	1.000000	1.000000
1.000000	1.000000	1.000000	1.000000	1.000000	1.000000	1.000000	1.000000	1.000000	854.000000	929.000000	247.000000	235.000000	423.000000	439.000000	1.000000	1.000000	1.000000	1.000000	1.000000	1.000000
1.000000	1.000000	191.000000	1.000000	197.000000	1.000000	1.000000	1.000000	213.000000	640.000000	718.000000	195.000000	1.000000	215.000000	193.000000	1.000000	1.000000	1.000000	1.000000	1.000000	1.000000
1.000000	1.000000	191.000000	1.000000	1.000000	1.000000	215.000000	196.000000	238.000000	657.000000	915.000000	189.000000	190.000000	393.000000	1.000000	1.000000	1.000000	1.000000	1.000000	1.000000	1.000000
1.000000	1.000000	1.000000	1.000000	1.000000	1.000000	649.000000	1.000000	244.000000	653.000000	675.000000	224.000000	227.000000	427.000000	1.000000	1.000000	1.000000	1.000000	1.000000	1.000000	1.000000
1.000000	1.000000	1.000000	1.000000	1.000000	1.000000	419.000000	1.000000	476.000000	894.000000	927.000000	1.000000	241.000000	1473.000000	209.000000	1.000000	1.000000	1.000000	1.000000	1.000000	1.000000
1.000000	1.000000	1.000000	1.000000	1.000000	1.000000	206.000000	1.000000	1.000000	667.000000	491.000000	200.000000	1.000000	1268.000000	1.000000	1.000000	247.000000	1.000000	1.000000	1.000000	1.000000
1.000000	1.000000	1.000000	1.000000	1.000000	1.000000	201.000000	1.000000	1.000000	222.000000	1.000000	1.000000	413.000000	196.000000	1.000000	1.000000	256.000000	1.000000	1.000000	1.000000	1.000000
1.000000	1.000000	1.000000	1.000000	1.000000	1.000000	1.000000	1.000000	1.000000	1.000000	1.000000	1.000000	195.000000	1.000000	1.000000	1.000000	254.000000	1.000000	1.000000	1.000000	1.000000
1.000000	1.000000	1.000000	1.000000	1.000000	1.000000	1.000000	1.000000	1.000000	1.000000	1.000000	230.000000	1.000000	244.000000	1.000000	249.000000	213.000000	1.000000	1.000000	1.000000	1.000000
1.000000	1.000000	1.000000	1.000000	194.000000	1.000000	1.000000	1.000000	1.000000	444.000000	219.000000	1.000000	1.000000	1.000000	1.000000	1.000000	252.000000	1.000000	1.000000	1.000000	1.000000
1.000000	1.000000	1.000000	1.000000	1.000000	1.000000	1.000000	1.000000	200.000000	207.000000	1.000000	1.000000	1.000000	1.000000	1.000000	1.000000	1.000000	1.000000	1.000000	1.000000	1.000000
1.000000	1.000000	1.000000	1.000000	1.000000	1.000000	1.000000	1.000000	1.000000	1.000000	1.000000	1.000000	1.000000	1.000000	1.000000	1.000000	1.000000	1.000000	1.000000	1.000000	1.000000
1.000000	1.000000	1.000000	1.000000	1.000000	1.000000	1.000000	1.000000	1.000000	1.000000	1.000000	1.000000	1.000000	1.000000	1.000000	1.000000	1.000000	1.000000	1.000000	1.000000	1.000000
1.000000	1.000000	1.000000	1.000000	1.000000	1.000000	1.000000	1.000000	1.000000	1.000000	1.000000	1.000000	1.000000	1.000000	1.000000	1.000000	1.000000	1.000000	1.000000	1.000000	1.000000
1.000000	1.000000	1.000000	1.000000	1.000000	1.000000	1.000000	1.000000	1.000000	1.000000	1.000000	1.000000	1.000000	1.000000	1.000000	1.000000	1.000000	1.000000	1.000000	1.000000	1.000000
1.000000	1.000000	1.000000	1.000000	1.000000	1.000000	1.000000	1.000000	1.000000	1.000000	1.000000	1.000000	1.000000	1.000000	1.000000	1.000000	1.000000	1.000000	1.000000	1.000000	1.000000
