21 25 0
1.000000	1.000000	1.000000	1.000000	183.000000	1.000000	1.000000	1.000000	1.000000	172.000000	643.000000	1025.000000	450.000000	1.000000	1.000000	1.000000	1.000000	1.000000	1.000000	1.000000	1.000000
1.000000	1.000000	1.000000	1.000000	389.000000	169.000000	1.000000	1.000000	194.000000	172.000000	1159.000000	230.000000	1.000000	1.000000	1.000000	1.000000	1.000000	1.000000	1.000000	1.000000	1.000000
1.000000	1.000000	1.000000	1.000000	777.000000	1.000000	1.000000	1.000000	186.000000	199.000000	203.000000	1.000000	1.000000	1.000000	1.000000	1.000000	1.000000	1.000000	1.000000	1.000000	1.000000
1.000000	1.000000	1.000000	1.000000	208.000000	173.000000	1.000000	1.000000	1.000000	172.000000	1.000000	1.000000	1.000000	1.000000	1.000000	1.000000	1.000000	1.000000	1.000000	1.000000	1.000000
1.000000	1.000000	1.000000	211.000000	1.000000	1.000000	1.000000	1.000000	1.000000	1.000000	1.000000	1.000000	1.000000	254.000000	249.000000	1.000000	223.000000	1.000000	1.000000	1.000000	1.000000
1.000000	1.000000	1.000000	202.000000	1.000000	239.000000	1.000000	1.000000	1.000000	402.000000	1.000000	1.000000	1.000000	506.000000	475.000000	435.000000	457.000000	1.000000	1.000000	1.000000	1.000000
1.000000	1.000000	1.000000	195.000000	1.000000	1.000000	1.000000	1.000000	573.000000	622.000000	194.000000	1.000000	1.000000	252.000000	480.000000	436.000000	617.000000	1.000000	1.000000	1.000000	1.000000
1.000000	1.000000	1.000000	1.000000	1.000000	1.000000	1.000000	1.000000	623.000000	1009.000000	586.000000	1.000000	1.000000	1.000000	507.000000	201.000000	1.000000	1.000000	1.000000	1.000000	1.000000
1.000000	1.000000	1.000000	212.000000	1.000000	225.000000	1.000000	1.000000	619.000000	788.000000	633.000000	1.000000	1.000000	1.000000	616.000000	639.000000	217.000000	1.000000	1.000000	1.000000	1.000000
1.000000	1.000000	1.000000	212.000000	1.000000	1.000000	1.000000	1.000000	844.000000	534.000000	423.000000	1.000000	449.000000	1.000000	207.000000	602.000000	218.000000	1.000000	1.000000	1.000000	1.000000
1.000000	1.000000	1.000000	1.000000	1.000000	1.000000	1.000000	1.000000	688.000000	773.000000	363.000000	1.000000	450.000000	597.000000	1.000000	1.000000	1.000000	1.000000	1.000000	1.000000	1.000000
1.000000	1.000000	1.000000	1.000000	1.000000	175.000000	195.000000	1.000000	449.000000	1267.000000	397.000000	1.000000	177.000000	208.000000	1.000000	181.000000	1.000000	1.000000	1.000000	1.000000	1.000000
1.000000	1.000000	1.000000	1.000000	1.000000	343.000000	390.000000	1.000000	1.000000	1171.000000	667.000000	1.000000	640.000000	180.000000	1.000000	181.000000	169.000000	1.000000	1.000000	1.000000	1.000000
1.000000	1.000000	1.000000	1.000000	1.000000	339.000000	409.000000	1.000000	1.000000	489.000000	455.000000	1.000000	406.000000	180.000000	1.000000	182.000000	342.000000	1.000000	1.000000	1.000000	1.000000
1.000000	1.000000	1.000000	1.000000	1.000000	694.000000	1.000000	1.000000	1.000000	1.000000	1.000000	1.000000	1.000000	1.000000	1.000000	182.000000	1.000000	1.000000	1.000000	1.000000	1.000000
1.000000	1.000000	1.000000	1.000000	339.000000	358.000000	193.000000	1.000000	251.000000	678.000000	234.000000	1.000000	1.000000	1.000000	353.000000	454.000000	1.000000	1.000000	1.000000	1.000000	1.000000
1.000000	1.000000	1.000000	180.000000	407.000000	521.000000	1.000000	1.000000	506.000000	933.000000	235.000000	1.000000	1.000000	203.000000	959.000000	441.000000	1.000000	1.000000	1.000000	1.000000	1.000000
1.000000	1.000000	1.000000	180.000000	411.000000	396.000000	211.000000	1.000000	1.000000	484.000000	1.000000	1.000000	1.000000	568.000000	795.000000	187.000000	1.000000	1.000000	1.000000	1.000000	1.000000
1.000000	1.000000	1.000000	1.000000	1.000000	413.000000	176.000000	1.000000	1.000000	234.000000	1.000000	1.000000	1.000000	201.000000	1.000000	1.000000	1.000000	1.000000	1.000000	1.000000	1.000000
1.000000	1.000000	1.000000	1.000000	1.000000	1.000000	1.000000	1.000000	1.000000	1.000000	1.000000	1.000000	1.000000	1.000000	1.000000	1.000000	1.000000	1.000000	1.000000	1.000000	1.000000
1.000000	1.000000	1.000000	1.000000	1.000000	1.000000	1.000000	1.000000	1.000000	1.000000	1.000000	1.000000	1.000000	1.000000	1.000000	1.000000	1.000000	1.000000	1.000000	1.000000	1.000000
1.000000	1.000000	1.000000	1.000000	1.000000	1.000000	1.000000	1.000000	1.000000	1.000000	1.000000	1.000000	1.000000	1.000000	1.000000	1.000000	1.000000	1.000000	1.000000	1.000000	1.000000
1.000000	1.000000	1.000000	1.000000	1.000000	1.000000	1.000000	1.000000	1.000000	1.000000	1.000000	1.000000	1.000000	1.000000	1.000000	1.000000	1.000000	1.000000	1.000000	1.000000	1.000000
1.000000	1.000000	1.000000	1.000000	1.000000	1.000000	1.000000	1.000000	1.000000	1.000000	1.000000	1.000000	1.000000	1.000000	1.000000	1.000000	1.000000	1.000000	1.000000	1.000000	1.000000
1.000000	1.000000	1.000000	1.000000	1.000000	1.000000	1.000000	1.000000	1.000000	1.000000	1.000000	1.000000	1.000000	1.000000	1.000000	1.000000	1.000000	1.000000	1.000000	1.000000	1.000000
