21 25 0
1.000000	1.000000	1.000000	1.000000	1.000000	1.000000	1.000000	1.000000	189.000000	1.000000	1.000000	1.000000	1.000000	387.000000	858.000000	855.000000	702.000000	1.000000	1.000000	1.000000	1.000000
1.000000	1.000000	1.000000	1.000000	504.000000	178.000000	174.000000	174.000000	340.000000	1.000000	1.000000	1.000000	1.000000	200.000000	171.000000	213.000000	442.000000	1.000000	1.000000	1.000000	1.000000
1.000000	1.000000	246.000000	223.000000	1.000000	160.000000	1.000000	1.000000	1.000000	1.000000	1.000000	1.000000	1.000000	405.000000	418.000000	225.000000	1.000000	1.000000	1.000000	1.000000	1.000000
1.000000	1.000000	207.000000	493.000000	1.000000	1.000000	204.000000	1.000000	188.000000	1.000000	1.000000	1.000000	1.000000	177.000000	204.000000	415.000000	1.000000	1.000000	1.000000	1.000000	1.000000
1.000000	1.000000	1.000000	1.000000	1.000000	1.000000	1.000000	1.000000	1.000000	1.000000	1.000000	1.000000	1.000000	1.000000	1.000000	1.000000	1.000000	1.000000	1.000000	1.000000	1.000000
1.000000	1.000000	1.000000	1.000000	1.000000	1.000000	1.000000	1.000000	1.000000	1.000000	1.000000	1.000000	1.000000	1.000000	1.000000	233.000000	1.000000	1.000000	1.000000	1.000000	1.000000
1.000000	1.000000	247.000000	1.000000	180.000000	1.000000	1.000000	1.000000	1.000000	1.000000	1.000000	1.000000	1.000000	1.000000	1.000000	1.000000	1.000000	1.000000	1.000000	1.000000	1.000000
1.000000	1.000000	1.000000	212.000000	417.000000	391.000000	193.000000	1.000000	245.000000	1.000000	421.000000	398.000000	215.000000	438.000000	1.000000	1.000000	1.000000	1.000000	1.000000	1.000000	1.000000
1.000000	1.000000	1.000000	220.000000	191.000000	382.000000	539.000000	419.000000	412.000000	1.000000	389.000000	404.000000	574.000000	733.000000	215.000000	1.000000	1.000000	1.000000	1.000000	1.000000	1.000000
1.000000	1.000000	1.000000	1.000000	220.000000	612.000000	1.000000	353.000000	1.000000	1.000000	574.000000	182.000000	181.000000	561.000000	376.000000	1.000000	182.000000	1.000000	1.000000	1.000000	1.000000
1.000000	1.000000	1.000000	383.000000	174.000000	1.000000	1.000000	1.000000	1.000000	1.000000	647.000000	1.000000	1.000000	1.000000	1.000000	1.000000	1.000000	1.000000	1.000000	1.000000	1.000000
1.000000	1.000000	1.000000	208.000000	200.000000	1.000000	1.000000	1.000000	1.000000	1.000000	1.000000	386.000000	1.000000	1.000000	1.000000	1.000000	1.000000	1.000000	1.000000	1.000000	1.000000
1.000000	1.000000	1.000000	1.000000	1.000000	1.000000	1.000000	427.000000	1.000000	1.000000	1.000000	1.000000	1.000000	189.000000	178.000000	1.000000	1.000000	1.000000	1.000000	1.000000	1.000000
1.000000	1.000000	1.000000	354.000000	1.000000	603.000000	530.000000	536.000000	1062.000000	639.000000	1.000000	1.000000	1.000000	1.000000	194.000000	356.000000	1.000000	1.000000	1.000000	1.000000	1.000000
1.000000	1.000000	1.000000	1.000000	1.000000	1.000000	1.000000	548.000000	827.000000	688.000000	866.000000	589.000000	185.000000	1.000000	1.000000	1.000000	1.000000	1.000000	1.000000	1.000000	1.000000
1.000000	1.000000	1.000000	1.000000	1.000000	1.000000	1.000000	1.000000	224.000000	216.000000	1.000000	1.000000	220.000000	1.000000	1.000000	1.000000	1.000000	1.000000	1.000000	1.000000	1.000000
1.000000	1.000000	1.000000	1.000000	1.000000	241.000000	665.000000	427.000000	1.000000	1.000000	1.000000	1.000000	1.000000	1.000000	1.000000	1.000000	1.000000	1.000000	1.000000	1.000000	1.000000
1.000000	1.000000	1.000000	1.000000	1.000000	1.000000	1002.000000	1510.000000	615.000000	184.000000	1.000000	242.000000	245.000000	1.000000	1.000000	1.000000	1.000000	1.000000	1.000000	1.000000	1.000000
1.000000	1.000000	1.000000	1.000000	1.000000	1.000000	1.000000	222.000000	220.000000	1.000000	1.000000	1.000000	1.000000	1.000000	1.000000	1.000000	1.000000	1.000000	1.000000	1.000000	1.000000
1.000000	1.000000	1.000000	1.000000	1.000000	1.000000	1.000000	1.000000	1.000000	1.000000	1.000000	1.000000	1.000000	1.000000	1.000000	1.000000	1.000000	1.000000	1.000000	1.000000	1.000000
1.000000	1.000000	1.000000	1.000000	1.000000	1.000000	1.000000	1.000000	1.000000	1.000000	1.000000	1.000000	1.000000	1.000000	1.000000	1.000000	1.000000	1.000000	1.000000	1.000000	1.000000
1.000000	1.000000	1.000000	1.000000	1.000000	1.000000	1.000000	1.000000	1.000000	1.000000	1.000000	1.000000	1.000000	1.000000	1.000000	1.000000	1.000000	1.000000	1.000000	1.000000	1.000000
1.000000	1.000000	1.000000	1.000000	1.000000	1.000000	1.000000	1.000000	1.000000	1.000000	1.000000	1.000000	1.000000	1.000000	1.000000	1.000000	1.000000	1.000000	1.000000	1.000000	1.000000
1.000000	1.000000	1.000000	1.000000	1.000000	1.000000	1.000000	1.000000	1.000000	1.000000	1.000000	1.000000	1.000000	1.000000	1.000000	1.000000	1.000000	1.000000	1.000000	1.000000	1.000000
1.000000	1.000000	1.000000	1.000000	1.000000	1.000000	1.000000	1.000000	1.000000	1.000000	1.000000	1.000000	1.000000	1.000000	1.000000	1.000000	1.000000	1.000000	1.000000	1.000000	1.000000
