21 25 0
1.000000	1.000000	1.000000	1.000000	1.000000	1.000000	1.000000	1.000000	1.000000	361.000000	865.000000	919.000000	670.000000	228.000000	193.000000	1.000000	1.000000	1.000000	1.000000	1.000000	1.000000
1.000000	1.000000	1.000000	1.000000	350.000000	179.000000	175.000000	175.000000	363.000000	1010.000000	858.000000	418.000000	1.000000	1.000000	1.000000	1.000000	1.000000	1.000000	1.000000	1.000000	1.000000
1.000000	1.000000	1.000000	177.000000	348.000000	160.000000	1.000000	186.000000	173.000000	390.000000	202.000000	1.000000	1.000000	1.000000	1.000000	1.000000	1.000000	1.000000	1.000000	1.000000	1.000000
1.000000	1.000000	1.000000	1.000000	675.000000	183.000000	1.000000	1.000000	170.000000	171.000000	359.000000	176.000000	1.000000	1.000000	1.000000	1.000000	1.000000	1.000000	1.000000	1.000000	1.000000
1.000000	1.000000	1.000000	1.000000	1.000000	175.000000	198.000000	1.000000	173.000000	172.000000	417.000000	1.000000	1.000000	1.000000	1.000000	1.000000	1.000000	1.000000	1.000000	1.000000	1.000000
1.000000	1.000000	1.000000	210.000000	1.000000	1.000000	178.000000	1.000000	172.000000	1.000000	1.000000	1.000000	1.000000	422.000000	242.000000	1.000000	1.000000	1.000000	1.000000	1.000000	1.000000
1.000000	1.000000	1.000000	202.000000	248.000000	1.000000	1.000000	1.000000	1.000000	1.000000	1.000000	1.000000	257.000000	226.000000	1.000000	256.000000	1.000000	1.000000	1.000000	1.000000	1.000000
1.000000	1.000000	1.000000	1.000000	1.000000	1.000000	1.000000	485.000000	620.000000	588.000000	1.000000	1.000000	1.000000	1.000000	462.000000	475.000000	199.000000	1.000000	1.000000	1.000000	1.000000
1.000000	1.000000	1.000000	211.000000	1.000000	403.000000	426.000000	621.000000	587.000000	631.000000	429.000000	189.000000	195.000000	395.000000	863.000000	588.000000	1.000000	1.000000	1.000000	1.000000	1.000000
1.000000	1.000000	1.000000	1.000000	1.000000	345.000000	513.000000	216.000000	607.000000	617.000000	556.000000	370.000000	191.000000	577.000000	930.000000	199.000000	199.000000	1.000000	1.000000	1.000000	1.000000
1.000000	1.000000	1.000000	1.000000	172.000000	1.000000	212.000000	181.000000	634.000000	186.000000	178.000000	182.000000	1.000000	379.000000	1.000000	1.000000	1.000000	1.000000	1.000000	1.000000	1.000000
1.000000	1.000000	1.000000	1.000000	1.000000	1.000000	201.000000	188.000000	1.000000	535.000000	1.000000	1.000000	1.000000	1.000000	1.000000	1.000000	1.000000	1.000000	1.000000	1.000000	1.000000
1.000000	1.000000	1.000000	1.000000	1.000000	1.000000	572.000000	1.000000	1.000000	1.000000	1.000000	1.000000	426.000000	219.000000	1.000000	1.000000	1.000000	1.000000	1.000000	1.000000	1.000000
1.000000	1.000000	1.000000	1.000000	525.000000	1166.000000	823.000000	1.000000	1.000000	1.000000	434.000000	589.000000	175.000000	1.000000	195.000000	157.000000	185.000000	1.000000	1.000000	1.000000	1.000000
1.000000	1.000000	1.000000	1.000000	356.000000	1.000000	1.000000	1.000000	461.000000	935.000000	884.000000	600.000000	377.000000	1.000000	1.000000	198.000000	1.000000	1.000000	1.000000	1.000000	1.000000
1.000000	1.000000	1.000000	1.000000	1.000000	1.000000	1.000000	1.000000	217.000000	217.000000	1.000000	1.000000	1.000000	1.000000	192.000000	444.000000	1.000000	1.000000	1.000000	1.000000	1.000000
1.000000	1.000000	1.000000	1.000000	1.000000	1.000000	1.000000	1.000000	1.000000	1.000000	1.000000	252.000000	1.000000	373.000000	1003.000000	426.000000	1.000000	1.000000	1.000000	1.000000	1.000000
1.000000	1.000000	1.000000	1.000000	1.000000	421.000000	1.000000	202.000000	1.000000	446.000000	252.000000	185.000000	377.000000	614.000000	806.000000	193.000000	1.000000	1.000000	1.000000	1.000000	1.000000
1.000000	1.000000	1.000000	1.000000	1.000000	1.000000	1.000000	1.000000	244.000000	234.000000	1.000000	1.000000	1.000000	200.000000	1.000000	1.000000	1.000000	1.000000	1.000000	1.000000	1.000000
1.000000	1.000000	1.000000	1.000000	1.000000	1.000000	1.000000	1.000000	1.000000	1.000000	1.000000	1.000000	1.000000	1.000000	1.000000	1.000000	1.000000	1.000000	1.000000	1.000000	1.000000
1.000000	1.000000	1.000000	1.000000	1.000000	1.000000	1.000000	1.000000	1.000000	1.000000	1.000000	1.000000	1.000000	1.000000	1.000000	1.000000	1.000000	1.000000	1.000000	1.000000	1.000000
1.000000	1.000000	1.000000	1.000000	1.000000	1.000000	1.000000	1.000000	1.000000	1.000000	1.000000	1.000000	1.000000	1.000000	1.000000	1.000000	1.000000	1.000000	1.000000	1.000000	1.000000
1.000000	1.000000	1.000000	1.000000	1.000000	1.000000	1.000000	1.000000	1.000000	1.000000	1.000000	1.000000	1.000000	1.000000	1.000000	1.000000	1.000000	1.000000	1.000000	1.000000	1.000000
1.000000	1.000000	1.000000	1.000000	1.000000	1.000000	1.000000	1.000000	1.000000	1.000000	1.000000	1.000000	1.000000	1.000000	1.000000	1.000000	1.000000	1.000000	1.000000	1.000000	1.000000
1.000000	1.000000	1.000000	1.000000	1.000000	1.000000	1.000000	1.000000	1.000000	1.000000	1.000000	1.000000	1.000000	1.000000	1.000000	1.000000	1.000000	1.000000	1.000000	1.000000	1.000000
