21 25 0
1.000000	1.000000	1.000000	1.000000	1.000000	370.000000	369.000000	1.000000	1.000000	202.000000	1.000000	1.000000	1.000000	399.000000	1.000000	1.000000	1.000000	1.000000	1.000000	1.000000	1.000000
1.000000	1.000000	1.000000	169.000000	170.000000	169.000000	1.000000	1.000000	1.000000	1.000000	208.000000	694.000000	1144.000000	485.000000	247.000000	1.000000	1.000000	1.000000	1.000000	1.000000	1.000000
1.000000	1.000000	1.000000	175.000000	175.000000	174.000000	1.000000	1.000000	1.000000	172.000000	738.000000	612.000000	410.000000	1.000000	1.000000	235.000000	240.000000	1.000000	1.000000	1.000000	1.000000
1.000000	1.000000	1.000000	1.000000	1.000000	1.000000	1.000000	1.000000	1.000000	1.000000	203.000000	1.000000	1.000000	253.000000	227.000000	1.000000	1.000000	1.000000	1.000000	1.000000	1.000000
1.000000	1.000000	1.000000	193.000000	238.000000	193.000000	237.000000	247.000000	1.000000	1.000000	1.000000	246.000000	684.000000	736.000000	251.000000	420.000000	1.000000	1.000000	1.000000	1.000000	1.000000
1.000000	1.000000	232.000000	666.000000	1152.000000	1128.000000	1148.000000	984.000000	958.000000	617.000000	824.000000	926.000000	892.000000	703.000000	960.000000	1110.000000	663.000000	1.000000	1.000000	1.000000	1.000000
1.000000	1.000000	1.000000	437.000000	887.000000	970.000000	969.000000	923.000000	1056.000000	967.000000	363.000000	221.000000	823.000000	691.000000	959.000000	935.000000	218.000000	1.000000	1.000000	1.000000	1.000000
1.000000	1.000000	1.000000	495.000000	464.000000	469.000000	249.000000	245.000000	233.000000	413.000000	185.000000	190.000000	185.000000	207.000000	207.000000	253.000000	1.000000	1.000000	1.000000	1.000000	1.000000
1.000000	1.000000	1.000000	256.000000	245.000000	223.000000	195.000000	1.000000	1.000000	1.000000	1.000000	1.000000	1.000000	1.000000	1.000000	1.000000	1.000000	1.000000	1.000000	1.000000	1.000000
1.000000	1.000000	1.000000	1.000000	170.000000	170.000000	1.000000	1.000000	1.000000	1.000000	1.000000	1.000000	1.000000	1.000000	1.000000	1.000000	1.000000	1.000000	1.000000	1.000000	1.000000
1.000000	1.000000	1.000000	405.000000	197.000000	1.000000	1.000000	1.000000	1.000000	1.000000	1.000000	1.000000	197.000000	197.000000	623.000000	789.000000	182.000000	1.000000	1.000000	1.000000	1.000000
1.000000	1.000000	200.000000	564.000000	1184.000000	1181.000000	706.000000	548.000000	858.000000	655.000000	417.000000	366.000000	197.000000	609.000000	799.000000	783.000000	404.000000	1.000000	1.000000	1.000000	1.000000
1.000000	1.000000	1.000000	386.000000	529.000000	1.000000	194.000000	563.000000	869.000000	1442.000000	1548.000000	1214.000000	1018.000000	558.000000	1.000000	192.000000	1.000000	1.000000	1.000000	1.000000	1.000000
1.000000	1.000000	1.000000	1.000000	1.000000	197.000000	197.000000	1.000000	428.000000	635.000000	900.000000	398.000000	1.000000	183.000000	189.000000	189.000000	1.000000	1.000000	1.000000	1.000000	1.000000
1.000000	1.000000	1.000000	1.000000	173.000000	172.000000	1.000000	390.000000	1.000000	1.000000	1.000000	1.000000	1.000000	359.000000	178.000000	1.000000	1.000000	1.000000	1.000000	1.000000	1.000000
1.000000	1.000000	1.000000	168.000000	168.000000	347.000000	767.000000	1306.000000	1338.000000	686.000000	675.000000	627.000000	631.000000	705.000000	1.000000	1.000000	1.000000	1.000000	1.000000	1.000000	1.000000
1.000000	1.000000	1.000000	1.000000	1.000000	1.000000	1.000000	210.000000	892.000000	1158.000000	1143.000000	1283.000000	621.000000	841.000000	1.000000	1.000000	1.000000	1.000000	1.000000	1.000000	1.000000
1.000000	1.000000	1.000000	1.000000	173.000000	1.000000	1.000000	1.000000	1.000000	1.000000	1.000000	245.000000	1.000000	1.000000	183.000000	193.000000	1.000000	1.000000	1.000000	1.000000	1.000000
1.000000	1.000000	1.000000	1.000000	1.000000	420.000000	203.000000	191.000000	1.000000	1.000000	187.000000	187.000000	372.000000	184.000000	172.000000	172.000000	1.000000	1.000000	1.000000	1.000000	1.000000
1.000000	1.000000	1.000000	1.000000	1.000000	1.000000	221.000000	204.000000	181.000000	166.000000	171.000000	170.000000	170.000000	1.000000	1.000000	1.000000	1.000000	1.000000	1.000000	1.000000	1.000000
1.000000	1.000000	1.000000	1.000000	1.000000	1.000000	1.000000	1.000000	1.000000	1.000000	1.000000	1.000000	1.000000	1.000000	1.000000	1.000000	1.000000	1.000000	1.000000	1.000000	1.000000
1.000000	1.000000	1.000000	1.000000	1.000000	1.000000	1.000000	1.000000	1.000000	1.000000	1.000000	1.000000	1.000000	1.000000	1.000000	1.000000	1.000000	1.000000	1.000000	1.000000	1.000000
1.000000	1.000000	1.000000	1.000000	1.000000	1.000000	1.000000	1.000000	1.000000	1.000000	1.000000	1.000000	1.000000	1.000000	1.000000	1.000000	1.000000	1.000000	1.000000	1.000000	1.000000
1.000000	1.000000	1.000000	1.000000	1.000000	1.000000	1.000000	1.000000	1.000000	1.000000	1.000000	1.000000	1.000000	1.000000	1.000000	1.000000	1.000000	1.000000	1.000000	1.000000	1.000000
1.000000	1.000000	1.000000	1.000000	1.000000	1.000000	1.000000	1.000000	1.000000	1.000000	1.000000	1.000000	1.000000	1.000000	1.000000	1.000000	1.000000	1.000000	1.000000	1.000000	1.000000
