21 25 0
1.000000	1.000000	1.000000	1.000000	1.000000	1.000000	1.000000	1.000000	1.000000	199.000000	797.000000	903.000000	689.000000	674.000000	626.000000	461.000000	697.000000	1.000000	1.000000	1.000000	1.000000
1.000000	1.000000	1.000000	1.000000	178.000000	178.000000	350.000000	358.000000	372.000000	931.000000	432.000000	229.000000	1.000000	1.000000	1.000000	1.000000	198.000000	1.000000	1.000000	1.000000	1.000000
1.000000	1.000000	1.000000	223.000000	158.000000	164.000000	164.000000	166.000000	165.000000	201.000000	1.000000	1.000000	1.000000	433.000000	453.000000	213.000000	1.000000	1.000000	1.000000	1.000000	1.000000
1.000000	1.000000	232.000000	679.000000	874.000000	693.000000	509.000000	460.000000	192.000000	1.000000	208.000000	226.000000	659.000000	637.000000	637.000000	231.000000	1.000000	1.000000	1.000000	1.000000	1.000000
1.000000	1.000000	1.000000	378.000000	985.000000	1196.000000	1188.000000	803.000000	357.000000	374.000000	210.000000	174.000000	395.000000	623.000000	635.000000	233.000000	1.000000	1.000000	1.000000	1.000000	1.000000
1.000000	1.000000	1.000000	256.000000	198.000000	194.000000	222.000000	232.000000	232.000000	1.000000	173.000000	189.000000	184.000000	252.000000	212.000000	252.000000	1.000000	1.000000	1.000000	1.000000	1.000000
1.000000	1.000000	1.000000	256.000000	485.000000	178.000000	236.000000	246.000000	1.000000	189.000000	189.000000	1.000000	1.000000	418.000000	422.000000	435.000000	213.000000	1.000000	1.000000	1.000000	1.000000
1.000000	1.000000	1.000000	231.000000	410.000000	180.000000	883.000000	968.000000	679.000000	185.000000	397.000000	450.000000	253.000000	234.000000	491.000000	688.000000	464.000000	1.000000	1.000000	1.000000	1.000000
1.000000	1.000000	1.000000	211.000000	614.000000	429.000000	878.000000	1231.000000	1005.000000	386.000000	539.000000	959.000000	596.000000	640.000000	860.000000	556.000000	1.000000	1.000000	1.000000	1.000000	1.000000
1.000000	1.000000	1.000000	370.000000	1177.000000	1056.000000	1003.000000	215.000000	397.000000	1007.000000	546.000000	375.000000	763.000000	791.000000	614.000000	578.000000	204.000000	1.000000	1.000000	1.000000	1.000000
1.000000	1.000000	1.000000	404.000000	412.000000	212.000000	204.000000	1.000000	1.000000	485.000000	453.000000	174.000000	1.000000	1.000000	354.000000	354.000000	1.000000	1.000000	1.000000	1.000000	1.000000
1.000000	1.000000	1.000000	1.000000	213.000000	197.000000	219.000000	219.000000	1.000000	234.000000	445.000000	188.000000	1.000000	1.000000	1.000000	1.000000	1.000000	1.000000	1.000000	1.000000	1.000000
1.000000	1.000000	1.000000	1.000000	1.000000	167.000000	375.000000	410.000000	1.000000	1.000000	1.000000	1.000000	1.000000	190.000000	1.000000	1.000000	1.000000	1.000000	1.000000	1.000000	1.000000
1.000000	1.000000	1.000000	182.000000	1190.000000	1166.000000	953.000000	727.000000	838.000000	857.000000	834.000000	660.000000	167.000000	201.000000	742.000000	368.000000	341.000000	1.000000	1.000000	1.000000	1.000000
1.000000	1.000000	1.000000	1.000000	1.000000	1.000000	343.000000	392.000000	919.000000	1215.000000	1566.000000	1415.000000	1123.000000	579.000000	1.000000	198.000000	1.000000	1.000000	1.000000	1.000000	1.000000
1.000000	1.000000	1.000000	1.000000	1.000000	1.000000	1.000000	1.000000	255.000000	225.000000	213.000000	245.000000	1.000000	1.000000	183.000000	375.000000	1.000000	1.000000	1.000000	1.000000	1.000000
1.000000	1.000000	1.000000	1.000000	1.000000	228.000000	191.000000	1.000000	1.000000	1.000000	251.000000	1.000000	1.000000	176.000000	1.000000	1.000000	1.000000	1.000000	1.000000	1.000000	1.000000
1.000000	1.000000	1.000000	1.000000	1.000000	219.000000	1062.000000	1254.000000	1187.000000	920.000000	449.000000	665.000000	572.000000	1088.000000	205.000000	1.000000	1.000000	1.000000	1.000000	1.000000	1.000000
1.000000	1.000000	1.000000	1.000000	1.000000	1.000000	1.000000	1.000000	250.000000	465.000000	1.000000	1.000000	248.000000	190.000000	190.000000	1.000000	1.000000	1.000000	1.000000	1.000000	1.000000
1.000000	1.000000	1.000000	1.000000	1.000000	1.000000	1.000000	1.000000	1.000000	1.000000	1.000000	1.000000	1.000000	1.000000	1.000000	1.000000	1.000000	1.000000	1.000000	1.000000	1.000000
1.000000	1.000000	1.000000	1.000000	1.000000	1.000000	1.000000	1.000000	1.000000	1.000000	1.000000	1.000000	1.000000	1.000000	1.000000	1.000000	1.000000	1.000000	1.000000	1.000000	1.000000
1.000000	1.000000	1.000000	1.000000	1.000000	1.000000	1.000000	1.000000	1.000000	1.000000	1.000000	1.000000	1.000000	1.000000	1.000000	1.000000	1.000000	1.000000	1.000000	1.000000	1.000000
1.000000	1.000000	1.000000	1.000000	1.000000	1.000000	1.000000	1.000000	1.000000	1.000000	1.000000	1.000000	1.000000	1.000000	1.000000	1.000000	1.000000	1.000000	1.000000	1.000000	1.000000
1.000000	1.000000	1.000000	1.000000	1.000000	1.000000	1.000000	1.000000	1.000000	1.000000	1.000000	1.000000	1.000000	1.000000	1.000000	1.000000	1.000000	1.000000	1.000000	1.000000	1.000000
1.000000	1.000000	1.000000	1.000000	1.000000	1.000000	1.000000	1.000000	1.000000	1.000000	1.000000	1.000000	1.000000	1.000000	1.000000	1.000000	1.000000	1.000000	1.000000	1.000000	1.000000
