21 25 0
1.000000	1.000000	1.000000	1.000000	1.000000	161.000000	184.000000	1.000000	171.000000	202.000000	1.000000	1.000000	1.000000	194.000000	1.000000	1.000000	239.000000	1.000000	1.000000	1.000000	1.000000
1.000000	1.000000	1.000000	196.000000	173.000000	1.000000	1.000000	1.000000	1.000000	1.000000	1.000000	228.000000	199.000000	176.000000	1.000000	1.000000	218.000000	1.000000	1.000000	1.000000	1.000000
1.000000	1.000000	1.000000	174.000000	176.000000	1.000000	1.000000	1.000000	1.000000	1.000000	1.000000	1.000000	204.000000	1.000000	1.000000	1.000000	1.000000	1.000000	1.000000	1.000000	1.000000
1.000000	1.000000	1.000000	176.000000	1.000000	1.000000	1.000000	1.000000	1.000000	1.000000	1.000000	1.000000	1.000000	201.000000	228.000000	1.000000	1.000000	1.000000	1.000000	1.000000	1.000000
1.000000	1.000000	1.000000	1.000000	1.000000	1.000000	1.000000	252.000000	1.000000	1.000000	1.000000	230.000000	491.000000	471.000000	1.000000	1.000000	1.000000	1.000000	1.000000	1.000000	1.000000
1.000000	1.000000	232.000000	480.000000	479.000000	250.000000	508.000000	983.000000	475.000000	1.000000	826.000000	959.000000	703.000000	452.000000	679.000000	241.000000	1.000000	1.000000	1.000000	1.000000	1.000000
1.000000	1.000000	248.000000	423.000000	883.000000	472.000000	956.000000	640.000000	402.000000	218.000000	470.000000	635.000000	849.000000	861.000000	452.000000	674.000000	1.000000	1.000000	1.000000	1.000000	1.000000
1.000000	1.000000	1.000000	241.000000	489.000000	253.000000	225.000000	212.000000	230.000000	1.000000	1.000000	195.000000	373.000000	372.000000	1.000000	1.000000	1.000000	1.000000	1.000000	1.000000	1.000000
1.000000	1.000000	1.000000	245.000000	254.000000	224.000000	1.000000	1.000000	1.000000	1.000000	195.000000	1.000000	1.000000	1.000000	1.000000	1.000000	1.000000	1.000000	1.000000	1.000000	1.000000
1.000000	1.000000	1.000000	1.000000	1.000000	1.000000	1.000000	1.000000	1.000000	1.000000	200.000000	1.000000	1.000000	1.000000	1.000000	1.000000	1.000000	1.000000	1.000000	1.000000	1.000000
1.000000	1.000000	1.000000	201.000000	1.000000	1.000000	394.000000	1.000000	179.000000	1.000000	1.000000	1.000000	1.000000	1.000000	1.000000	1.000000	1.000000	1.000000	1.000000	1.000000	1.000000
1.000000	1.000000	1.000000	392.000000	793.000000	579.000000	218.000000	557.000000	1.000000	1.000000	648.000000	488.000000	221.000000	1.000000	400.000000	412.000000	190.000000	1.000000	1.000000	1.000000	1.000000
1.000000	1.000000	1.000000	360.000000	361.000000	1.000000	1.000000	171.000000	1.000000	251.000000	906.000000	835.000000	450.000000	365.000000	1.000000	183.000000	1.000000	1.000000	1.000000	1.000000	1.000000
1.000000	1.000000	1.000000	1.000000	1.000000	1.000000	1.000000	1.000000	196.000000	241.000000	236.000000	231.000000	1.000000	1.000000	183.000000	190.000000	1.000000	1.000000	1.000000	1.000000	1.000000
1.000000	1.000000	1.000000	1.000000	1.000000	1.000000	1.000000	1.000000	1.000000	1.000000	1.000000	1.000000	1.000000	168.000000	184.000000	1.000000	1.000000	1.000000	1.000000	1.000000	1.000000
1.000000	1.000000	1.000000	1.000000	1.000000	1.000000	1.000000	353.000000	169.000000	193.000000	1.000000	627.000000	829.000000	655.000000	231.000000	1.000000	1.000000	1.000000	1.000000	1.000000	1.000000
1.000000	1.000000	1.000000	1.000000	1.000000	1.000000	1.000000	1.000000	1.000000	199.000000	407.000000	855.000000	888.000000	196.000000	1.000000	1.000000	159.000000	1.000000	1.000000	1.000000	1.000000
1.000000	1.000000	1.000000	1.000000	179.000000	1.000000	1.000000	1.000000	225.000000	1.000000	1.000000	1.000000	1.000000	1.000000	1.000000	1.000000	349.000000	1.000000	1.000000	1.000000	1.000000
1.000000	1.000000	1.000000	1.000000	1.000000	1.000000	1.000000	1.000000	1.000000	1.000000	1.000000	166.000000	167.000000	1.000000	167.000000	178.000000	1.000000	1.000000	1.000000	1.000000	1.000000
1.000000	1.000000	1.000000	1.000000	1.000000	1.000000	1.000000	1.000000	1.000000	1.000000	167.000000	1.000000	1.000000	1.000000	1.000000	1.000000	1.000000	1.000000	1.000000	1.000000	1.000000
1.000000	1.000000	1.000000	1.000000	1.000000	1.000000	1.000000	1.000000	1.000000	1.000000	1.000000	1.000000	1.000000	1.000000	1.000000	1.000000	1.000000	1.000000	1.000000	1.000000	1.000000
1.000000	1.000000	1.000000	1.000000	1.000000	1.000000	1.000000	1.000000	1.000000	1.000000	1.000000	1.000000	1.000000	1.000000	1.000000	1.000000	1.000000	1.000000	1.000000	1.000000	1.000000
1.000000	1.000000	1.000000	1.000000	1.000000	1.000000	1.000000	1.000000	1.000000	1.000000	1.000000	1.000000	1.000000	1.000000	1.000000	1.000000	1.000000	1.000000	1.000000	1.000000	1.000000
1.000000	1.000000	1.000000	1.000000	1.000000	1.000000	1.000000	1.000000	1.000000	1.000000	1.000000	1.000000	1.000000	1.000000	1.000000	1.000000	1.000000	1.000000	1.000000	1.000000	1.000000
1.000000	1.000000	1.000000	1.000000	1.000000	1.000000	1.000000	1.000000	1.000000	1.000000	1.000000	1.000000	1.000000	1.000000	1.000000	1.000000	1.000000	1.000000	1.000000	1.000000	1.000000
