21 25 0
1.000000	1.000000	1.000000	1.000000	1.000000	1.000000	184.000000	194.000000	192.000000	1.000000	1.000000	1.000000	1.000000	229.000000	403.000000	1.000000	710.000000	1.000000	1.000000	1.000000	1.000000
1.000000	1.000000	1.000000	1.000000	175.000000	1.000000	1.000000	176.000000	172.000000	1.000000	1.000000	1.000000	1.000000	1.000000	170.000000	213.000000	459.000000	1.000000	1.000000	1.000000	1.000000
1.000000	1.000000	205.000000	187.000000	348.000000	1.000000	175.000000	1.000000	1.000000	1.000000	1.000000	1.000000	1.000000	177.000000	204.000000	214.000000	1.000000	1.000000	1.000000	1.000000	1.000000
1.000000	1.000000	1.000000	184.000000	176.000000	1.000000	1.000000	1.000000	1.000000	1.000000	1.000000	1.000000	1.000000	173.000000	1.000000	1.000000	1.000000	1.000000	1.000000	1.000000	1.000000
1.000000	1.000000	1.000000	1.000000	1.000000	1.000000	1.000000	1.000000	1.000000	1.000000	1.000000	231.000000	1.000000	1.000000	1.000000	205.000000	1.000000	1.000000	1.000000	1.000000	1.000000
1.000000	1.000000	1.000000	1.000000	1.000000	1.000000	238.000000	246.000000	1.000000	1.000000	377.000000	649.000000	1.000000	1.000000	247.000000	473.000000	1.000000	1.000000	1.000000	1.000000	1.000000
1.000000	1.000000	249.000000	1.000000	1.000000	1.000000	238.000000	1.000000	1.000000	1.000000	873.000000	190.000000	375.000000	1.000000	247.000000	447.000000	1.000000	1.000000	1.000000	1.000000	1.000000
1.000000	1.000000	246.000000	1.000000	503.000000	477.000000	1.000000	1.000000	183.000000	1.000000	839.000000	379.000000	401.000000	1.000000	1.000000	1.000000	1.000000	1.000000	1.000000	1.000000	1.000000
1.000000	1.000000	1.000000	1.000000	665.000000	900.000000	1.000000	421.000000	623.000000	1.000000	812.000000	387.000000	209.000000	1.000000	1.000000	1.000000	1.000000	1.000000	1.000000	1.000000	1.000000
1.000000	1.000000	1.000000	1.000000	444.000000	425.000000	1.000000	191.000000	553.000000	1.000000	891.000000	597.000000	1.000000	225.000000	1.000000	1.000000	1.000000	1.000000	1.000000	1.000000	1.000000
1.000000	1.000000	1.000000	1.000000	204.000000	392.000000	195.000000	526.000000	539.000000	1.000000	847.000000	815.000000	218.000000	1.000000	1.000000	1.000000	1.000000	1.000000	1.000000	1.000000	1.000000
1.000000	1.000000	1.000000	1.000000	1.000000	1.000000	201.000000	733.000000	545.000000	1.000000	737.000000	829.000000	219.000000	1.000000	191.000000	1.000000	1.000000	1.000000	1.000000	1.000000	1.000000
1.000000	1.000000	1.000000	184.000000	1.000000	1.000000	1.000000	549.000000	795.000000	1.000000	662.000000	956.000000	205.000000	201.000000	973.000000	1.000000	1.000000	1.000000	1.000000	1.000000	1.000000
1.000000	1.000000	1.000000	1.000000	1.000000	1.000000	1.000000	592.000000	859.000000	1.000000	1.000000	956.000000	1.000000	1.000000	614.000000	1.000000	1.000000	1.000000	1.000000	1.000000	1.000000
1.000000	1.000000	1.000000	1.000000	1.000000	1.000000	1.000000	380.000000	385.000000	1.000000	1.000000	224.000000	1.000000	1.000000	190.000000	1.000000	1.000000	1.000000	1.000000	1.000000	1.000000
1.000000	1.000000	1.000000	1.000000	1.000000	1.000000	189.000000	204.000000	1.000000	1.000000	1.000000	620.000000	710.000000	187.000000	1.000000	1.000000	1.000000	1.000000	1.000000	1.000000	1.000000
1.000000	1.000000	1.000000	1.000000	1.000000	1.000000	445.000000	432.000000	238.000000	1.000000	1.000000	621.000000	743.000000	187.000000	1.000000	1.000000	350.000000	1.000000	1.000000	1.000000	1.000000
1.000000	1.000000	181.000000	1.000000	212.000000	1.000000	438.000000	1121.000000	239.000000	1.000000	1.000000	235.000000	502.000000	1.000000	1.000000	1.000000	389.000000	1.000000	1.000000	1.000000	1.000000
1.000000	1.000000	1.000000	189.000000	1.000000	1.000000	213.000000	234.000000	1.000000	1.000000	1.000000	235.000000	1.000000	1.000000	1.000000	1.000000	1.000000	1.000000	1.000000	1.000000	1.000000
1.000000	1.000000	1.000000	1.000000	1.000000	1.000000	1.000000	1.000000	1.000000	1.000000	1.000000	1.000000	1.000000	1.000000	1.000000	1.000000	1.000000	1.000000	1.000000	1.000000	1.000000
1.000000	1.000000	1.000000	1.000000	1.000000	1.000000	1.000000	1.000000	1.000000	1.000000	1.000000	1.000000	1.000000	1.000000	1.000000	1.000000	1.000000	1.000000	1.000000	1.000000	1.000000
1.000000	1.000000	1.000000	1.000000	1.000000	1.000000	1.000000	1.000000	1.000000	1.000000	1.000000	1.000000	1.000000	1.000000	1.000000	1.000000	1.000000	1.000000	1.000000	1.000000	1.000000
1.000000	1.000000	1.000000	1.000000	1.000000	1.000000	1.000000	1.000000	1.000000	1.000000	1.000000	1.000000	1.000000	1.000000	1.000000	1.000000	1.000000	1.000000	1.000000	1.000000	1.000000
1.000000	1.000000	1.000000	1.000000	1.000000	1.000000	1.000000	1.000000	1.000000	1.000000	1.000000	1.000000	1.000000	1.000000	1.000000	1.000000	1.000000	1.000000	1.000000	1.000000	1.000000
1.000000	1.000000	1.000000	1.000000	1.000000	1.000000	1.000000	1.000000	1.000000	1.000000	1.000000	1.000000	1.000000	1.000000	1.000000	1.000000	1.000000	1.000000	1.000000	1.000000	1.000000
