21 25 0
1.000000	1.000000	1.000000	1.000000	179.000000	663.000000	1.000000	441.000000	896.000000	1.000000	206.000000	449.000000	869.000000	208.000000	1.000000	185.000000	1.000000	1.000000	1.000000	1.000000	1.000000
1.000000	1.000000	176.000000	1.000000	1.000000	214.000000	1.000000	421.000000	238.000000	1.000000	233.000000	236.000000	598.000000	1.000000	1.000000	1.000000	176.000000	1.000000	1.000000	1.000000	1.000000
1.000000	1.000000	1.000000	1.000000	1.000000	1.000000	1.000000	1.000000	1.000000	1.000000	219.000000	1.000000	401.000000	1.000000	1.000000	1.000000	365.000000	1.000000	210.000000	1.000000	1.000000
1.000000	1.000000	1.000000	1.000000	1.000000	1.000000	1.000000	1.000000	1.000000	1.000000	1.000000	1.000000	1.000000	1.000000	1.000000	1.000000	395.000000	1.000000	1.000000	1.000000	1.000000
1.000000	1.000000	1.000000	1.000000	1.000000	1.000000	1.000000	1.000000	1.000000	1.000000	1.000000	1.000000	1.000000	1.000000	1.000000	1.000000	362.000000	1.000000	1.000000	1.000000	1.000000
1.000000	1.000000	1.000000	1.000000	1.000000	1.000000	1.000000	186.000000	1.000000	1.000000	1.000000	1.000000	1.000000	203.000000	1.000000	1.000000	1.000000	207.000000	1.000000	1.000000	1.000000
1.000000	1.000000	1.000000	1.000000	1.000000	1.000000	1.000000	1.000000	1.000000	193.000000	1.000000	1.000000	1.000000	1.000000	1.000000	1.000000	1.000000	180.000000	1.000000	1.000000	1.000000
1.000000	1.000000	1.000000	1.000000	1.000000	1.000000	1.000000	1.000000	1.000000	804.000000	684.000000	1.000000	1.000000	1.000000	391.000000	181.000000	1.000000	1.000000	1.000000	1.000000	1.000000
1.000000	1.000000	1.000000	1.000000	1.000000	1.000000	1.000000	1.000000	498.000000	1430.000000	1255.000000	198.000000	1.000000	1.000000	222.000000	791.000000	181.000000	211.000000	1.000000	1.000000	1.000000
1.000000	1.000000	1.000000	1.000000	1.000000	1.000000	835.000000	416.000000	499.000000	1200.000000	1228.000000	213.000000	1.000000	1.000000	1.000000	787.000000	379.000000	211.000000	1.000000	1.000000	1.000000
1.000000	1.000000	237.000000	233.000000	1.000000	1.000000	1290.000000	833.000000	236.000000	681.000000	877.000000	225.000000	460.000000	388.000000	1.000000	590.000000	1.000000	211.000000	1.000000	1.000000	1.000000
1.000000	1.000000	238.000000	623.000000	181.000000	1.000000	223.000000	199.000000	1.000000	909.000000	881.000000	668.000000	849.000000	585.000000	1.000000	1.000000	1.000000	1.000000	1.000000	1.000000	1.000000
1.000000	1.000000	1.000000	398.000000	181.000000	1.000000	1.000000	1.000000	236.000000	692.000000	610.000000	731.000000	399.000000	396.000000	566.000000	1.000000	1.000000	1.000000	1.000000	1.000000	1.000000
1.000000	1.000000	1.000000	1.000000	1.000000	1.000000	1.000000	1.000000	1.000000	436.000000	250.000000	227.000000	418.000000	234.000000	395.000000	1.000000	206.000000	181.000000	1.000000	1.000000	1.000000
1.000000	1.000000	202.000000	1.000000	1.000000	199.000000	1.000000	1.000000	1.000000	1.000000	254.000000	1.000000	232.000000	234.000000	1.000000	1.000000	232.000000	182.000000	1.000000	1.000000	1.000000
1.000000	1.000000	190.000000	1.000000	1.000000	394.000000	1.000000	1.000000	1.000000	1.000000	1.000000	1.000000	1.000000	1.000000	1.000000	1.000000	1.000000	182.000000	213.000000	1.000000	1.000000
1.000000	1.000000	1.000000	197.000000	1.000000	386.000000	222.000000	1.000000	1.000000	492.000000	1.000000	1.000000	1.000000	396.000000	571.000000	1.000000	1.000000	182.000000	219.000000	1.000000	1.000000
1.000000	1.000000	1.000000	1.000000	1.000000	189.000000	639.000000	1.000000	1.000000	1.000000	1.000000	1.000000	1.000000	183.000000	1.000000	1.000000	1.000000	1.000000	1.000000	1.000000	1.000000
1.000000	1.000000	1.000000	1.000000	1.000000	1.000000	1.000000	1.000000	1.000000	1.000000	1.000000	1.000000	1.000000	1.000000	1.000000	1.000000	1.000000	1.000000	1.000000	1.000000	1.000000
1.000000	1.000000	1.000000	1.000000	1.000000	1.000000	1.000000	1.000000	1.000000	1.000000	1.000000	1.000000	1.000000	1.000000	1.000000	1.000000	1.000000	1.000000	1.000000	1.000000	1.000000
1.000000	1.000000	1.000000	1.000000	1.000000	1.000000	1.000000	1.000000	1.000000	1.000000	1.000000	1.000000	1.000000	1.000000	1.000000	1.000000	1.000000	1.000000	1.000000	1.000000	1.000000
1.000000	1.000000	1.000000	1.000000	1.000000	1.000000	1.000000	1.000000	1.000000	1.000000	1.000000	1.000000	1.000000	1.000000	1.000000	1.000000	1.000000	1.000000	1.000000	1.000000	1.000000
1.000000	1.000000	1.000000	1.000000	1.000000	1.000000	1.000000	1.000000	1.000000	1.000000	1.000000	1.000000	1.000000	1.000000	1.000000	1.000000	1.000000	1.000000	1.000000	1.000000	1.000000
1.000000	1.000000	1.000000	1.000000	1.000000	1.000000	1.000000	1.000000	1.000000	1.000000	1.000000	1.000000	1.000000	1.000000	1.000000	1.000000	1.000000	1.000000	1.000000	1.000000	1.000000
1.000000	1.000000	1.000000	1.000000	1.000000	1.000000	1.000000	1.000000	1.000000	1.000000	1.000000	1.000000	1.000000	1.000000	1.000000	1.000000	1.000000	1.000000	1.000000	1.000000	1.000000
