21 25 0
1.000000	1.000000	1.000000	192.000000	636.000000	999.000000	1451.000000	1291.000000	1111.000000	1156.000000	1388.000000	1340.000000	1230.000000	1156.000000	949.000000	364.000000	1.000000	1.000000	1.000000	1.000000	1.000000
1.000000	1.000000	201.000000	378.000000	172.000000	786.000000	578.000000	420.000000	446.000000	450.000000	653.000000	635.000000	610.000000	419.000000	205.000000	1.000000	558.000000	186.000000	184.000000	1.000000	1.000000
1.000000	1.000000	1.000000	1.000000	1.000000	1.000000	1.000000	1.000000	1.000000	1.000000	1.000000	1.000000	1.000000	1.000000	1.000000	179.000000	365.000000	371.000000	1.000000	1.000000	1.000000
1.000000	1.000000	1.000000	1.000000	1.000000	1.000000	1.000000	1.000000	1.000000	1.000000	1.000000	1.000000	1.000000	1.000000	185.000000	1.000000	1.000000	1.000000	1.000000	1.000000	1.000000
1.000000	1.000000	1.000000	1.000000	1.000000	196.000000	380.000000	774.000000	745.000000	1.000000	1.000000	1.000000	354.000000	961.000000	623.000000	1.000000	1.000000	1.000000	1.000000	1.000000	1.000000
1.000000	1.000000	1.000000	1.000000	1.000000	181.000000	381.000000	388.000000	181.000000	181.000000	1.000000	1.000000	174.000000	1.000000	1.000000	1.000000	1.000000	1.000000	1.000000	1.000000	1.000000
1.000000	1.000000	1.000000	1.000000	1.000000	1.000000	1.000000	1.000000	1.000000	1.000000	1.000000	1.000000	1.000000	1.000000	1.000000	1.000000	1.000000	1.000000	1.000000	1.000000	1.000000
1.000000	1.000000	1.000000	1.000000	1.000000	1.000000	1.000000	1.000000	1.000000	1.000000	1.000000	1.000000	1.000000	205.000000	1.000000	1.000000	1.000000	1.000000	1.000000	1.000000	1.000000
1.000000	1.000000	1.000000	1.000000	248.000000	1.000000	1.000000	436.000000	653.000000	446.000000	627.000000	1340.000000	1359.000000	812.000000	192.000000	192.000000	179.000000	1.000000	1.000000	1.000000	1.000000
1.000000	1.000000	1.000000	649.000000	908.000000	1083.000000	1713.000000	1824.000000	1831.000000	421.000000	1.000000	254.000000	936.000000	1200.000000	1583.000000	1341.000000	1092.000000	436.000000	224.000000	1.000000	1.000000
1.000000	1.000000	1.000000	1.000000	204.000000	1131.000000	1038.000000	804.000000	206.000000	1.000000	1.000000	202.000000	436.000000	582.000000	789.000000	355.000000	1.000000	1.000000	1.000000	1.000000	1.000000
1.000000	1.000000	1.000000	1.000000	1.000000	1.000000	1.000000	1.000000	1.000000	661.000000	461.000000	638.000000	708.000000	1.000000	1.000000	1.000000	1.000000	1.000000	1.000000	1.000000	1.000000
1.000000	1.000000	1.000000	1.000000	1.000000	1.000000	1.000000	1.000000	1.000000	1.000000	1.000000	1.000000	1.000000	1.000000	1.000000	1.000000	1.000000	1.000000	1.000000	1.000000	1.000000
1.000000	1.000000	1.000000	1.000000	1.000000	1.000000	1.000000	427.000000	638.000000	245.000000	252.000000	247.000000	370.000000	424.000000	1.000000	1.000000	1.000000	238.000000	1.000000	1.000000	1.000000
1.000000	1.000000	1.000000	1.000000	1.000000	1.000000	443.000000	1035.000000	1178.000000	1489.000000	1739.000000	1477.000000	1443.000000	1009.000000	1.000000	1.000000	1.000000	1.000000	1.000000	1.000000	1.000000
1.000000	1.000000	1.000000	1.000000	1.000000	1.000000	1.000000	1.000000	1.000000	1.000000	1.000000	1.000000	1.000000	1.000000	180.000000	180.000000	1.000000	1.000000	1.000000	1.000000	1.000000
1.000000	1.000000	192.000000	1.000000	1.000000	1.000000	1.000000	701.000000	222.000000	194.000000	1.000000	1.000000	1.000000	184.000000	565.000000	371.000000	1.000000	1.000000	1.000000	1.000000	1.000000
1.000000	1.000000	1.000000	1.000000	1.000000	1.000000	1.000000	699.000000	670.000000	251.000000	462.000000	732.000000	494.000000	1.000000	1.000000	1.000000	1.000000	1.000000	1.000000	1.000000	1.000000
1.000000	1.000000	1.000000	1.000000	1.000000	1.000000	1.000000	1.000000	1.000000	1.000000	1.000000	1.000000	1.000000	1.000000	1.000000	1.000000	1.000000	1.000000	1.000000	1.000000	1.000000
1.000000	1.000000	1.000000	1.000000	1.000000	1.000000	1.000000	1.000000	1.000000	1.000000	1.000000	1.000000	1.000000	1.000000	1.000000	1.000000	1.000000	1.000000	1.000000	1.000000	1.000000
1.000000	1.000000	1.000000	1.000000	1.000000	1.000000	1.000000	1.000000	1.000000	1.000000	1.000000	1.000000	1.000000	1.000000	1.000000	1.000000	1.000000	1.000000	1.000000	1.000000	1.000000
1.000000	1.000000	1.000000	1.000000	1.000000	1.000000	1.000000	1.000000	1.000000	1.000000	1.000000	1.000000	1.000000	1.000000	1.000000	1.000000	1.000000	1.000000	1.000000	1.000000	1.000000
1.000000	1.000000	1.000000	1.000000	1.000000	1.000000	1.000000	1.000000	1.000000	1.000000	1.000000	1.000000	1.000000	1.000000	1.000000	1.000000	1.000000	1.000000	1.000000	1.000000	1.000000
1.000000	1.000000	1.000000	1.000000	1.000000	1.000000	1.000000	1.000000	1.000000	1.000000	1.000000	1.000000	1.000000	1.000000	1.000000	1.000000	1.000000	1.000000	1.000000	1.000000	1.000000
1.000000	1.000000	1.000000	1.000000	1.000000	1.000000	1.000000	1.000000	1.000000	1.000000	1.000000	1.000000	1.000000	1.000000	1.000000	1.000000	1.000000	1.000000	1.000000	1.000000	1.000000
