21 25 0
1.000000	1.000000	1.000000	1.000000	1.000000	1.000000	206.000000	1.000000	1.000000	726.000000	1159.000000	202.000000	1.000000	1.000000	1.000000	404.000000	1.000000	1.000000	1.000000	1.000000	1.000000
1.000000	1.000000	1.000000	1.000000	1.000000	1.000000	206.000000	223.000000	474.000000	686.000000	623.000000	379.000000	220.000000	1.000000	1.000000	196.000000	1.000000	184.000000	1.000000	1.000000	1.000000
1.000000	1.000000	1.000000	1.000000	1.000000	1.000000	1.000000	1.000000	235.000000	218.000000	1.000000	178.000000	1.000000	1.000000	371.000000	188.000000	1.000000	188.000000	1.000000	1.000000	1.000000
1.000000	1.000000	1.000000	597.000000	1.000000	1.000000	1.000000	1.000000	1.000000	1.000000	1.000000	1.000000	1.000000	1.000000	1.000000	1.000000	1.000000	188.000000	1.000000	1.000000	1.000000
1.000000	1.000000	1.000000	207.000000	1.000000	1.000000	1.000000	1.000000	1.000000	1.000000	1.000000	1.000000	1.000000	1.000000	1.000000	1.000000	1.000000	1.000000	1.000000	1.000000	1.000000
1.000000	1.000000	188.000000	1.000000	1.000000	1.000000	207.000000	380.000000	1.000000	1.000000	1.000000	1.000000	1.000000	1.000000	1.000000	1.000000	1.000000	1.000000	1.000000	1.000000	1.000000
1.000000	1.000000	1.000000	202.000000	1.000000	1.000000	609.000000	213.000000	1.000000	1.000000	189.000000	1.000000	383.000000	1.000000	1.000000	1.000000	1.000000	1.000000	1.000000	1.000000	1.000000
1.000000	1.000000	1.000000	384.000000	1.000000	1.000000	403.000000	213.000000	234.000000	1.000000	413.000000	1326.000000	857.000000	1.000000	1.000000	1.000000	1.000000	1.000000	1.000000	1.000000	1.000000
1.000000	1.000000	1.000000	1.000000	486.000000	461.000000	1.000000	1.000000	874.000000	1.000000	436.000000	1385.000000	752.000000	192.000000	1.000000	1.000000	1.000000	199.000000	1.000000	1.000000	1.000000
1.000000	1.000000	1.000000	1.000000	949.000000	710.000000	1.000000	1.000000	1061.000000	400.000000	492.000000	1155.000000	950.000000	414.000000	1.000000	1.000000	1.000000	400.000000	1.000000	1.000000	1.000000
1.000000	1.000000	1.000000	1.000000	463.000000	701.000000	1.000000	405.000000	1215.000000	631.000000	419.000000	456.000000	665.000000	419.000000	441.000000	220.000000	1.000000	617.000000	191.000000	1.000000	1.000000
1.000000	1.000000	1.000000	1.000000	1.000000	1.000000	1.000000	430.000000	1184.000000	621.000000	457.000000	661.000000	923.000000	410.000000	226.000000	406.000000	178.000000	400.000000	182.000000	1.000000	1.000000
1.000000	1.000000	1.000000	1.000000	1.000000	1.000000	1.000000	609.000000	598.000000	381.000000	503.000000	489.000000	910.000000	1.000000	1.000000	201.000000	1.000000	242.000000	1.000000	1.000000	1.000000
1.000000	1.000000	1.000000	1.000000	1.000000	1.000000	193.000000	630.000000	431.000000	412.000000	436.000000	462.000000	173.000000	1.000000	1.000000	1.000000	1.000000	236.000000	1.000000	1.000000	1.000000
1.000000	1.000000	1.000000	1.000000	1.000000	1.000000	1.000000	384.000000	506.000000	1.000000	246.000000	1.000000	1.000000	1.000000	1.000000	1.000000	1.000000	182.000000	1.000000	1.000000	1.000000
1.000000	1.000000	1.000000	1.000000	1.000000	1.000000	1.000000	197.000000	195.000000	1.000000	1.000000	1.000000	1.000000	1.000000	1.000000	1.000000	1.000000	183.000000	1.000000	1.000000	1.000000
1.000000	1.000000	1.000000	1.000000	1.000000	1.000000	1.000000	194.000000	479.000000	1.000000	1.000000	1.000000	216.000000	1.000000	1.000000	1.000000	1.000000	190.000000	1.000000	1.000000	1.000000
1.000000	1.000000	1.000000	1.000000	188.000000	1.000000	1.000000	195.000000	239.000000	1.000000	1.000000	1.000000	1.000000	1.000000	1.000000	388.000000	1.000000	1.000000	1.000000	1.000000	1.000000
1.000000	1.000000	1.000000	1.000000	1.000000	1.000000	1.000000	1.000000	1.000000	1.000000	1.000000	1.000000	1.000000	1.000000	1.000000	1.000000	1.000000	1.000000	1.000000	1.000000	1.000000
1.000000	1.000000	1.000000	1.000000	1.000000	1.000000	1.000000	1.000000	1.000000	1.000000	1.000000	1.000000	1.000000	1.000000	1.000000	1.000000	1.000000	1.000000	1.000000	1.000000	1.000000
1.000000	1.000000	1.000000	1.000000	1.000000	1.000000	1.000000	1.000000	1.000000	1.000000	1.000000	1.000000	1.000000	1.000000	1.000000	1.000000	1.000000	1.000000	1.000000	1.000000	1.000000
1.000000	1.000000	1.000000	1.000000	1.000000	1.000000	1.000000	1.000000	1.000000	1.000000	1.000000	1.000000	1.000000	1.000000	1.000000	1.000000	1.000000	1.000000	1.000000	1.000000	1.000000
1.000000	1.000000	1.000000	1.000000	1.000000	1.000000	1.000000	1.000000	1.000000	1.000000	1.000000	1.000000	1.000000	1.000000	1.000000	1.000000	1.000000	1.000000	1.000000	1.000000	1.000000
1.000000	1.000000	1.000000	1.000000	1.000000	1.000000	1.000000	1.000000	1.000000	1.000000	1.000000	1.000000	1.000000	1.000000	1.000000	1.000000	1.000000	1.000000	1.000000	1.000000	1.000000
1.000000	1.000000	1.000000	1.000000	1.000000	1.000000	1.000000	1.000000	1.000000	1.000000	1.000000	1.000000	1.000000	1.000000	1.000000	1.000000	1.000000	1.000000	1.000000	1.000000	1.000000
