21 25 0
1.000000	1.000000	1.000000	1.000000	1.000000	1.000000	1.000000	1.000000	1.000000	1.000000	1.000000	1.000000	1.000000	1.000000	1.000000	1.000000	1.000000	1.000000	1.000000	1.000000	1.000000
1.000000	1.000000	1.000000	1.000000	193.000000	1.000000	1.000000	1.000000	181.000000	1.000000	1.000000	1.000000	1.000000	1.000000	1.000000	1.000000	1.000000	1.000000	1.000000	1.000000	1.000000
1.000000	1.000000	1.000000	1.000000	1.000000	1.000000	1.000000	1.000000	176.000000	176.000000	1.000000	1.000000	1.000000	1.000000	1.000000	1.000000	1.000000	1.000000	1.000000	1.000000	1.000000
1.000000	1.000000	1.000000	1.000000	1.000000	1.000000	1.000000	1.000000	1.000000	1.000000	1.000000	168.000000	196.000000	700.000000	1206.000000	786.000000	754.000000	1.000000	1.000000	1.000000	1.000000
1.000000	1.000000	1.000000	1.000000	763.000000	1312.000000	1378.000000	914.000000	790.000000	735.000000	837.000000	1247.000000	1334.000000	1320.000000	639.000000	202.000000	1.000000	1.000000	1.000000	1.000000	1.000000
1.000000	1.000000	1.000000	197.000000	393.000000	656.000000	971.000000	875.000000	780.000000	983.000000	1283.000000	1071.000000	471.000000	237.000000	1.000000	1.000000	1.000000	1.000000	1.000000	1.000000	1.000000
1.000000	1.000000	1.000000	1.000000	1.000000	1.000000	1.000000	1.000000	1.000000	228.000000	228.000000	1.000000	1.000000	202.000000	648.000000	1046.000000	865.000000	180.000000	1.000000	1.000000	1.000000
1.000000	1.000000	1.000000	1.000000	868.000000	849.000000	402.000000	1.000000	1.000000	176.000000	1.000000	1.000000	1.000000	444.000000	855.000000	1094.000000	616.000000	183.000000	1.000000	1.000000	1.000000
1.000000	1.000000	1.000000	235.000000	678.000000	603.000000	236.000000	187.000000	1.000000	370.000000	421.000000	1.000000	1.000000	196.000000	204.000000	196.000000	1.000000	1.000000	1.000000	1.000000	1.000000
1.000000	1.000000	1.000000	1.000000	1.000000	1.000000	1.000000	1.000000	1.000000	1.000000	1.000000	1.000000	1.000000	1.000000	1.000000	1.000000	1.000000	1.000000	1.000000	1.000000	1.000000
1.000000	1.000000	1.000000	1.000000	1.000000	1.000000	1.000000	1.000000	1.000000	1.000000	1.000000	1.000000	1.000000	1.000000	1.000000	1.000000	1.000000	1.000000	1.000000	1.000000	1.000000
1.000000	1.000000	1.000000	1.000000	1.000000	1.000000	182.000000	182.000000	402.000000	586.000000	692.000000	887.000000	1173.000000	1455.000000	228.000000	362.000000	174.000000	168.000000	1.000000	1.000000	1.000000
1.000000	1.000000	1.000000	1.000000	1.000000	1.000000	1.000000	692.000000	1856.000000	1954.000000	2000.000000	1877.000000	1796.000000	1487.000000	583.000000	408.000000	961.000000	1.000000	1.000000	1.000000	1.000000
1.000000	1.000000	1.000000	1.000000	194.000000	193.000000	191.000000	232.000000	643.000000	676.000000	502.000000	499.000000	427.000000	210.000000	1.000000	189.000000	188.000000	1.000000	1.000000	1.000000	1.000000
1.000000	1.000000	1.000000	205.000000	176.000000	206.000000	1.000000	1.000000	1.000000	1.000000	1.000000	1.000000	1.000000	170.000000	546.000000	421.000000	231.000000	1.000000	1.000000	1.000000	1.000000
1.000000	1.000000	1.000000	1.000000	1.000000	1.000000	361.000000	812.000000	1043.000000	1262.000000	1464.000000	1417.000000	1564.000000	1668.000000	1312.000000	1531.000000	172.000000	1.000000	1.000000	1.000000	1.000000
1.000000	1.000000	1.000000	1.000000	1.000000	453.000000	1132.000000	821.000000	432.000000	468.000000	502.000000	488.000000	1.000000	1.000000	1.000000	1.000000	1.000000	1.000000	1.000000	1.000000	1.000000
1.000000	1.000000	1.000000	1.000000	1.000000	184.000000	1.000000	1.000000	1.000000	1.000000	1.000000	1.000000	1.000000	1.000000	175.000000	403.000000	213.000000	1.000000	1.000000	1.000000	1.000000
1.000000	1.000000	1.000000	1.000000	1.000000	1.000000	1.000000	1.000000	192.000000	470.000000	743.000000	508.000000	1227.000000	1169.000000	1179.000000	757.000000	174.000000	1.000000	1.000000	1.000000	1.000000
1.000000	1.000000	1.000000	1.000000	1.000000	1.000000	1.000000	168.000000	205.000000	217.000000	246.000000	246.000000	254.000000	239.000000	178.000000	177.000000	1.000000	1.000000	1.000000	1.000000	1.000000
1.000000	1.000000	1.000000	1.000000	1.000000	1.000000	176.000000	175.000000	1.000000	175.000000	193.000000	188.000000	1.000000	1.000000	1.000000	1.000000	1.000000	1.000000	1.000000	1.000000	1.000000
1.000000	1.000000	1.000000	1.000000	1.000000	1.000000	1.000000	1.000000	1.000000	1.000000	1.000000	1.000000	1.000000	1.000000	1.000000	1.000000	1.000000	1.000000	1.000000	1.000000	1.000000
1.000000	1.000000	1.000000	1.000000	1.000000	1.000000	1.000000	1.000000	1.000000	1.000000	1.000000	1.000000	1.000000	1.000000	1.000000	1.000000	1.000000	1.000000	1.000000	1.000000	1.000000
1.000000	1.000000	1.000000	1.000000	1.000000	1.000000	1.000000	1.000000	1.000000	1.000000	1.000000	1.000000	1.000000	1.000000	1.000000	1.000000	1.000000	1.000000	1.000000	1.000000	1.000000
1.000000	1.000000	1.000000	1.000000	1.000000	1.000000	1.000000	1.000000	1.000000	1.000000	1.000000	1.000000	1.000000	1.000000	1.000000	1.000000	1.000000	1.000000	1.000000	1.000000	1.000000
