21 25 0
1.000000	1.000000	1.000000	1.000000	1.000000	1.000000	1.000000	1.000000	1.000000	1.000000	1.000000	1.000000	1.000000	1.000000	1.000000	1.000000	1.000000	1.000000	1.000000	1.000000	1.000000
1.000000	1.000000	1.000000	1.000000	1.000000	1.000000	1.000000	1.000000	1.000000	1.000000	1.000000	1.000000	1.000000	187.000000	179.000000	1.000000	177.000000	170.000000	1.000000	1.000000	1.000000
1.000000	1.000000	1.000000	1.000000	1.000000	1.000000	607.000000	622.000000	1.000000	1.000000	225.000000	674.000000	843.000000	611.000000	230.000000	1.000000	186.000000	171.000000	1.000000	1.000000	1.000000
1.000000	1.000000	1.000000	1.000000	1.000000	544.000000	1068.000000	1245.000000	216.000000	396.000000	1033.000000	828.000000	474.000000	236.000000	1.000000	1.000000	1.000000	1.000000	1.000000	1.000000	1.000000
1.000000	1.000000	1.000000	1.000000	1.000000	202.000000	231.000000	229.000000	187.000000	568.000000	226.000000	1.000000	1.000000	1.000000	181.000000	207.000000	413.000000	206.000000	1.000000	1.000000	1.000000
1.000000	1.000000	1.000000	1.000000	440.000000	640.000000	176.000000	1.000000	1.000000	195.000000	1.000000	1.000000	187.000000	891.000000	1076.000000	1184.000000	1187.000000	183.000000	1.000000	1.000000	1.000000
1.000000	1.000000	1.000000	1.000000	835.000000	682.000000	650.000000	190.000000	351.000000	1128.000000	789.000000	1213.000000	819.000000	660.000000	202.000000	1.000000	1.000000	1.000000	184.000000	1.000000	1.000000
1.000000	1.000000	1.000000	207.000000	206.000000	254.000000	252.000000	1.000000	186.000000	382.000000	379.000000	426.000000	229.000000	1.000000	1.000000	1.000000	1.000000	1.000000	1.000000	1.000000	1.000000
1.000000	1.000000	1.000000	1.000000	1.000000	220.000000	593.000000	392.000000	1.000000	1.000000	1.000000	1.000000	189.000000	554.000000	589.000000	802.000000	419.000000	1.000000	1.000000	1.000000	1.000000
1.000000	1.000000	1.000000	1.000000	552.000000	652.000000	633.000000	580.000000	1.000000	1.000000	1.000000	1.000000	1.000000	379.000000	649.000000	1216.000000	564.000000	1.000000	1.000000	1.000000	1.000000
1.000000	1.000000	1.000000	1.000000	1.000000	576.000000	787.000000	185.000000	1.000000	1235.000000	1765.000000	439.000000	579.000000	1076.000000	571.000000	594.000000	1.000000	1.000000	1.000000	1.000000	1.000000
1.000000	1.000000	1.000000	1.000000	1.000000	408.000000	194.000000	231.000000	412.000000	470.000000	437.000000	1.000000	1.000000	210.000000	1.000000	1.000000	1.000000	1.000000	1.000000	1.000000	1.000000
1.000000	1.000000	1.000000	1.000000	1.000000	1.000000	1.000000	1.000000	1.000000	1.000000	1.000000	1.000000	1.000000	1.000000	1.000000	1.000000	1.000000	1.000000	1.000000	1.000000	1.000000
1.000000	1.000000	1.000000	1.000000	1.000000	1.000000	198.000000	605.000000	844.000000	890.000000	902.000000	1168.000000	1469.000000	1448.000000	870.000000	668.000000	381.000000	1.000000	1.000000	1.000000	1.000000
1.000000	1.000000	1.000000	1.000000	1.000000	1.000000	219.000000	1733.000000	1823.000000	1877.000000	1950.000000	1869.000000	1078.000000	465.000000	439.000000	404.000000	197.000000	1.000000	1.000000	1.000000	1.000000
1.000000	1.000000	1.000000	1.000000	1.000000	1.000000	200.000000	1.000000	1.000000	1.000000	1.000000	253.000000	1.000000	1.000000	1.000000	1.000000	1.000000	1.000000	1.000000	1.000000	1.000000
1.000000	1.000000	1.000000	1.000000	1.000000	1.000000	1.000000	1.000000	1.000000	253.000000	742.000000	746.000000	428.000000	805.000000	1008.000000	1229.000000	778.000000	1.000000	1.000000	1.000000	1.000000
1.000000	1.000000	1.000000	1.000000	1.000000	192.000000	417.000000	810.000000	1000.000000	1630.000000	1964.000000	1704.000000	1888.000000	953.000000	882.000000	868.000000	693.000000	1.000000	1.000000	1.000000	1.000000
1.000000	1.000000	1.000000	1.000000	217.000000	668.000000	1077.000000	833.000000	423.000000	195.000000	195.000000	1.000000	1.000000	1.000000	1.000000	1.000000	1.000000	1.000000	1.000000	1.000000	1.000000
1.000000	1.000000	1.000000	1.000000	1.000000	1.000000	1.000000	1.000000	1.000000	1.000000	1.000000	1.000000	1.000000	1.000000	1.000000	1.000000	1.000000	1.000000	1.000000	1.000000	1.000000
1.000000	1.000000	1.000000	1.000000	1.000000	1.000000	1.000000	1.000000	1.000000	1.000000	1.000000	1.000000	1.000000	167.000000	166.000000	1.000000	1.000000	1.000000	1.000000	1.000000	1.000000
1.000000	1.000000	1.000000	1.000000	1.000000	1.000000	1.000000	1.000000	1.000000	1.000000	1.000000	1.000000	1.000000	1.000000	1.000000	1.000000	1.000000	1.000000	1.000000	1.000000	1.000000
1.000000	1.000000	1.000000	1.000000	1.000000	1.000000	1.000000	1.000000	1.000000	1.000000	1.000000	1.000000	1.000000	1.000000	1.000000	1.000000	1.000000	1.000000	1.000000	1.000000	1.000000
1.000000	1.000000	1.000000	1.000000	1.000000	1.000000	1.000000	1.000000	1.000000	1.000000	1.000000	1.000000	1.000000	1.000000	1.000000	1.000000	1.000000	1.000000	1.000000	1.000000	1.000000
1.000000	1.000000	1.000000	1.000000	1.000000	1.000000	1.000000	1.000000	1.000000	1.000000	1.000000	1.000000	1.000000	1.000000	1.000000	1.000000	1.000000	1.000000	1.000000	1.000000	1.000000
