21 25 0
1.000000	1.000000	1.000000	1.000000	1.000000	1.000000	1.000000	1.000000	1.000000	1.000000	1.000000	1.000000	1.000000	1.000000	1.000000	1.000000	1.000000	1.000000	1.000000	1.000000	1.000000
1.000000	1.000000	1.000000	1.000000	1.000000	1.000000	1.000000	1.000000	1.000000	1.000000	1.000000	1.000000	1.000000	1.000000	1.000000	1.000000	1.000000	1.000000	1.000000	1.000000	1.000000
1.000000	1.000000	1.000000	1.000000	1.000000	1.000000	1.000000	1.000000	1.000000	1.000000	1.000000	1.000000	1.000000	1.000000	1.000000	188.000000	1.000000	1.000000	1.000000	1.000000	1.000000
1.000000	1.000000	1.000000	1.000000	1.000000	1.000000	1.000000	1.000000	1.000000	1.000000	1.000000	1.000000	700.000000	656.000000	640.000000	1.000000	1.000000	1.000000	176.000000	1.000000	1.000000
1.000000	1.000000	1.000000	1.000000	1.000000	1.000000	1.000000	1.000000	1.000000	1.000000	1.000000	856.000000	937.000000	944.000000	640.000000	1.000000	1.000000	1.000000	1.000000	1.000000	1.000000
1.000000	1.000000	1.000000	1.000000	1.000000	227.000000	1.000000	1.000000	1.000000	1.000000	772.000000	1054.000000	236.000000	240.000000	1.000000	1.000000	1.000000	1.000000	1.000000	1.000000	1.000000
1.000000	1.000000	1.000000	1.000000	1.000000	645.000000	246.000000	1.000000	1.000000	1.000000	1195.000000	781.000000	1.000000	1.000000	433.000000	1.000000	1.000000	1.000000	1.000000	1.000000	1.000000
1.000000	1.000000	1.000000	1.000000	1.000000	636.000000	470.000000	1.000000	1.000000	1.000000	1368.000000	592.000000	1.000000	1.000000	455.000000	1.000000	1.000000	1.000000	1.000000	1.000000	1.000000
1.000000	1.000000	1.000000	1.000000	1.000000	410.000000	225.000000	1.000000	1.000000	1.000000	733.000000	188.000000	1.000000	164.000000	448.000000	1.000000	1.000000	1.000000	1.000000	1.000000	1.000000
1.000000	1.000000	1.000000	1.000000	175.000000	1.000000	1.000000	1.000000	1.000000	1.000000	177.000000	183.000000	1.000000	1.000000	412.000000	1.000000	1.000000	1.000000	1.000000	1.000000	1.000000
1.000000	1.000000	1.000000	1.000000	175.000000	1.000000	1.000000	1.000000	1.000000	1.000000	177.000000	1.000000	1.000000	1.000000	1.000000	1.000000	1.000000	1.000000	1.000000	1.000000	1.000000
1.000000	1.000000	1.000000	1.000000	1.000000	190.000000	1.000000	187.000000	1.000000	1.000000	680.000000	983.000000	1.000000	229.000000	1.000000	1.000000	194.000000	1.000000	1.000000	1.000000	1.000000
1.000000	1.000000	1.000000	1.000000	185.000000	1.000000	1.000000	627.000000	234.000000	1.000000	644.000000	732.000000	1.000000	1.000000	1.000000	579.000000	195.000000	1.000000	1.000000	1.000000	1.000000
1.000000	1.000000	1.000000	1.000000	185.000000	1.000000	1.000000	419.000000	221.000000	1.000000	247.000000	1.000000	1.000000	1.000000	1.000000	1171.000000	383.000000	1.000000	1.000000	1.000000	1.000000
1.000000	1.000000	1.000000	1.000000	190.000000	1.000000	1.000000	199.000000	1.000000	1.000000	1.000000	1.000000	1.000000	1.000000	1.000000	810.000000	1.000000	1.000000	1.000000	1.000000	1.000000
1.000000	1.000000	1.000000	1.000000	205.000000	1.000000	1.000000	232.000000	225.000000	1.000000	1.000000	1.000000	1.000000	1.000000	1.000000	1.000000	1.000000	1.000000	1.000000	1.000000	1.000000
1.000000	1.000000	1.000000	1.000000	600.000000	192.000000	1.000000	233.000000	225.000000	1.000000	1.000000	1.000000	1.000000	1.000000	244.000000	188.000000	1.000000	1.000000	1.000000	1.000000	1.000000
1.000000	1.000000	1.000000	1.000000	1044.000000	192.000000	1.000000	244.000000	215.000000	1.000000	1.000000	254.000000	1.000000	214.000000	244.000000	189.000000	1.000000	179.000000	1.000000	1.000000	1.000000
1.000000	1.000000	1.000000	1.000000	577.000000	1.000000	1.000000	244.000000	215.000000	1.000000	1.000000	1.000000	1.000000	486.000000	1.000000	1.000000	1.000000	1.000000	1.000000	1.000000	1.000000
1.000000	1.000000	1.000000	1.000000	1.000000	1.000000	1.000000	1.000000	169.000000	1.000000	1.000000	1.000000	1.000000	1.000000	1.000000	1.000000	1.000000	1.000000	1.000000	1.000000	1.000000
1.000000	1.000000	1.000000	1.000000	1.000000	1.000000	1.000000	1.000000	169.000000	1.000000	1.000000	1.000000	1.000000	1.000000	1.000000	1.000000	1.000000	1.000000	1.000000	1.000000	1.000000
1.000000	1.000000	1.000000	1.000000	1.000000	1.000000	1.000000	1.000000	1.000000	1.000000	1.000000	1.000000	1.000000	1.000000	1.000000	1.000000	1.000000	1.000000	1.000000	1.000000	1.000000
1.000000	1.000000	1.000000	1.000000	1.000000	1.000000	1.000000	1.000000	1.000000	1.000000	1.000000	1.000000	1.000000	1.000000	1.000000	1.000000	1.000000	1.000000	1.000000	1.000000	1.000000
1.000000	1.000000	1.000000	1.000000	1.000000	1.000000	1.000000	1.000000	1.000000	1.000000	1.000000	1.000000	1.000000	1.000000	1.000000	1.000000	1.000000	1.000000	1.000000	1.000000	1.000000
1.000000	1.000000	1.000000	1.000000	1.000000	1.000000	1.000000	1.000000	1.000000	1.000000	1.000000	1.000000	1.000000	1.000000	1.000000	1.000000	1.000000	1.000000	1.000000	1.000000	1.000000
