21 25 0
1.000000	182.000000	1.000000	1.000000	1.000000	168.000000	182.000000	1.000000	1.000000	175.000000	1.000000	1.000000	1.000000	1.000000	1.000000	1.000000	1.000000	161.000000	226.000000	171.000000	1.000000
1.000000	1.000000	1.000000	610.000000	179.000000	1.000000	1.000000	167.000000	1.000000	239.000000	1.000000	1.000000	1.000000	1.000000	1.000000	1.000000	1.000000	1.000000	1.000000	1.000000	205.000000
1.000000	1.000000	1.000000	1.000000	1.000000	1.000000	1.000000	1.000000	1.000000	1.000000	1.000000	1.000000	1.000000	1.000000	1.000000	1.000000	1.000000	1.000000	1.000000	1.000000	198.000000
1.000000	1.000000	1.000000	1.000000	1.000000	181.000000	1.000000	1.000000	1.000000	1.000000	207.000000	1.000000	1.000000	1.000000	1.000000	1.000000	1.000000	1.000000	1.000000	1.000000	1.000000
1.000000	1.000000	1.000000	1.000000	1.000000	1.000000	1.000000	1.000000	1.000000	1.000000	1.000000	1.000000	1.000000	1.000000	1.000000	1.000000	1.000000	1.000000	1.000000	1.000000	1.000000
1.000000	1.000000	203.000000	1.000000	1.000000	1.000000	1.000000	1.000000	1.000000	1.000000	1.000000	1.000000	212.000000	413.000000	429.000000	1.000000	1.000000	1.000000	1.000000	1.000000	1.000000
1.000000	1.000000	1.000000	1.000000	1.000000	227.000000	696.000000	859.000000	999.000000	174.000000	179.000000	1011.000000	1125.000000	1116.000000	1207.000000	472.000000	642.000000	1.000000	1.000000	1.000000	1.000000
1.000000	1.000000	179.000000	178.000000	457.000000	919.000000	692.000000	472.000000	425.000000	174.000000	1.000000	614.000000	446.000000	700.000000	451.000000	1.000000	175.000000	236.000000	1.000000	1.000000	1.000000
1.000000	192.000000	184.000000	381.000000	186.000000	185.000000	1.000000	1.000000	1.000000	1.000000	1.000000	1.000000	1.000000	1.000000	1.000000	1.000000	1.000000	1.000000	1.000000	1.000000	1.000000
1.000000	1.000000	1.000000	1.000000	1.000000	1.000000	1.000000	1.000000	1.000000	1.000000	482.000000	1.000000	1.000000	1.000000	1.000000	1.000000	1.000000	1.000000	1.000000	1.000000	1.000000
1.000000	1.000000	1.000000	1.000000	1.000000	1.000000	1.000000	1.000000	1.000000	1.000000	1.000000	187.000000	1.000000	1.000000	1.000000	1.000000	1.000000	1.000000	1.000000	556.000000	167.000000
1.000000	1.000000	1.000000	1.000000	1.000000	1.000000	167.000000	166.000000	1.000000	1.000000	610.000000	442.000000	212.000000	209.000000	1.000000	1.000000	1.000000	177.000000	197.000000	175.000000	1.000000
1.000000	1.000000	1.000000	1.000000	1.000000	1.000000	181.000000	353.000000	405.000000	879.000000	1184.000000	1345.000000	736.000000	1.000000	1.000000	1.000000	1.000000	1.000000	167.000000	1.000000	1.000000
1.000000	1.000000	1.000000	1.000000	1.000000	1.000000	171.000000	1.000000	445.000000	1.000000	741.000000	485.000000	233.000000	1.000000	1.000000	1.000000	1.000000	1.000000	1.000000	1.000000	1.000000
1.000000	1.000000	1.000000	1.000000	1.000000	1.000000	1.000000	1.000000	1.000000	1.000000	1.000000	1.000000	1.000000	1.000000	388.000000	174.000000	1.000000	1.000000	1.000000	1.000000	1.000000
1.000000	1.000000	1.000000	1.000000	1.000000	1.000000	1.000000	1.000000	237.000000	1.000000	1.000000	231.000000	650.000000	1122.000000	994.000000	1.000000	1.000000	1.000000	1.000000	1.000000	1.000000
1.000000	1.000000	1.000000	1.000000	1.000000	1.000000	190.000000	1.000000	1.000000	1.000000	214.000000	960.000000	581.000000	1.000000	1.000000	1.000000	1.000000	1.000000	1.000000	1.000000	1.000000
1.000000	1.000000	1.000000	1.000000	1.000000	1.000000	1.000000	1.000000	1.000000	1.000000	1.000000	1.000000	1.000000	1.000000	1.000000	1.000000	1.000000	1.000000	1.000000	1.000000	1.000000
1.000000	1.000000	1.000000	1.000000	1.000000	1.000000	1.000000	1.000000	1.000000	1.000000	1.000000	1.000000	1.000000	1.000000	1.000000	1.000000	1.000000	1.000000	1.000000	1.000000	1.000000
1.000000	1.000000	1.000000	1.000000	1.000000	1.000000	1.000000	1.000000	1.000000	1.000000	1.000000	1.000000	1.000000	1.000000	1.000000	1.000000	1.000000	1.000000	1.000000	1.000000	1.000000
1.000000	1.000000	1.000000	1.000000	1.000000	1.000000	1.000000	1.000000	1.000000	1.000000	1.000000	1.000000	1.000000	1.000000	1.000000	1.000000	1.000000	1.000000	1.000000	1.000000	1.000000
1.000000	1.000000	1.000000	1.000000	1.000000	1.000000	1.000000	1.000000	1.000000	1.000000	1.000000	1.000000	1.000000	1.000000	1.000000	1.000000	1.000000	1.000000	1.000000	1.000000	1.000000
1.000000	1.000000	1.000000	1.000000	1.000000	1.000000	1.000000	1.000000	1.000000	1.000000	1.000000	1.000000	1.000000	1.000000	1.000000	1.000000	1.000000	1.000000	1.000000	1.000000	1.000000
1.000000	1.000000	1.000000	1.000000	1.000000	1.000000	1.000000	1.000000	1.000000	1.000000	1.000000	1.000000	1.000000	1.000000	1.000000	1.000000	1.000000	1.000000	1.000000	1.000000	1.000000
1.000000	1.000000	1.000000	1.000000	1.000000	1.000000	1.000000	1.000000	1.000000	1.000000	1.000000	1.000000	1.000000	1.000000	1.000000	1.000000	1.000000	1.000000	1.000000	1.000000	1.000000
