21 25 0
1.000000	1.000000	1.000000	1.000000	1.000000	1.000000	216.000000	1.000000	188.000000	1.000000	418.000000	1.000000	1.000000	1.000000	1.000000	1.000000	190.000000	345.000000	1.000000	1.000000	1.000000
1.000000	1.000000	1.000000	1.000000	1.000000	1.000000	216.000000	170.000000	1.000000	185.000000	200.000000	1.000000	187.000000	1.000000	1.000000	1.000000	376.000000	561.000000	571.000000	1.000000	205.000000
1.000000	1.000000	206.000000	209.000000	1.000000	1.000000	217.000000	171.000000	1.000000	185.000000	196.000000	206.000000	172.000000	1.000000	170.000000	1.000000	187.000000	555.000000	572.000000	1.000000	222.000000
1.000000	188.000000	207.000000	215.000000	1.000000	1.000000	1.000000	1.000000	1.000000	1.000000	1.000000	1.000000	1.000000	1.000000	1.000000	1.000000	1.000000	1.000000	356.000000	380.000000	229.000000
1.000000	188.000000	203.000000	215.000000	1.000000	1.000000	1.000000	1.000000	1.000000	1.000000	1.000000	1.000000	1.000000	1.000000	1.000000	1.000000	1.000000	1.000000	1.000000	380.000000	455.000000
1.000000	213.000000	231.000000	1.000000	1.000000	1.000000	224.000000	392.000000	345.000000	1.000000	1.000000	1.000000	1.000000	1.000000	1.000000	1.000000	1.000000	1.000000	1.000000	226.000000	430.000000
1.000000	248.000000	226.000000	1.000000	1.000000	455.000000	1.000000	1.000000	173.000000	1.000000	178.000000	665.000000	1.000000	1.000000	230.000000	1.000000	1.000000	1.000000	1.000000	1.000000	1.000000
1.000000	230.000000	188.000000	1.000000	1.000000	1.000000	1.000000	1.000000	1.000000	1.000000	449.000000	1548.000000	1.000000	1.000000	473.000000	1.000000	1.000000	1.000000	1.000000	1.000000	1.000000
1.000000	192.000000	395.000000	249.000000	1.000000	1.000000	1.000000	1.000000	1.000000	1.000000	482.000000	1888.000000	198.000000	1.000000	245.000000	238.000000	1.000000	1.000000	1.000000	1.000000	1.000000
1.000000	1.000000	179.000000	1.000000	1.000000	1.000000	1.000000	1.000000	1.000000	1.000000	474.000000	1100.000000	238.000000	1.000000	1.000000	1.000000	1.000000	1.000000	1.000000	1.000000	1.000000
1.000000	1.000000	1.000000	1.000000	1.000000	1.000000	1.000000	167.000000	1.000000	1.000000	410.000000	799.000000	451.000000	1.000000	424.000000	1.000000	1.000000	1.000000	1.000000	372.000000	1.000000
1.000000	1.000000	1.000000	1.000000	1.000000	1.000000	1.000000	167.000000	1.000000	1.000000	609.000000	887.000000	487.000000	1.000000	1.000000	1.000000	1.000000	1.000000	1.000000	1.000000	1.000000
1.000000	1.000000	1.000000	1.000000	1.000000	1.000000	1.000000	1.000000	225.000000	1.000000	1006.000000	943.000000	656.000000	1.000000	1.000000	1.000000	1.000000	1.000000	1.000000	1.000000	1.000000
1.000000	1.000000	1.000000	1.000000	1.000000	1.000000	1.000000	191.000000	415.000000	256.000000	1007.000000	930.000000	238.000000	1.000000	1.000000	1.000000	1.000000	1.000000	1.000000	1.000000	1.000000
1.000000	1.000000	1.000000	1.000000	1.000000	1.000000	1.000000	186.000000	404.000000	507.000000	1.000000	1.000000	1.000000	1.000000	215.000000	201.000000	1.000000	1.000000	1.000000	1.000000	1.000000
1.000000	1.000000	1.000000	1.000000	1.000000	1.000000	1.000000	1.000000	1.000000	253.000000	1.000000	1.000000	411.000000	236.000000	1.000000	1.000000	1.000000	1.000000	1.000000	1.000000	1.000000
1.000000	1.000000	1.000000	1.000000	168.000000	185.000000	1.000000	241.000000	1.000000	1.000000	218.000000	1.000000	642.000000	1.000000	1.000000	1.000000	1.000000	1.000000	1.000000	1.000000	1.000000
1.000000	1.000000	1.000000	1.000000	1.000000	1.000000	1.000000	1.000000	1.000000	1.000000	1.000000	1.000000	1.000000	1.000000	1.000000	1.000000	1.000000	1.000000	1.000000	1.000000	1.000000
1.000000	1.000000	1.000000	1.000000	1.000000	1.000000	1.000000	1.000000	1.000000	1.000000	1.000000	1.000000	1.000000	1.000000	1.000000	1.000000	1.000000	1.000000	1.000000	1.000000	1.000000
1.000000	1.000000	1.000000	1.000000	1.000000	1.000000	1.000000	1.000000	1.000000	1.000000	1.000000	1.000000	1.000000	1.000000	1.000000	1.000000	1.000000	1.000000	1.000000	1.000000	1.000000
1.000000	1.000000	1.000000	1.000000	1.000000	1.000000	1.000000	1.000000	1.000000	1.000000	1.000000	1.000000	1.000000	1.000000	1.000000	1.000000	1.000000	1.000000	1.000000	1.000000	1.000000
1.000000	1.000000	1.000000	1.000000	1.000000	1.000000	1.000000	1.000000	1.000000	1.000000	1.000000	1.000000	1.000000	1.000000	1.000000	1.000000	1.000000	1.000000	1.000000	1.000000	1.000000
1.000000	1.000000	1.000000	1.000000	1.000000	1.000000	1.000000	1.000000	1.000000	1.000000	1.000000	1.000000	1.000000	1.000000	1.000000	1.000000	1.000000	1.000000	1.000000	1.000000	1.000000
1.000000	1.000000	1.000000	1.000000	1.000000	1.000000	1.000000	1.000000	1.000000	1.000000	1.000000	1.000000	1.000000	1.000000	1.000000	1.000000	1.000000	1.000000	1.000000	1.000000	1.000000
1.000000	1.000000	1.000000	1.000000	1.000000	1.000000	1.000000	1.000000	1.000000	1.000000	1.000000	1.000000	1.000000	1.000000	1.000000	1.000000	1.000000	1.000000	1.000000	1.000000	1.000000
