21 25 0
1.000000	1.000000	1.000000	1.000000	1.000000	1.000000	194.000000	1.000000	1.000000	203.000000	370.000000	377.000000	208.000000	1.000000	1.000000	341.000000	1.000000	1.000000	1.000000	175.000000	1.000000
1.000000	1.000000	1.000000	1.000000	425.000000	567.000000	1.000000	349.000000	371.000000	199.000000	1.000000	178.000000	208.000000	1.000000	1.000000	700.000000	1.000000	1.000000	1.000000	1.000000	170.000000
1.000000	1.000000	1.000000	1.000000	430.000000	567.000000	1.000000	177.000000	563.000000	382.000000	1.000000	1.000000	1.000000	1.000000	1.000000	539.000000	1.000000	1.000000	1.000000	1.000000	1.000000
1.000000	1.000000	1.000000	1.000000	1.000000	406.000000	1.000000	1.000000	1.000000	565.000000	1.000000	1.000000	1.000000	1.000000	1.000000	180.000000	1.000000	1.000000	1.000000	1.000000	1.000000
1.000000	1.000000	1.000000	1.000000	1.000000	1.000000	1.000000	1.000000	1.000000	1.000000	1.000000	1.000000	1.000000	1.000000	1.000000	1.000000	1.000000	205.000000	212.000000	1.000000	1.000000
1.000000	1.000000	1.000000	1.000000	1.000000	1.000000	1.000000	1.000000	1.000000	176.000000	1.000000	1.000000	1.000000	1.000000	1.000000	1.000000	1.000000	1.000000	593.000000	1.000000	1.000000
1.000000	1.000000	1.000000	1.000000	1.000000	1.000000	1.000000	1.000000	1.000000	211.000000	193.000000	1.000000	1.000000	1.000000	200.000000	1.000000	1.000000	1.000000	366.000000	1.000000	1.000000
1.000000	1.000000	1.000000	1.000000	1.000000	1.000000	238.000000	1.000000	486.000000	1440.000000	1.000000	1.000000	1.000000	1.000000	1.000000	1.000000	1.000000	192.000000	177.000000	384.000000	1.000000
1.000000	1.000000	1.000000	1.000000	1.000000	1.000000	248.000000	222.000000	489.000000	1920.000000	623.000000	1.000000	1.000000	225.000000	1.000000	1.000000	1.000000	607.000000	221.000000	188.000000	1.000000
1.000000	1.000000	1.000000	1.000000	1.000000	1.000000	1.000000	223.000000	480.000000	1524.000000	426.000000	1.000000	378.000000	1.000000	1.000000	1.000000	1.000000	1.000000	221.000000	1.000000	1.000000
1.000000	1.000000	1.000000	1.000000	1.000000	1.000000	1.000000	1.000000	1.000000	761.000000	236.000000	1.000000	985.000000	1.000000	1.000000	1.000000	197.000000	1.000000	1.000000	1.000000	1.000000
1.000000	1.000000	1.000000	1.000000	1.000000	1.000000	1.000000	1.000000	184.000000	829.000000	642.000000	1.000000	1008.000000	600.000000	177.000000	1.000000	1.000000	1.000000	1.000000	1.000000	1.000000
1.000000	1.000000	1.000000	1.000000	1.000000	1.000000	1.000000	1.000000	239.000000	725.000000	432.000000	1.000000	966.000000	1040.000000	190.000000	1.000000	1.000000	1.000000	1.000000	1.000000	1.000000
1.000000	1.000000	1.000000	1.000000	1.000000	1.000000	226.000000	1.000000	1.000000	509.000000	168.000000	1.000000	625.000000	1296.000000	202.000000	1.000000	1.000000	1.000000	1.000000	1.000000	1.000000
1.000000	1.000000	1.000000	1.000000	1.000000	1.000000	230.000000	1.000000	1.000000	1.000000	1.000000	1.000000	454.000000	792.000000	187.000000	1.000000	1.000000	1.000000	1.000000	1.000000	1.000000
1.000000	187.000000	1.000000	1.000000	1.000000	1.000000	1.000000	241.000000	239.000000	458.000000	245.000000	1.000000	1.000000	369.000000	167.000000	1.000000	1.000000	1.000000	1.000000	1.000000	1.000000
1.000000	187.000000	1.000000	1.000000	1.000000	1.000000	1.000000	648.000000	1.000000	459.000000	481.000000	1.000000	1.000000	1.000000	233.000000	1.000000	1.000000	1.000000	1.000000	1.000000	1.000000
1.000000	1.000000	1.000000	1.000000	1.000000	1.000000	1.000000	1.000000	1.000000	1.000000	1.000000	1.000000	1.000000	1.000000	1.000000	1.000000	1.000000	1.000000	1.000000	1.000000	1.000000
1.000000	1.000000	1.000000	1.000000	1.000000	1.000000	1.000000	1.000000	1.000000	1.000000	1.000000	1.000000	1.000000	1.000000	1.000000	1.000000	1.000000	1.000000	1.000000	1.000000	1.000000
1.000000	1.000000	1.000000	1.000000	1.000000	1.000000	1.000000	1.000000	1.000000	1.000000	1.000000	1.000000	1.000000	1.000000	1.000000	1.000000	1.000000	1.000000	1.000000	1.000000	1.000000
1.000000	1.000000	1.000000	1.000000	1.000000	1.000000	1.000000	1.000000	1.000000	1.000000	1.000000	1.000000	1.000000	1.000000	1.000000	1.000000	1.000000	1.000000	1.000000	1.000000	1.000000
1.000000	1.000000	1.000000	1.000000	1.000000	1.000000	1.000000	1.000000	1.000000	1.000000	1.000000	1.000000	1.000000	1.000000	1.000000	1.000000	1.000000	1.000000	1.000000	1.000000	1.000000
1.000000	1.000000	1.000000	1.000000	1.000000	1.000000	1.000000	1.000000	1.000000	1.000000	1.000000	1.000000	1.000000	1.000000	1.000000	1.000000	1.000000	1.000000	1.000000	1.000000	1.000000
1.000000	1.000000	1.000000	1.000000	1.000000	1.000000	1.000000	1.000000	1.000000	1.000000	1.000000	1.000000	1.000000	1.000000	1.000000	1.000000	1.000000	1.000000	1.000000	1.000000	1.000000
1.000000	1.000000	1.000000	1.000000	1.000000	1.000000	1.000000	1.000000	1.000000	1.000000	1.000000	1.000000	1.000000	1.000000	1.000000	1.000000	1.000000	1.000000	1.000000	1.000000	1.000000
