21 25 0
1.000000	196.000000	1.000000	1.000000	1.000000	177.000000	182.000000	1.000000	1.000000	1.000000	1.000000	1.000000	1.000000	213.000000	534.000000	1.000000	1.000000	372.000000	396.000000	382.000000	208.000000
1.000000	1.000000	189.000000	419.000000	400.000000	1.000000	1.000000	1.000000	1.000000	1.000000	1.000000	1.000000	379.000000	172.000000	348.000000	1.000000	1.000000	1.000000	1.000000	1.000000	222.000000
1.000000	1.000000	1.000000	204.000000	385.000000	203.000000	170.000000	218.000000	406.000000	372.000000	1.000000	1.000000	429.000000	213.000000	204.000000	208.000000	1.000000	1.000000	1.000000	1.000000	1.000000
1.000000	1.000000	1.000000	1.000000	1.000000	180.000000	197.000000	1.000000	1.000000	1.000000	171.000000	171.000000	1.000000	1.000000	1.000000	174.000000	195.000000	1.000000	1.000000	1.000000	1.000000
1.000000	1.000000	1.000000	195.000000	1.000000	1.000000	1.000000	1.000000	1.000000	1.000000	1.000000	1.000000	1.000000	1.000000	1.000000	1.000000	1.000000	1.000000	1.000000	1.000000	1.000000
1.000000	1.000000	1.000000	1.000000	1.000000	1.000000	196.000000	1.000000	1.000000	1.000000	1.000000	400.000000	880.000000	1113.000000	417.000000	201.000000	171.000000	1.000000	1.000000	1.000000	1.000000
1.000000	1.000000	1.000000	1.000000	1.000000	434.000000	738.000000	1120.000000	1421.000000	696.000000	747.000000	1108.000000	1513.000000	1845.000000	1639.000000	1344.000000	1087.000000	540.000000	178.000000	1.000000	1.000000
1.000000	1.000000	178.000000	599.000000	700.000000	965.000000	926.000000	866.000000	689.000000	386.000000	1.000000	388.000000	471.000000	470.000000	459.000000	936.000000	721.000000	856.000000	430.000000	359.000000	1.000000
1.000000	1.000000	183.000000	633.000000	444.000000	412.000000	213.000000	1.000000	1.000000	1.000000	1.000000	1.000000	1.000000	1.000000	1.000000	1.000000	1.000000	1.000000	1.000000	1.000000	1.000000
1.000000	1.000000	1.000000	1.000000	1.000000	1.000000	1.000000	1.000000	1.000000	248.000000	1.000000	172.000000	1.000000	1.000000	1.000000	1.000000	1.000000	1.000000	1.000000	1.000000	1.000000
1.000000	1.000000	1.000000	1.000000	1.000000	1.000000	1.000000	1.000000	1.000000	1.000000	246.000000	191.000000	213.000000	1.000000	1.000000	1.000000	207.000000	206.000000	395.000000	1.000000	1.000000
1.000000	1.000000	181.000000	691.000000	707.000000	1.000000	208.000000	1.000000	1.000000	195.000000	195.000000	227.000000	404.000000	543.000000	169.000000	1.000000	400.000000	830.000000	406.000000	167.000000	1.000000
1.000000	1.000000	1.000000	1.000000	1.000000	351.000000	577.000000	809.000000	1607.000000	1623.000000	1608.000000	1613.000000	1466.000000	1239.000000	824.000000	1.000000	1.000000	177.000000	1.000000	1.000000	1.000000
1.000000	1.000000	1.000000	1.000000	1.000000	1.000000	1.000000	1.000000	213.000000	1187.000000	1017.000000	681.000000	463.000000	220.000000	1.000000	1.000000	1.000000	1.000000	1.000000	1.000000	1.000000
1.000000	1.000000	1.000000	1.000000	1.000000	1.000000	1.000000	1.000000	1.000000	1.000000	1.000000	1.000000	1.000000	1.000000	193.000000	174.000000	1.000000	1.000000	1.000000	1.000000	1.000000
1.000000	1.000000	1.000000	1.000000	1.000000	186.000000	1074.000000	1377.000000	1184.000000	892.000000	642.000000	818.000000	1042.000000	1311.000000	1487.000000	642.000000	170.000000	1.000000	1.000000	1.000000	1.000000
1.000000	1.000000	1.000000	1.000000	1.000000	1.000000	182.000000	207.000000	951.000000	1122.000000	1061.000000	1210.000000	185.000000	185.000000	1.000000	1.000000	1.000000	1.000000	1.000000	1.000000	1.000000
1.000000	1.000000	1.000000	1.000000	1.000000	1.000000	1.000000	1.000000	1.000000	1.000000	1.000000	1.000000	1.000000	1.000000	1.000000	1.000000	1.000000	1.000000	1.000000	1.000000	1.000000
1.000000	1.000000	1.000000	1.000000	1.000000	1.000000	1.000000	1.000000	1.000000	1.000000	1.000000	1.000000	1.000000	1.000000	1.000000	1.000000	1.000000	1.000000	1.000000	1.000000	1.000000
1.000000	1.000000	1.000000	1.000000	1.000000	1.000000	1.000000	1.000000	1.000000	1.000000	1.000000	1.000000	1.000000	1.000000	1.000000	1.000000	1.000000	1.000000	1.000000	1.000000	1.000000
1.000000	1.000000	1.000000	1.000000	1.000000	1.000000	1.000000	1.000000	1.000000	1.000000	1.000000	1.000000	1.000000	1.000000	1.000000	1.000000	1.000000	1.000000	1.000000	1.000000	1.000000
1.000000	1.000000	1.000000	1.000000	1.000000	1.000000	1.000000	1.000000	1.000000	1.000000	1.000000	1.000000	1.000000	1.000000	1.000000	1.000000	1.000000	1.000000	1.000000	1.000000	1.000000
1.000000	1.000000	1.000000	1.000000	1.000000	1.000000	1.000000	1.000000	1.000000	1.000000	1.000000	1.000000	1.000000	1.000000	1.000000	1.000000	1.000000	1.000000	1.000000	1.000000	1.000000
1.000000	1.000000	1.000000	1.000000	1.000000	1.000000	1.000000	1.000000	1.000000	1.000000	1.000000	1.000000	1.000000	1.000000	1.000000	1.000000	1.000000	1.000000	1.000000	1.000000	1.000000
1.000000	1.000000	1.000000	1.000000	1.000000	1.000000	1.000000	1.000000	1.000000	1.000000	1.000000	1.000000	1.000000	1.000000	1.000000	1.000000	1.000000	1.000000	1.000000	1.000000	1.000000
