21 25 0
1.000000	1.000000	1.000000	1.000000	1.000000	1.000000	181.000000	401.000000	1000.000000	1214.000000	1185.000000	832.000000	640.000000	624.000000	391.000000	411.000000	411.000000	171.000000	1.000000	1.000000	1.000000
1.000000	1.000000	1.000000	1.000000	1.000000	202.000000	389.000000	201.000000	551.000000	908.000000	1112.000000	769.000000	588.000000	847.000000	582.000000	368.000000	943.000000	947.000000	372.000000	1.000000	1.000000
1.000000	190.000000	190.000000	194.000000	1.000000	177.000000	181.000000	184.000000	189.000000	545.000000	565.000000	383.000000	373.000000	394.000000	558.000000	345.000000	516.000000	561.000000	599.000000	388.000000	1.000000
1.000000	214.000000	425.000000	642.000000	417.000000	334.000000	163.000000	511.000000	349.000000	1.000000	1.000000	1.000000	1.000000	219.000000	555.000000	175.000000	1.000000	1.000000	1.000000	232.000000	232.000000
1.000000	1.000000	1.000000	394.000000	398.000000	564.000000	233.000000	543.000000	1.000000	1.000000	1.000000	187.000000	874.000000	968.000000	684.000000	1.000000	1.000000	1.000000	1.000000	1.000000	1.000000
1.000000	1.000000	1.000000	1.000000	226.000000	403.000000	637.000000	468.000000	174.000000	1.000000	1.000000	1.000000	373.000000	452.000000	431.000000	1.000000	175.000000	234.000000	1.000000	1.000000	169.000000
1.000000	1.000000	1.000000	1.000000	1.000000	211.000000	1.000000	1.000000	1.000000	1.000000	1.000000	1.000000	1.000000	1.000000	1.000000	1.000000	1.000000	1.000000	1.000000	1.000000	1.000000
1.000000	1.000000	1.000000	1.000000	1.000000	1.000000	1.000000	1.000000	1.000000	247.000000	238.000000	238.000000	924.000000	1043.000000	378.000000	176.000000	1.000000	1.000000	1.000000	1.000000	1.000000
1.000000	1.000000	1.000000	1.000000	1.000000	252.000000	710.000000	937.000000	920.000000	670.000000	1240.000000	1086.000000	1222.000000	1373.000000	1621.000000	1311.000000	772.000000	751.000000	175.000000	1.000000	1.000000
1.000000	1.000000	401.000000	747.000000	748.000000	965.000000	1114.000000	1048.000000	832.000000	633.000000	418.000000	459.000000	691.000000	442.000000	616.000000	1085.000000	937.000000	901.000000	659.000000	172.000000	1.000000
1.000000	1.000000	1.000000	579.000000	659.000000	583.000000	615.000000	458.000000	614.000000	1.000000	240.000000	218.000000	1.000000	376.000000	562.000000	349.000000	170.000000	176.000000	1.000000	1.000000	1.000000
1.000000	1.000000	1.000000	1.000000	1.000000	1.000000	1.000000	1.000000	1.000000	195.000000	504.000000	448.000000	215.000000	1.000000	340.000000	1.000000	1.000000	1.000000	1.000000	1.000000	1.000000
1.000000	1.000000	1.000000	1.000000	1.000000	1.000000	1.000000	1.000000	1.000000	1.000000	1.000000	1.000000	1.000000	1.000000	1.000000	1.000000	1.000000	1.000000	1.000000	1.000000	1.000000
1.000000	1.000000	1.000000	1.000000	1.000000	1.000000	1.000000	232.000000	434.000000	426.000000	216.000000	227.000000	423.000000	400.000000	214.000000	213.000000	1.000000	1.000000	1.000000	1.000000	1.000000
1.000000	1.000000	1.000000	1.000000	1.000000	1.000000	362.000000	846.000000	1715.000000	1954.000000	1682.000000	1646.000000	1488.000000	546.000000	1.000000	1.000000	1.000000	1.000000	1.000000	1.000000	1.000000
1.000000	1.000000	1.000000	1.000000	1.000000	1.000000	1.000000	1.000000	1.000000	693.000000	892.000000	488.000000	448.000000	1.000000	1.000000	1.000000	1.000000	1.000000	1.000000	1.000000	1.000000
1.000000	1.000000	1.000000	1.000000	1.000000	1.000000	229.000000	457.000000	254.000000	1.000000	1.000000	1.000000	1.000000	222.000000	678.000000	245.000000	1.000000	1.000000	1.000000	1.000000	1.000000
1.000000	1.000000	1.000000	1.000000	1.000000	1.000000	1.000000	1.000000	1.000000	1.000000	1.000000	1.000000	1.000000	1.000000	1.000000	1.000000	1.000000	1.000000	1.000000	1.000000	1.000000
1.000000	1.000000	1.000000	1.000000	1.000000	1.000000	1.000000	1.000000	1.000000	1.000000	1.000000	1.000000	1.000000	1.000000	1.000000	1.000000	1.000000	1.000000	1.000000	1.000000	1.000000
1.000000	1.000000	1.000000	1.000000	1.000000	1.000000	1.000000	1.000000	1.000000	1.000000	1.000000	1.000000	1.000000	1.000000	1.000000	1.000000	1.000000	1.000000	1.000000	1.000000	1.000000
1.000000	1.000000	1.000000	1.000000	1.000000	1.000000	1.000000	1.000000	1.000000	1.000000	1.000000	1.000000	1.000000	1.000000	1.000000	1.000000	1.000000	1.000000	1.000000	1.000000	1.000000
1.000000	1.000000	1.000000	1.000000	1.000000	1.000000	1.000000	1.000000	1.000000	1.000000	1.000000	1.000000	1.000000	1.000000	1.000000	1.000000	1.000000	1.000000	1.000000	1.000000	1.000000
1.000000	1.000000	1.000000	1.000000	1.000000	1.000000	1.000000	1.000000	1.000000	1.000000	1.000000	1.000000	1.000000	1.000000	1.000000	1.000000	1.000000	1.000000	1.000000	1.000000	1.000000
1.000000	1.000000	1.000000	1.000000	1.000000	1.000000	1.000000	1.000000	1.000000	1.000000	1.000000	1.000000	1.000000	1.000000	1.000000	1.000000	1.000000	1.000000	1.000000	1.000000	1.000000
1.000000	1.000000	1.000000	1.000000	1.000000	1.000000	1.000000	1.000000	1.000000	1.000000	1.000000	1.000000	1.000000	1.000000	1.000000	1.000000	1.000000	1.000000	1.000000	1.000000	1.000000
