21 25 0
1.000000	182.000000	1.000000	1.000000	1.000000	1.000000	182.000000	1.000000	1.000000	1.000000	193.000000	195.000000	1.000000	1.000000	198.000000	183.000000	1.000000	1.000000	196.000000	383.000000	214.000000
1.000000	1.000000	1.000000	395.000000	377.000000	1.000000	1.000000	172.000000	191.000000	1.000000	1.000000	1.000000	1.000000	1.000000	1.000000	1.000000	1.000000	1.000000	1.000000	1.000000	1.000000
1.000000	1.000000	1.000000	1.000000	422.000000	598.000000	1.000000	1.000000	172.000000	178.000000	1.000000	1.000000	187.000000	1.000000	1.000000	203.000000	1.000000	1.000000	1.000000	1.000000	1.000000
1.000000	1.000000	1.000000	1.000000	1.000000	1.000000	1.000000	1.000000	1.000000	175.000000	1.000000	1.000000	1.000000	1.000000	1.000000	1.000000	1.000000	201.000000	1.000000	1.000000	1.000000
1.000000	1.000000	1.000000	1.000000	1.000000	1.000000	1.000000	1.000000	1.000000	1.000000	1.000000	1.000000	1.000000	1.000000	1.000000	1.000000	1.000000	1.000000	1.000000	1.000000	1.000000
1.000000	1.000000	1.000000	1.000000	1.000000	1.000000	1.000000	1.000000	1.000000	1.000000	176.000000	209.000000	921.000000	638.000000	204.000000	180.000000	1.000000	1.000000	1.000000	1.000000	1.000000
1.000000	1.000000	1.000000	176.000000	1.000000	226.000000	221.000000	395.000000	577.000000	1.000000	1.000000	577.000000	616.000000	1554.000000	1158.000000	1121.000000	1027.000000	177.000000	177.000000	1.000000	1.000000
1.000000	1.000000	1.000000	1.000000	656.000000	677.000000	669.000000	653.000000	1316.000000	682.000000	1.000000	1.000000	362.000000	181.000000	407.000000	896.000000	902.000000	859.000000	166.000000	192.000000	1.000000
1.000000	1.000000	1.000000	1.000000	1.000000	1.000000	1.000000	1.000000	234.000000	1572.000000	245.000000	1.000000	1.000000	1.000000	1.000000	1.000000	1.000000	1.000000	1.000000	1.000000	1.000000
1.000000	1.000000	1.000000	1.000000	1.000000	1.000000	1.000000	1.000000	1.000000	435.000000	225.000000	1.000000	1.000000	1.000000	1.000000	1.000000	1.000000	1.000000	1.000000	1.000000	1.000000
1.000000	1.000000	1.000000	1.000000	1.000000	1.000000	1.000000	1.000000	1.000000	1.000000	1.000000	1.000000	595.000000	1.000000	1.000000	1.000000	1.000000	1.000000	1.000000	1.000000	1.000000
1.000000	1.000000	176.000000	203.000000	1.000000	1.000000	1.000000	184.000000	1.000000	218.000000	212.000000	212.000000	611.000000	607.000000	1.000000	1.000000	1.000000	1.000000	1.000000	1.000000	1.000000
1.000000	1.000000	1.000000	1.000000	1.000000	1.000000	1.000000	1.000000	1002.000000	1380.000000	754.000000	244.000000	528.000000	969.000000	203.000000	1.000000	1.000000	1.000000	1.000000	1.000000	1.000000
1.000000	1.000000	1.000000	1.000000	1.000000	1.000000	1.000000	1.000000	1.000000	760.000000	507.000000	234.000000	1.000000	924.000000	232.000000	1.000000	1.000000	1.000000	1.000000	1.000000	1.000000
1.000000	1.000000	1.000000	1.000000	1.000000	1.000000	170.000000	1.000000	1.000000	1.000000	1.000000	1.000000	1.000000	216.000000	402.000000	1.000000	1.000000	1.000000	1.000000	1.000000	1.000000
1.000000	1.000000	1.000000	1.000000	1.000000	185.000000	596.000000	1372.000000	1353.000000	466.000000	205.000000	1.000000	1.000000	619.000000	994.000000	200.000000	1.000000	1.000000	1.000000	1.000000	1.000000
1.000000	189.000000	1.000000	1.000000	1.000000	1.000000	1.000000	417.000000	1154.000000	1544.000000	627.000000	236.000000	1.000000	1.000000	394.000000	1.000000	1.000000	1.000000	1.000000	1.000000	1.000000
1.000000	1.000000	1.000000	1.000000	1.000000	1.000000	1.000000	1.000000	1.000000	1.000000	1.000000	1.000000	1.000000	1.000000	1.000000	1.000000	1.000000	1.000000	1.000000	1.000000	1.000000
1.000000	1.000000	1.000000	1.000000	1.000000	1.000000	1.000000	1.000000	1.000000	1.000000	1.000000	1.000000	1.000000	1.000000	1.000000	1.000000	1.000000	1.000000	1.000000	1.000000	1.000000
1.000000	1.000000	1.000000	1.000000	1.000000	1.000000	1.000000	1.000000	1.000000	1.000000	1.000000	1.000000	1.000000	1.000000	1.000000	1.000000	1.000000	1.000000	1.000000	1.000000	1.000000
1.000000	1.000000	1.000000	1.000000	1.000000	1.000000	1.000000	1.000000	1.000000	1.000000	1.000000	1.000000	1.000000	1.000000	1.000000	1.000000	1.000000	1.000000	1.000000	1.000000	1.000000
1.000000	1.000000	1.000000	1.000000	1.000000	1.000000	1.000000	1.000000	1.000000	1.000000	1.000000	1.000000	1.000000	1.000000	1.000000	1.000000	1.000000	1.000000	1.000000	1.000000	1.000000
1.000000	1.000000	1.000000	1.000000	1.000000	1.000000	1.000000	1.000000	1.000000	1.000000	1.000000	1.000000	1.000000	1.000000	1.000000	1.000000	1.000000	1.000000	1.000000	1.000000	1.000000
1.000000	1.000000	1.000000	1.000000	1.000000	1.000000	1.000000	1.000000	1.000000	1.000000	1.000000	1.000000	1.000000	1.000000	1.000000	1.000000	1.000000	1.000000	1.000000	1.000000	1.000000
1.000000	1.000000	1.000000	1.000000	1.000000	1.000000	1.000000	1.000000	1.000000	1.000000	1.000000	1.000000	1.000000	1.000000	1.000000	1.000000	1.000000	1.000000	1.000000	1.000000	1.000000
