21 25 0
1.000000	1.000000	1.000000	1.000000	1.000000	213.000000	1.000000	393.000000	1.000000	1.000000	1.000000	1.000000	1.000000	1.000000	196.000000	1.000000	1.000000	1.000000	1.000000	231.000000	1.000000
1.000000	1.000000	1.000000	1.000000	1.000000	600.000000	195.000000	193.000000	1.000000	1.000000	1.000000	1.000000	1.000000	1.000000	195.000000	1.000000	1.000000	1.000000	1.000000	217.000000	1.000000
1.000000	1.000000	1.000000	1.000000	1.000000	992.000000	184.000000	188.000000	1.000000	1.000000	177.000000	1.000000	1.000000	1.000000	1.000000	1.000000	1.000000	1.000000	1.000000	202.000000	1.000000
1.000000	1.000000	1.000000	1.000000	1.000000	1.000000	1.000000	1.000000	1.000000	203.000000	214.000000	1.000000	1.000000	1.000000	1.000000	207.000000	1.000000	1.000000	1.000000	1.000000	1.000000
1.000000	1.000000	1.000000	1.000000	1.000000	1.000000	1.000000	1.000000	1.000000	200.000000	1.000000	1.000000	1.000000	185.000000	1.000000	1.000000	201.000000	1.000000	1.000000	1.000000	1.000000
1.000000	1.000000	1.000000	1.000000	1.000000	236.000000	1.000000	1.000000	1.000000	203.000000	1.000000	1.000000	1.000000	1025.000000	1.000000	1.000000	1.000000	1.000000	1.000000	1.000000	1.000000
1.000000	1.000000	1.000000	1.000000	1.000000	484.000000	874.000000	1.000000	508.000000	1.000000	1.000000	350.000000	873.000000	1341.000000	1.000000	1.000000	1.000000	208.000000	1.000000	1.000000	1.000000
1.000000	1.000000	1.000000	1.000000	426.000000	744.000000	689.000000	244.000000	505.000000	1.000000	1.000000	1476.000000	1085.000000	1184.000000	1.000000	1.000000	1.000000	1.000000	1.000000	1.000000	1.000000
1.000000	1.000000	1.000000	1.000000	428.000000	739.000000	454.000000	245.000000	219.000000	1.000000	1.000000	1929.000000	1328.000000	228.000000	487.000000	1.000000	1.000000	1.000000	1.000000	1.000000	1.000000
1.000000	1.000000	1.000000	1.000000	473.000000	220.000000	441.000000	1.000000	830.000000	1.000000	1.000000	1865.000000	848.000000	251.000000	1.000000	1.000000	1.000000	1.000000	1.000000	1.000000	1.000000
1.000000	1.000000	1.000000	1.000000	409.000000	1.000000	1.000000	1.000000	1097.000000	1.000000	1.000000	1130.000000	185.000000	1.000000	1.000000	1.000000	1.000000	1.000000	1.000000	1.000000	1.000000
1.000000	1.000000	1.000000	1.000000	1.000000	1.000000	1.000000	424.000000	1071.000000	1.000000	1.000000	1048.000000	252.000000	1.000000	203.000000	1.000000	1.000000	1.000000	1.000000	174.000000	1.000000
1.000000	1.000000	1.000000	1.000000	1.000000	1.000000	1.000000	437.000000	831.000000	1.000000	1.000000	1218.000000	422.000000	1.000000	205.000000	1.000000	1.000000	1.000000	1.000000	1.000000	1.000000
1.000000	1.000000	1.000000	1.000000	1.000000	1.000000	414.000000	416.000000	950.000000	225.000000	1.000000	923.000000	439.000000	1.000000	1.000000	1.000000	1.000000	1.000000	1.000000	1.000000	1.000000
1.000000	1.000000	1.000000	1.000000	1.000000	211.000000	415.000000	414.000000	864.000000	1.000000	1.000000	1089.000000	190.000000	1.000000	377.000000	1.000000	1.000000	1.000000	1.000000	1.000000	1.000000
1.000000	1.000000	1.000000	1.000000	1.000000	652.000000	395.000000	1.000000	1.000000	1.000000	1.000000	622.000000	1.000000	1.000000	1.000000	1.000000	1.000000	1.000000	1.000000	1.000000	1.000000
1.000000	1.000000	1.000000	1.000000	1.000000	920.000000	199.000000	241.000000	1.000000	1.000000	1.000000	202.000000	1.000000	1.000000	1.000000	1.000000	1.000000	1.000000	1.000000	1.000000	1.000000
1.000000	1.000000	1.000000	1.000000	247.000000	983.000000	870.000000	420.000000	1.000000	708.000000	441.000000	1.000000	1.000000	1.000000	217.000000	1.000000	1.000000	1.000000	1.000000	1.000000	1.000000
1.000000	1.000000	1.000000	1.000000	230.000000	463.000000	642.000000	1.000000	1.000000	654.000000	490.000000	1.000000	1.000000	192.000000	1.000000	1.000000	1.000000	1.000000	1.000000	1.000000	1.000000
1.000000	1.000000	1.000000	1.000000	1.000000	469.000000	1.000000	184.000000	1.000000	422.000000	235.000000	1.000000	1.000000	193.000000	1.000000	1.000000	1.000000	1.000000	1.000000	1.000000	1.000000
1.000000	1.000000	1.000000	1.000000	1.000000	1.000000	1.000000	1.000000	1.000000	1.000000	1.000000	1.000000	1.000000	1.000000	1.000000	1.000000	1.000000	1.000000	1.000000	1.000000	1.000000
1.000000	1.000000	1.000000	1.000000	1.000000	1.000000	1.000000	1.000000	1.000000	1.000000	1.000000	1.000000	1.000000	1.000000	1.000000	1.000000	1.000000	1.000000	1.000000	1.000000	1.000000
1.000000	1.000000	1.000000	1.000000	1.000000	1.000000	1.000000	1.000000	1.000000	1.000000	1.000000	1.000000	1.000000	1.000000	1.000000	1.000000	1.000000	1.000000	1.000000	1.000000	1.000000
1.000000	1.000000	1.000000	1.000000	1.000000	1.000000	1.000000	1.000000	1.000000	1.000000	1.000000	1.000000	1.000000	1.000000	1.000000	1.000000	1.000000	1.000000	1.000000	1.000000	1.000000
1.000000	1.000000	1.000000	1.000000	1.000000	1.000000	1.000000	1.000000	1.000000	1.000000	1.000000	1.000000	1.000000	1.000000	1.000000	1.000000	1.000000	1.000000	1.000000	1.000000	1.000000
