21 25 0
1.000000	1.000000	1.000000	1.000000	1.000000	1.000000	1.000000	188.000000	1.000000	1.000000	1.000000	1.000000	1.000000	1.000000	1.000000	1.000000	1.000000	1.000000	1.000000	1.000000	1.000000
1.000000	1.000000	1.000000	1.000000	1.000000	1.000000	594.000000	430.000000	423.000000	1.000000	1.000000	1.000000	1.000000	1.000000	1.000000	1.000000	1.000000	1.000000	1.000000	244.000000	1.000000
1.000000	1.000000	1.000000	1.000000	1.000000	1.000000	1.000000	1.000000	1.000000	1.000000	1.000000	1.000000	1.000000	1.000000	1.000000	1.000000	1.000000	1.000000	1.000000	1.000000	1.000000
1.000000	1.000000	1.000000	1.000000	1.000000	1.000000	1.000000	1.000000	1.000000	1.000000	1.000000	1.000000	1.000000	1.000000	1.000000	188.000000	1.000000	1.000000	1.000000	1.000000	1.000000
1.000000	1.000000	1.000000	1.000000	385.000000	1295.000000	1540.000000	869.000000	386.000000	398.000000	1.000000	180.000000	365.000000	636.000000	1069.000000	996.000000	406.000000	1.000000	1.000000	1.000000	1.000000
1.000000	1.000000	1.000000	1.000000	204.000000	466.000000	443.000000	399.000000	838.000000	433.000000	1.000000	1.000000	177.000000	177.000000	399.000000	426.000000	375.000000	206.000000	1.000000	1.000000	1.000000
1.000000	1.000000	1.000000	1.000000	1.000000	1.000000	1.000000	389.000000	388.000000	1.000000	1.000000	1.000000	1.000000	192.000000	935.000000	251.000000	232.000000	1.000000	1.000000	1.000000	1.000000
1.000000	1.000000	1.000000	1.000000	185.000000	1132.000000	918.000000	723.000000	988.000000	954.000000	1.000000	393.000000	1087.000000	1096.000000	891.000000	1151.000000	661.000000	1.000000	1.000000	1.000000	1.000000
1.000000	1.000000	1.000000	1.000000	1.000000	1.000000	1.000000	1.000000	1.000000	1.000000	1.000000	1.000000	1.000000	209.000000	247.000000	246.000000	246.000000	214.000000	1.000000	1.000000	1.000000
1.000000	1.000000	1.000000	1.000000	1.000000	1.000000	1.000000	1.000000	1.000000	1.000000	1.000000	1.000000	1.000000	1.000000	1.000000	1.000000	215.000000	1.000000	1.000000	1.000000	1.000000
1.000000	1.000000	1.000000	1.000000	238.000000	208.000000	1.000000	1.000000	1.000000	214.000000	213.000000	1.000000	1.000000	1.000000	203.000000	197.000000	386.000000	1.000000	1.000000	1.000000	1.000000
1.000000	1.000000	1.000000	1.000000	410.000000	1.000000	1.000000	1.000000	191.000000	365.000000	175.000000	1.000000	192.000000	1.000000	1.000000	193.000000	187.000000	1.000000	1.000000	1.000000	1.000000
1.000000	1.000000	1.000000	1.000000	1.000000	1.000000	363.000000	606.000000	606.000000	673.000000	480.000000	433.000000	190.000000	612.000000	441.000000	237.000000	167.000000	1.000000	1.000000	1.000000	1.000000
1.000000	1.000000	1.000000	1.000000	1.000000	1.000000	428.000000	434.000000	463.000000	710.000000	636.000000	626.000000	197.000000	391.000000	552.000000	209.000000	192.000000	1.000000	1.000000	1.000000	1.000000
1.000000	1.000000	1.000000	1.000000	1.000000	1.000000	1.000000	1.000000	205.000000	373.000000	194.000000	576.000000	1.000000	1.000000	1.000000	1.000000	1.000000	1.000000	1.000000	1.000000	1.000000
1.000000	1.000000	1.000000	1.000000	1.000000	1.000000	1.000000	435.000000	454.000000	1.000000	1.000000	398.000000	407.000000	483.000000	444.000000	1.000000	1.000000	1.000000	1.000000	1.000000	1.000000
1.000000	1.000000	1.000000	1.000000	1.000000	1.000000	419.000000	952.000000	1405.000000	682.000000	1414.000000	881.000000	692.000000	1093.000000	624.000000	223.000000	1.000000	1.000000	1.000000	1.000000	1.000000
1.000000	1.000000	1.000000	1.000000	1.000000	1.000000	1.000000	1.000000	1.000000	213.000000	234.000000	213.000000	1.000000	1.000000	177.000000	1.000000	1.000000	1.000000	1.000000	1.000000	1.000000
1.000000	1.000000	1.000000	1.000000	1.000000	1.000000	1.000000	1.000000	1.000000	1.000000	1.000000	1.000000	1.000000	1.000000	1.000000	1.000000	1.000000	1.000000	1.000000	1.000000	1.000000
1.000000	1.000000	1.000000	1.000000	1.000000	1.000000	1.000000	171.000000	386.000000	222.000000	1.000000	1.000000	222.000000	222.000000	1.000000	1.000000	1.000000	1.000000	1.000000	1.000000	1.000000
1.000000	1.000000	1.000000	1.000000	1.000000	1.000000	1.000000	1.000000	1.000000	1.000000	1.000000	1.000000	1.000000	1.000000	1.000000	1.000000	1.000000	1.000000	1.000000	1.000000	1.000000
1.000000	1.000000	1.000000	1.000000	1.000000	1.000000	1.000000	1.000000	1.000000	1.000000	1.000000	1.000000	1.000000	1.000000	1.000000	1.000000	1.000000	1.000000	1.000000	1.000000	1.000000
1.000000	1.000000	1.000000	1.000000	1.000000	1.000000	1.000000	1.000000	1.000000	1.000000	1.000000	1.000000	1.000000	1.000000	1.000000	1.000000	1.000000	1.000000	1.000000	1.000000	1.000000
1.000000	1.000000	1.000000	1.000000	1.000000	1.000000	1.000000	1.000000	1.000000	1.000000	1.000000	1.000000	1.000000	1.000000	1.000000	1.000000	1.000000	1.000000	1.000000	1.000000	1.000000
1.000000	1.000000	1.000000	1.000000	1.000000	1.000000	1.000000	1.000000	1.000000	1.000000	1.000000	1.000000	1.000000	1.000000	1.000000	1.000000	1.000000	1.000000	1.000000	1.000000	1.000000
