21 25 0
1.000000	1.000000	1.000000	1.000000	1.000000	1.000000	1.000000	1.000000	1.000000	187.000000	1.000000	1.000000	181.000000	1.000000	1.000000	183.000000	195.000000	233.000000	1.000000	1.000000	1.000000
1.000000	1.000000	1.000000	1.000000	1.000000	1.000000	1.000000	1.000000	613.000000	375.000000	187.000000	1.000000	1.000000	1.000000	1.000000	203.000000	445.000000	225.000000	1.000000	1.000000	1.000000
1.000000	1.000000	1.000000	1.000000	1.000000	1.000000	1.000000	1.000000	1.000000	394.000000	1.000000	1.000000	176.000000	1.000000	1.000000	1.000000	442.000000	229.000000	178.000000	1.000000	1.000000
1.000000	1.000000	1.000000	1.000000	1.000000	1.000000	1.000000	1.000000	1.000000	1.000000	1.000000	1.000000	176.000000	1.000000	188.000000	1.000000	237.000000	691.000000	234.000000	1.000000	1.000000
1.000000	1.000000	1.000000	1.000000	1.000000	1.000000	1.000000	1.000000	1.000000	1.000000	1.000000	193.000000	1.000000	1.000000	1.000000	184.000000	487.000000	475.000000	178.000000	1.000000	1.000000
1.000000	1.000000	1.000000	1.000000	1.000000	1.000000	1.000000	450.000000	240.000000	175.000000	242.000000	1.000000	1.000000	1.000000	485.000000	652.000000	197.000000	201.000000	1.000000	253.000000	1.000000
1.000000	1.000000	1.000000	1.000000	1.000000	1.000000	1.000000	451.000000	932.000000	828.000000	508.000000	1.000000	1.000000	1.000000	493.000000	1134.000000	453.000000	1.000000	1.000000	254.000000	1.000000
1.000000	1.000000	1.000000	1.000000	1.000000	1.000000	223.000000	505.000000	918.000000	1933.000000	505.000000	1.000000	1.000000	1.000000	698.000000	1347.000000	884.000000	1.000000	1.000000	236.000000	1.000000
1.000000	1.000000	1.000000	1.000000	1.000000	1.000000	1.000000	255.000000	243.000000	1958.000000	733.000000	1.000000	1.000000	256.000000	829.000000	683.000000	1066.000000	189.000000	1.000000	1.000000	1.000000
1.000000	1.000000	1.000000	1.000000	1.000000	1.000000	1.000000	1.000000	1.000000	1576.000000	1133.000000	1.000000	1.000000	257.000000	619.000000	452.000000	206.000000	194.000000	1.000000	1.000000	1.000000
1.000000	1.000000	1.000000	1.000000	1.000000	1.000000	1.000000	1.000000	1.000000	662.000000	851.000000	1.000000	1.000000	210.000000	1.000000	1.000000	1.000000	1.000000	1.000000	1.000000	1.000000
1.000000	1.000000	1.000000	1.000000	1.000000	220.000000	394.000000	1.000000	1.000000	686.000000	862.000000	1.000000	205.000000	386.000000	1.000000	1.000000	1.000000	1.000000	1.000000	1.000000	1.000000
1.000000	1.000000	1.000000	1.000000	1.000000	230.000000	377.000000	1.000000	1.000000	684.000000	650.000000	1.000000	390.000000	563.000000	1.000000	1.000000	1.000000	1.000000	1.000000	1.000000	1.000000
1.000000	1.000000	1.000000	1.000000	1.000000	196.000000	1.000000	1.000000	1.000000	968.000000	849.000000	1.000000	391.000000	372.000000	1.000000	1.000000	1.000000	1.000000	1.000000	1.000000	1.000000
1.000000	1.000000	1.000000	1.000000	192.000000	1.000000	1.000000	192.000000	1.000000	1099.000000	697.000000	1.000000	568.000000	768.000000	1.000000	419.000000	199.000000	1.000000	1.000000	204.000000	1.000000
1.000000	1.000000	1.000000	1.000000	1.000000	1.000000	1.000000	199.000000	1.000000	1.000000	1.000000	1.000000	1.000000	196.000000	1.000000	819.000000	200.000000	1.000000	1.000000	247.000000	1.000000
1.000000	1.000000	1.000000	1.000000	1.000000	1.000000	1.000000	217.000000	1.000000	208.000000	1.000000	1.000000	1.000000	1.000000	1.000000	1116.000000	430.000000	510.000000	208.000000	1.000000	1.000000
1.000000	1.000000	1.000000	1.000000	1.000000	1.000000	1.000000	1.000000	229.000000	1.000000	1.000000	399.000000	429.000000	1.000000	167.000000	987.000000	451.000000	237.000000	225.000000	1.000000	1.000000
1.000000	1.000000	1.000000	1.000000	219.000000	1.000000	1.000000	420.000000	1.000000	1.000000	1.000000	463.000000	1.000000	1.000000	1.000000	404.000000	390.000000	238.000000	1.000000	1.000000	1.000000
1.000000	1.000000	1.000000	1.000000	191.000000	1.000000	1.000000	420.000000	1.000000	1.000000	1.000000	1.000000	1.000000	1.000000	1.000000	1.000000	423.000000	1.000000	1.000000	1.000000	1.000000
1.000000	1.000000	1.000000	1.000000	1.000000	1.000000	1.000000	1.000000	1.000000	1.000000	1.000000	1.000000	1.000000	1.000000	1.000000	1.000000	1.000000	1.000000	1.000000	1.000000	1.000000
1.000000	1.000000	1.000000	1.000000	1.000000	1.000000	1.000000	1.000000	1.000000	1.000000	1.000000	1.000000	1.000000	1.000000	1.000000	1.000000	1.000000	1.000000	1.000000	1.000000	1.000000
1.000000	1.000000	1.000000	1.000000	1.000000	1.000000	1.000000	1.000000	1.000000	1.000000	1.000000	1.000000	1.000000	1.000000	1.000000	1.000000	1.000000	1.000000	1.000000	1.000000	1.000000
1.000000	1.000000	1.000000	1.000000	1.000000	1.000000	1.000000	1.000000	1.000000	1.000000	1.000000	1.000000	1.000000	1.000000	1.000000	1.000000	1.000000	1.000000	1.000000	1.000000	1.000000
1.000000	1.000000	1.000000	1.000000	1.000000	1.000000	1.000000	1.000000	1.000000	1.000000	1.000000	1.000000	1.000000	1.000000	1.000000	1.000000	1.000000	1.000000	1.000000	1.000000	1.000000
