21 25 0
1.000000	1.000000	1.000000	1.000000	212.000000	244.000000	1.000000	1.000000	1.000000	1.000000	1.000000	202.000000	1.000000	1.000000	1.000000	1.000000	1.000000	1.000000	1.000000	472.000000	428.000000
1.000000	1.000000	1.000000	1.000000	1.000000	1.000000	1.000000	1.000000	1.000000	1.000000	1.000000	1.000000	1.000000	1.000000	1.000000	1.000000	1.000000	1.000000	1.000000	454.000000	223.000000
1.000000	1.000000	1.000000	1.000000	1.000000	243.000000	1.000000	1.000000	1.000000	1.000000	1.000000	1.000000	1.000000	1.000000	1.000000	1.000000	1.000000	1.000000	1.000000	1.000000	245.000000
1.000000	1.000000	1.000000	1.000000	243.000000	1.000000	1.000000	1.000000	1.000000	1.000000	1.000000	1.000000	1.000000	1.000000	1.000000	1.000000	1.000000	1.000000	1.000000	1.000000	221.000000
1.000000	1.000000	1.000000	1.000000	235.000000	203.000000	1.000000	1.000000	1.000000	1.000000	1.000000	1.000000	1.000000	1.000000	1.000000	1.000000	1.000000	1.000000	1.000000	1.000000	204.000000
1.000000	1.000000	1.000000	1.000000	1.000000	205.000000	1.000000	1.000000	1.000000	1.000000	1.000000	1.000000	1.000000	1.000000	1.000000	1.000000	1.000000	1.000000	1.000000	1.000000	204.000000
1.000000	1.000000	1.000000	1.000000	1.000000	204.000000	1.000000	1.000000	1.000000	1.000000	392.000000	1.000000	1.000000	1.000000	1.000000	1.000000	204.000000	594.000000	196.000000	1.000000	247.000000
1.000000	1.000000	1.000000	186.000000	1.000000	1.000000	248.000000	236.000000	1.000000	1.000000	421.000000	1120.000000	815.000000	1.000000	1.000000	1.000000	1.000000	1.000000	1.000000	190.000000	247.000000
1.000000	1.000000	1.000000	1.000000	225.000000	1.000000	1.000000	255.000000	227.000000	1.000000	699.000000	1738.000000	1066.000000	1.000000	1.000000	216.000000	1.000000	1.000000	1.000000	190.000000	247.000000
1.000000	1.000000	1.000000	1.000000	225.000000	1.000000	199.000000	1.000000	426.000000	1.000000	749.000000	1699.000000	243.000000	1.000000	1.000000	412.000000	1.000000	1.000000	1.000000	1.000000	1.000000
1.000000	1.000000	1.000000	1.000000	1.000000	1.000000	1.000000	1.000000	385.000000	1.000000	896.000000	1181.000000	1.000000	220.000000	459.000000	201.000000	1.000000	1.000000	1.000000	1.000000	1.000000
1.000000	1.000000	1.000000	1.000000	1.000000	1.000000	1.000000	1.000000	1.000000	381.000000	690.000000	1134.000000	1.000000	1.000000	233.000000	884.000000	189.000000	1.000000	1.000000	1.000000	1.000000
1.000000	1.000000	1.000000	1.000000	1.000000	194.000000	1.000000	1.000000	1.000000	407.000000	689.000000	1103.000000	386.000000	1.000000	1.000000	215.000000	202.000000	1.000000	1.000000	1.000000	1.000000
1.000000	1.000000	1.000000	1.000000	197.000000	195.000000	1.000000	1.000000	1.000000	737.000000	671.000000	1180.000000	389.000000	1.000000	1.000000	210.000000	188.000000	1.000000	1.000000	1.000000	1.000000
1.000000	1.000000	1.000000	186.000000	416.000000	196.000000	1.000000	1.000000	1.000000	739.000000	185.000000	894.000000	1.000000	1.000000	1.000000	1.000000	193.000000	1.000000	1.000000	1.000000	1.000000
1.000000	1.000000	1.000000	1.000000	671.000000	439.000000	1.000000	1.000000	378.000000	212.000000	1.000000	1.000000	1.000000	221.000000	889.000000	1.000000	1.000000	1.000000	1.000000	1.000000	1.000000
1.000000	1.000000	1.000000	1.000000	426.000000	668.000000	1.000000	1.000000	187.000000	197.000000	1.000000	410.000000	1.000000	232.000000	448.000000	1.000000	1.000000	219.000000	1.000000	1.000000	1.000000
1.000000	1.000000	1.000000	1.000000	212.000000	226.000000	1.000000	1.000000	401.000000	197.000000	1.000000	192.000000	1.000000	1.000000	219.000000	1.000000	184.000000	416.000000	1.000000	1.000000	1.000000
1.000000	1.000000	1.000000	1.000000	1.000000	1.000000	1.000000	1.000000	1.000000	1.000000	1.000000	1.000000	1.000000	1.000000	1.000000	1.000000	1.000000	1.000000	1.000000	1.000000	1.000000
1.000000	1.000000	1.000000	1.000000	1.000000	1.000000	1.000000	1.000000	1.000000	1.000000	1.000000	1.000000	1.000000	1.000000	1.000000	1.000000	1.000000	1.000000	1.000000	1.000000	1.000000
1.000000	1.000000	1.000000	1.000000	1.000000	1.000000	1.000000	1.000000	1.000000	1.000000	1.000000	1.000000	1.000000	1.000000	1.000000	1.000000	1.000000	1.000000	1.000000	1.000000	1.000000
1.000000	1.000000	1.000000	1.000000	1.000000	1.000000	1.000000	1.000000	1.000000	1.000000	1.000000	1.000000	1.000000	1.000000	1.000000	1.000000	1.000000	1.000000	1.000000	1.000000	1.000000
1.000000	1.000000	1.000000	1.000000	1.000000	1.000000	1.000000	1.000000	1.000000	1.000000	1.000000	1.000000	1.000000	1.000000	1.000000	1.000000	1.000000	1.000000	1.000000	1.000000	1.000000
1.000000	1.000000	1.000000	1.000000	1.000000	1.000000	1.000000	1.000000	1.000000	1.000000	1.000000	1.000000	1.000000	1.000000	1.000000	1.000000	1.000000	1.000000	1.000000	1.000000	1.000000
1.000000	1.000000	1.000000	1.000000	1.000000	1.000000	1.000000	1.000000	1.000000	1.000000	1.000000	1.000000	1.000000	1.000000	1.000000	1.000000	1.000000	1.000000	1.000000	1.000000	1.000000
