21 25 0
422.000000	1.000000	1.000000	1.000000	1.000000	1.000000	1.000000	1.000000	232.000000	213.000000	204.000000	1.000000	437.000000	1.000000	212.000000	198.000000	1.000000	1.000000	1.000000	1.000000	1.000000
1.000000	1.000000	1.000000	1.000000	1.000000	1.000000	1.000000	1.000000	1.000000	1.000000	1.000000	1.000000	211.000000	1.000000	1.000000	1.000000	1.000000	1.000000	1.000000	1.000000	1.000000
1.000000	1.000000	1.000000	1.000000	1.000000	1.000000	1.000000	1.000000	1.000000	1.000000	1.000000	1.000000	1.000000	1.000000	1.000000	1.000000	1.000000	1.000000	1.000000	1.000000	1.000000
1.000000	1.000000	1.000000	1.000000	1.000000	1.000000	1.000000	1.000000	1.000000	1.000000	1.000000	1.000000	1.000000	1.000000	1.000000	1.000000	1.000000	1.000000	1.000000	1.000000	1.000000
1.000000	1.000000	1.000000	1.000000	1.000000	1.000000	1.000000	1.000000	1.000000	1.000000	1.000000	1.000000	1.000000	1.000000	1.000000	1.000000	1.000000	1.000000	1.000000	1.000000	1.000000
1.000000	1.000000	1.000000	1.000000	1.000000	1.000000	1.000000	1.000000	1.000000	1.000000	1.000000	196.000000	193.000000	1.000000	1.000000	1.000000	204.000000	1.000000	1.000000	1.000000	1.000000
1.000000	1.000000	1.000000	1.000000	207.000000	1.000000	1.000000	1.000000	1.000000	227.000000	216.000000	1.000000	1.000000	1.000000	1.000000	1.000000	1.000000	1.000000	1.000000	1.000000	1.000000
1.000000	1.000000	1.000000	1.000000	1.000000	1.000000	1.000000	1.000000	1.000000	1434.000000	1168.000000	1.000000	1.000000	229.000000	1.000000	252.000000	1.000000	1.000000	1.000000	1.000000	1.000000
1.000000	1.000000	1.000000	1.000000	1.000000	237.000000	1.000000	1.000000	1.000000	1637.000000	1223.000000	1.000000	383.000000	229.000000	1.000000	252.000000	1.000000	1.000000	1.000000	1.000000	1.000000
1.000000	1.000000	1.000000	1.000000	1.000000	226.000000	1.000000	413.000000	228.000000	719.000000	1220.000000	1.000000	572.000000	1.000000	1.000000	1.000000	1.000000	1.000000	1.000000	1.000000	1.000000
1.000000	1.000000	1.000000	1.000000	1.000000	207.000000	1.000000	653.000000	1.000000	459.000000	702.000000	1.000000	418.000000	185.000000	1.000000	1.000000	1.000000	184.000000	1.000000	1.000000	1.000000
1.000000	1.000000	1.000000	1.000000	1.000000	1.000000	1.000000	206.000000	1.000000	466.000000	866.000000	1.000000	220.000000	651.000000	1.000000	1.000000	1.000000	184.000000	1.000000	1.000000	1.000000
1.000000	1.000000	1.000000	1.000000	184.000000	1.000000	208.000000	205.000000	252.000000	677.000000	934.000000	254.000000	465.000000	612.000000	1.000000	1.000000	1.000000	1.000000	1.000000	1.000000	1.000000
407.000000	1.000000	1.000000	1.000000	1.000000	1.000000	442.000000	656.000000	1.000000	444.000000	762.000000	254.000000	403.000000	411.000000	1.000000	1.000000	1.000000	1.000000	1.000000	1.000000	1.000000
201.000000	1.000000	1.000000	1.000000	1.000000	1.000000	647.000000	431.000000	1.000000	1.000000	257.000000	1.000000	400.000000	606.000000	1.000000	1.000000	1.000000	1.000000	1.000000	1.000000	1.000000
198.000000	1.000000	186.000000	212.000000	1.000000	1.000000	1.000000	1.000000	1.000000	1.000000	1.000000	1.000000	186.000000	195.000000	1.000000	471.000000	183.000000	1.000000	1.000000	1.000000	1.000000
1.000000	1.000000	187.000000	1.000000	195.000000	1.000000	1.000000	219.000000	1.000000	1.000000	1.000000	1.000000	439.000000	1.000000	211.000000	654.000000	184.000000	1.000000	1.000000	1.000000	1.000000
1.000000	1.000000	1.000000	1.000000	1.000000	1.000000	1.000000	224.000000	1.000000	1.000000	1.000000	1.000000	440.000000	1.000000	1.000000	214.000000	1.000000	1.000000	1.000000	1.000000	1.000000
1.000000	1.000000	1.000000	1.000000	1.000000	1.000000	1.000000	224.000000	1.000000	1.000000	241.000000	1.000000	1.000000	1.000000	1.000000	191.000000	1.000000	1.000000	1.000000	1.000000	1.000000
1.000000	1.000000	1.000000	1.000000	1.000000	1.000000	1.000000	1.000000	1.000000	1.000000	241.000000	1.000000	1.000000	1.000000	1.000000	1.000000	1.000000	1.000000	1.000000	1.000000	1.000000
1.000000	1.000000	1.000000	1.000000	1.000000	1.000000	1.000000	1.000000	1.000000	1.000000	1.000000	1.000000	1.000000	1.000000	1.000000	1.000000	1.000000	1.000000	1.000000	1.000000	1.000000
1.000000	1.000000	1.000000	1.000000	1.000000	1.000000	1.000000	1.000000	1.000000	1.000000	1.000000	1.000000	1.000000	1.000000	1.000000	1.000000	1.000000	1.000000	1.000000	1.000000	1.000000
1.000000	1.000000	1.000000	1.000000	1.000000	1.000000	1.000000	1.000000	1.000000	1.000000	1.000000	1.000000	1.000000	1.000000	1.000000	1.000000	1.000000	1.000000	1.000000	1.000000	1.000000
1.000000	1.000000	1.000000	1.000000	1.000000	1.000000	1.000000	1.000000	1.000000	1.000000	1.000000	1.000000	1.000000	1.000000	1.000000	1.000000	1.000000	1.000000	1.000000	1.000000	1.000000
1.000000	1.000000	1.000000	1.000000	1.000000	1.000000	1.000000	1.000000	1.000000	1.000000	1.000000	1.000000	1.000000	1.000000	1.000000	1.000000	1.000000	1.000000	1.000000	1.000000	1.000000
