21 25 0
1.000000	1.000000	1.000000	1.000000	1.000000	225.000000	1.000000	213.000000	1.000000	1.000000	468.000000	217.000000	1.000000	1.000000	1.000000	1.000000	1.000000	1.000000	1.000000	1.000000	1.000000
1.000000	1.000000	1.000000	1.000000	1.000000	1.000000	1.000000	1.000000	1.000000	1.000000	1.000000	1.000000	1.000000	1.000000	1.000000	1.000000	1.000000	1.000000	1.000000	1.000000	1.000000
410.000000	1.000000	1.000000	1.000000	1.000000	1.000000	1.000000	1.000000	1.000000	1.000000	1.000000	1.000000	1.000000	1.000000	1.000000	1.000000	1.000000	187.000000	1.000000	1.000000	1.000000
203.000000	1.000000	1.000000	1.000000	1.000000	1.000000	1.000000	1.000000	1.000000	1.000000	1.000000	1.000000	1.000000	1.000000	1.000000	1.000000	1.000000	1.000000	1.000000	1.000000	1.000000
1.000000	1.000000	1.000000	1.000000	1.000000	1.000000	1.000000	1.000000	1.000000	1.000000	1.000000	1.000000	1.000000	1.000000	1.000000	1.000000	1.000000	1.000000	1.000000	1.000000	1.000000
1.000000	1.000000	1.000000	1.000000	1.000000	1.000000	1.000000	1.000000	1.000000	1.000000	1.000000	1.000000	1.000000	1.000000	1.000000	1.000000	1.000000	1.000000	1.000000	1.000000	1.000000
1.000000	220.000000	1.000000	1.000000	1.000000	1.000000	207.000000	1.000000	231.000000	1.000000	1.000000	215.000000	205.000000	1.000000	1.000000	1.000000	1.000000	1.000000	1.000000	1.000000	1.000000
907.000000	210.000000	1.000000	1.000000	1.000000	1.000000	420.000000	238.000000	688.000000	1.000000	1.000000	1422.000000	443.000000	1.000000	1.000000	1.000000	1.000000	1.000000	1.000000	1.000000	1.000000
898.000000	1.000000	1.000000	1.000000	1.000000	1.000000	657.000000	1.000000	253.000000	1.000000	1.000000	1670.000000	484.000000	1.000000	1.000000	1.000000	1.000000	1.000000	1.000000	1.000000	1.000000
404.000000	1.000000	1.000000	1.000000	1.000000	417.000000	417.000000	1.000000	1.000000	1.000000	199.000000	1625.000000	717.000000	1.000000	204.000000	1.000000	1.000000	1.000000	1.000000	1.000000	1.000000
1.000000	1.000000	1.000000	1.000000	1.000000	632.000000	203.000000	217.000000	203.000000	204.000000	223.000000	1140.000000	693.000000	1.000000	191.000000	184.000000	1.000000	1.000000	1.000000	1.000000	1.000000
400.000000	1.000000	1.000000	1.000000	1.000000	1.000000	1.000000	207.000000	613.000000	206.000000	507.000000	884.000000	474.000000	1.000000	1.000000	1.000000	1.000000	1.000000	1.000000	1.000000	1.000000
416.000000	429.000000	1.000000	1.000000	1.000000	1.000000	1.000000	207.000000	609.000000	205.000000	509.000000	889.000000	479.000000	1.000000	1.000000	1.000000	1.000000	1.000000	1.000000	1.000000	1.000000
1.000000	1.000000	1.000000	1.000000	1.000000	1.000000	1.000000	846.000000	670.000000	220.000000	254.000000	695.000000	1.000000	1.000000	1.000000	1.000000	1.000000	1.000000	1.000000	1.000000	1.000000
1.000000	1.000000	1.000000	1.000000	1.000000	220.000000	1.000000	447.000000	688.000000	1.000000	226.000000	1.000000	1.000000	1.000000	1.000000	1.000000	1.000000	1.000000	1.000000	1.000000	1.000000
1.000000	1.000000	1.000000	190.000000	401.000000	855.000000	1.000000	1.000000	1.000000	1.000000	226.000000	1.000000	1.000000	1.000000	1.000000	1.000000	1.000000	243.000000	1.000000	1.000000	1.000000
1.000000	1.000000	1.000000	1.000000	401.000000	883.000000	1.000000	1.000000	1.000000	1.000000	247.000000	219.000000	1.000000	1.000000	1.000000	1.000000	212.000000	1.000000	1.000000	1.000000	1.000000
1.000000	1.000000	1.000000	1.000000	1.000000	225.000000	1.000000	1.000000	1.000000	1.000000	247.000000	219.000000	1.000000	1.000000	226.000000	1.000000	1.000000	215.000000	1.000000	1.000000	1.000000
1.000000	1.000000	1.000000	1.000000	1.000000	1.000000	1.000000	1.000000	242.000000	234.000000	1.000000	1.000000	1.000000	191.000000	1.000000	1.000000	1.000000	1.000000	1.000000	1.000000	1.000000
1.000000	1.000000	1.000000	1.000000	1.000000	1.000000	1.000000	1.000000	243.000000	1.000000	1.000000	1.000000	1.000000	191.000000	1.000000	1.000000	1.000000	1.000000	1.000000	1.000000	1.000000
1.000000	1.000000	1.000000	1.000000	1.000000	1.000000	1.000000	1.000000	1.000000	1.000000	1.000000	1.000000	1.000000	1.000000	1.000000	1.000000	1.000000	1.000000	1.000000	1.000000	1.000000
1.000000	1.000000	1.000000	1.000000	1.000000	1.000000	1.000000	1.000000	1.000000	1.000000	1.000000	1.000000	1.000000	1.000000	1.000000	1.000000	1.000000	1.000000	1.000000	1.000000	1.000000
1.000000	1.000000	1.000000	1.000000	1.000000	1.000000	1.000000	1.000000	1.000000	1.000000	1.000000	1.000000	1.000000	1.000000	1.000000	1.000000	1.000000	1.000000	1.000000	1.000000	1.000000
1.000000	1.000000	1.000000	1.000000	1.000000	1.000000	1.000000	1.000000	1.000000	1.000000	1.000000	1.000000	1.000000	1.000000	1.000000	1.000000	1.000000	1.000000	1.000000	1.000000	1.000000
1.000000	1.000000	1.000000	1.000000	1.000000	1.000000	1.000000	1.000000	1.000000	1.000000	1.000000	1.000000	1.000000	1.000000	1.000000	1.000000	1.000000	1.000000	1.000000	1.000000	1.000000
