21 25 0
226.000000	242.000000	1.000000	1.000000	1.000000	205.000000	1.000000	199.000000	203.000000	207.000000	204.000000	200.000000	1.000000	215.000000	218.000000	1.000000	1.000000	193.000000	1.000000	1.000000	1.000000
1.000000	230.000000	1.000000	1.000000	424.000000	674.000000	883.000000	448.000000	197.000000	686.000000	1095.000000	443.000000	431.000000	197.000000	390.000000	1.000000	199.000000	1.000000	1.000000	1.000000	1.000000
1.000000	1.000000	1.000000	1.000000	1.000000	244.000000	410.000000	391.000000	202.000000	184.000000	1.000000	204.000000	415.000000	189.000000	1.000000	194.000000	1.000000	1.000000	1.000000	1.000000	1.000000
213.000000	1.000000	1.000000	1.000000	1.000000	1.000000	1.000000	1.000000	1.000000	1.000000	1.000000	1.000000	1.000000	1.000000	1.000000	1.000000	1.000000	1.000000	1.000000	1.000000	1.000000
190.000000	1.000000	1.000000	1.000000	1.000000	1.000000	239.000000	246.000000	189.000000	1.000000	1.000000	1.000000	1.000000	1.000000	194.000000	232.000000	1.000000	1.000000	1.000000	1.000000	1.000000
1.000000	1.000000	1.000000	1.000000	1.000000	1.000000	445.000000	481.000000	236.000000	236.000000	1.000000	1.000000	213.000000	213.000000	252.000000	254.000000	218.000000	1.000000	1.000000	1.000000	1.000000
1.000000	1.000000	1.000000	1.000000	194.000000	1.000000	240.000000	1061.000000	1414.000000	934.000000	622.000000	623.000000	883.000000	378.000000	250.000000	239.000000	1.000000	1.000000	1.000000	1.000000	1.000000
1.000000	1.000000	1.000000	660.000000	685.000000	887.000000	1289.000000	1330.000000	856.000000	647.000000	197.000000	178.000000	597.000000	428.000000	239.000000	460.000000	1.000000	1.000000	1.000000	1.000000	1.000000
1.000000	1.000000	1.000000	1.000000	221.000000	452.000000	388.000000	1.000000	1.000000	1.000000	1.000000	1.000000	1.000000	1.000000	1.000000	238.000000	236.000000	1.000000	1.000000	1.000000	1.000000
209.000000	1.000000	1.000000	1.000000	1.000000	1.000000	1.000000	1.000000	1.000000	1.000000	222.000000	222.000000	1.000000	1.000000	1.000000	253.000000	186.000000	1.000000	1.000000	1.000000	1.000000
1.000000	1.000000	1.000000	218.000000	192.000000	1.000000	1.000000	1.000000	1.000000	1.000000	201.000000	447.000000	245.000000	1.000000	1.000000	1.000000	1.000000	1.000000	1.000000	1.000000	1.000000
1.000000	1.000000	1.000000	845.000000	623.000000	224.000000	1.000000	412.000000	410.000000	249.000000	250.000000	250.000000	1.000000	1.000000	1.000000	1.000000	1.000000	1.000000	1.000000	1.000000	1.000000
1.000000	1.000000	1.000000	1.000000	1.000000	572.000000	787.000000	663.000000	697.000000	987.000000	1465.000000	1442.000000	732.000000	1.000000	386.000000	400.000000	201.000000	414.000000	1.000000	1.000000	1.000000
1.000000	1.000000	1.000000	1.000000	208.000000	402.000000	187.000000	1.000000	1.000000	727.000000	711.000000	1220.000000	699.000000	1.000000	1.000000	183.000000	371.000000	364.000000	1.000000	1.000000	1.000000
1.000000	1.000000	1.000000	1.000000	1.000000	1.000000	1.000000	215.000000	215.000000	1.000000	1.000000	254.000000	1.000000	1.000000	1.000000	1.000000	1.000000	1.000000	1.000000	1.000000	1.000000
1.000000	192.000000	211.000000	1.000000	1.000000	398.000000	1254.000000	1745.000000	1334.000000	1346.000000	1124.000000	1048.000000	624.000000	236.000000	215.000000	1.000000	1.000000	1.000000	1.000000	1.000000	1.000000
1.000000	1.000000	193.000000	394.000000	1034.000000	591.000000	415.000000	458.000000	237.000000	226.000000	189.000000	188.000000	188.000000	245.000000	202.000000	1.000000	196.000000	184.000000	1.000000	1.000000	1.000000
1.000000	1.000000	1.000000	1.000000	1.000000	1.000000	1.000000	1.000000	1.000000	1.000000	1.000000	1.000000	1.000000	1.000000	1.000000	190.000000	568.000000	182.000000	1.000000	1.000000	1.000000
1.000000	1.000000	1.000000	1.000000	1.000000	1.000000	1.000000	1.000000	1.000000	234.000000	229.000000	1.000000	1.000000	1.000000	1.000000	1.000000	1.000000	1.000000	1.000000	1.000000	1.000000
1.000000	1.000000	1.000000	1.000000	1.000000	1.000000	1.000000	256.000000	239.000000	1.000000	1.000000	1.000000	247.000000	254.000000	1.000000	1.000000	1.000000	1.000000	1.000000	1.000000	1.000000
1.000000	1.000000	1.000000	1.000000	1.000000	1.000000	1.000000	1.000000	1.000000	1.000000	1.000000	1.000000	1.000000	1.000000	1.000000	1.000000	1.000000	1.000000	1.000000	1.000000	1.000000
1.000000	1.000000	1.000000	1.000000	1.000000	1.000000	1.000000	1.000000	1.000000	1.000000	1.000000	1.000000	1.000000	1.000000	1.000000	1.000000	1.000000	1.000000	1.000000	1.000000	1.000000
1.000000	1.000000	1.000000	1.000000	1.000000	1.000000	1.000000	1.000000	1.000000	1.000000	1.000000	1.000000	1.000000	1.000000	1.000000	1.000000	1.000000	1.000000	1.000000	1.000000	1.000000
1.000000	1.000000	1.000000	1.000000	1.000000	1.000000	1.000000	1.000000	1.000000	1.000000	1.000000	1.000000	1.000000	1.000000	1.000000	1.000000	1.000000	1.000000	1.000000	1.000000	1.000000
1.000000	1.000000	1.000000	1.000000	1.000000	1.000000	1.000000	1.000000	1.000000	1.000000	1.000000	1.000000	1.000000	1.000000	1.000000	1.000000	1.000000	1.000000	1.000000	1.000000	1.000000
