21 25 0
205.000000	1.000000	1.000000	1.000000	1.000000	1.000000	1.000000	1.000000	1.000000	1.000000	1.000000	1.000000	1.000000	1.000000	1.000000	1.000000	1.000000	1.000000	1.000000	1.000000	1.000000
1.000000	1.000000	1.000000	1.000000	1.000000	1.000000	1.000000	1.000000	1.000000	1.000000	1.000000	1.000000	199.000000	1.000000	1.000000	1.000000	1.000000	1.000000	1.000000	1.000000	1.000000
1.000000	1.000000	1.000000	1.000000	1.000000	1.000000	1.000000	1.000000	1.000000	1.000000	1.000000	1.000000	192.000000	1.000000	1.000000	1.000000	247.000000	1.000000	1.000000	1.000000	1.000000
1.000000	1.000000	1.000000	1.000000	1.000000	1.000000	1.000000	1.000000	1.000000	1.000000	1.000000	1.000000	1.000000	1.000000	1.000000	1.000000	1.000000	1.000000	1.000000	1.000000	1.000000
1.000000	1.000000	1.000000	1.000000	1.000000	1.000000	245.000000	1.000000	1.000000	1.000000	1.000000	1.000000	1.000000	1.000000	194.000000	1.000000	1.000000	1.000000	1.000000	1.000000	1.000000
1.000000	1.000000	1.000000	1.000000	1.000000	1.000000	238.000000	240.000000	240.000000	223.000000	1.000000	1.000000	1.000000	1.000000	1.000000	232.000000	232.000000	1.000000	1.000000	1.000000	1.000000
1.000000	1.000000	1.000000	1.000000	1.000000	1.000000	230.000000	654.000000	871.000000	657.000000	1.000000	412.000000	204.000000	429.000000	238.000000	1.000000	1.000000	1.000000	1.000000	1.000000	1.000000
1.000000	1.000000	1.000000	201.000000	668.000000	865.000000	1.000000	208.000000	639.000000	1153.000000	1.000000	1.000000	199.000000	216.000000	407.000000	206.000000	196.000000	1.000000	1.000000	1.000000	1.000000
1.000000	1.000000	1.000000	1.000000	403.000000	600.000000	1.000000	1.000000	1.000000	1.000000	242.000000	1.000000	1.000000	1.000000	1.000000	478.000000	440.000000	1.000000	1.000000	1.000000	1.000000
1.000000	1.000000	1.000000	1.000000	1.000000	1.000000	1.000000	1.000000	1.000000	1.000000	203.000000	1.000000	1.000000	1.000000	1.000000	1.000000	1.000000	1.000000	1.000000	1.000000	1.000000
1.000000	1.000000	1.000000	218.000000	1.000000	1.000000	1.000000	1.000000	1.000000	1.000000	1.000000	1.000000	200.000000	1.000000	1.000000	1.000000	1.000000	1.000000	1.000000	1.000000	1.000000
1.000000	1.000000	1.000000	188.000000	190.000000	1.000000	1.000000	1.000000	208.000000	249.000000	250.000000	250.000000	1.000000	652.000000	1.000000	1.000000	1.000000	1.000000	1.000000	1.000000	1.000000
1.000000	1.000000	1.000000	1.000000	184.000000	186.000000	427.000000	1.000000	446.000000	1151.000000	1212.000000	751.000000	1.000000	385.000000	379.000000	1.000000	187.000000	1.000000	1.000000	1.000000	1.000000
433.000000	1.000000	1.000000	1.000000	1.000000	1.000000	187.000000	211.000000	1.000000	762.000000	758.000000	510.000000	691.000000	1.000000	1.000000	1.000000	178.000000	1.000000	1.000000	1.000000	1.000000
394.000000	1.000000	1.000000	1.000000	1.000000	1.000000	200.000000	639.000000	214.000000	1.000000	506.000000	256.000000	210.000000	423.000000	1.000000	1.000000	1.000000	1.000000	1.000000	1.000000	1.000000
198.000000	384.000000	211.000000	1.000000	1.000000	1.000000	1.000000	1020.000000	1.000000	1.000000	1.000000	1.000000	1.000000	405.000000	443.000000	178.000000	1.000000	1.000000	1.000000	1.000000	1.000000
1.000000	1.000000	187.000000	401.000000	615.000000	1.000000	1.000000	236.000000	1.000000	225.000000	1.000000	188.000000	231.000000	210.000000	213.000000	454.000000	184.000000	1.000000	1.000000	1.000000	1.000000
1.000000	1.000000	1.000000	1.000000	1.000000	1.000000	1.000000	1.000000	1.000000	1.000000	1.000000	1.000000	1.000000	1.000000	190.000000	233.000000	178.000000	1.000000	1.000000	1.000000	1.000000
1.000000	1.000000	1.000000	1.000000	1.000000	1.000000	1.000000	1.000000	1.000000	1.000000	1.000000	1.000000	1.000000	1.000000	1.000000	1.000000	1.000000	1.000000	1.000000	1.000000	1.000000
1.000000	1.000000	1.000000	1.000000	1.000000	1.000000	1.000000	1.000000	1.000000	1.000000	1.000000	233.000000	1.000000	1.000000	1.000000	1.000000	1.000000	1.000000	1.000000	1.000000	1.000000
1.000000	1.000000	1.000000	1.000000	1.000000	1.000000	1.000000	1.000000	1.000000	1.000000	1.000000	1.000000	1.000000	1.000000	1.000000	1.000000	1.000000	1.000000	1.000000	1.000000	1.000000
1.000000	1.000000	1.000000	1.000000	1.000000	1.000000	1.000000	1.000000	1.000000	1.000000	1.000000	1.000000	1.000000	1.000000	1.000000	1.000000	1.000000	1.000000	1.000000	1.000000	1.000000
1.000000	1.000000	1.000000	1.000000	1.000000	1.000000	1.000000	1.000000	1.000000	1.000000	1.000000	1.000000	1.000000	1.000000	1.000000	1.000000	1.000000	1.000000	1.000000	1.000000	1.000000
1.000000	1.000000	1.000000	1.000000	1.000000	1.000000	1.000000	1.000000	1.000000	1.000000	1.000000	1.000000	1.000000	1.000000	1.000000	1.000000	1.000000	1.000000	1.000000	1.000000	1.000000
1.000000	1.000000	1.000000	1.000000	1.000000	1.000000	1.000000	1.000000	1.000000	1.000000	1.000000	1.000000	1.000000	1.000000	1.000000	1.000000	1.000000	1.000000	1.000000	1.000000	1.000000
