21 25 0
215.000000	210.000000	185.000000	187.000000	208.000000	443.000000	859.000000	856.000000	644.000000	599.000000	433.000000	860.000000	662.000000	215.000000	190.000000	1.000000	1.000000	1.000000	1.000000	1.000000	1.000000
1.000000	1.000000	1.000000	1.000000	1.000000	1.000000	1.000000	1.000000	1.000000	1.000000	1.000000	1.000000	1.000000	1.000000	1.000000	1.000000	1.000000	1.000000	1.000000	1.000000	1.000000
1.000000	1.000000	1.000000	1.000000	1.000000	1.000000	1.000000	1.000000	1.000000	1.000000	1.000000	1.000000	1.000000	1.000000	1.000000	1.000000	1.000000	1.000000	1.000000	1.000000	1.000000
1.000000	1.000000	1.000000	1.000000	1.000000	1.000000	239.000000	243.000000	222.000000	1.000000	1.000000	1.000000	1.000000	1.000000	252.000000	253.000000	217.000000	1.000000	1.000000	1.000000	1.000000
1.000000	1.000000	1.000000	1.000000	1.000000	188.000000	240.000000	419.000000	652.000000	637.000000	1.000000	1.000000	391.000000	186.000000	1.000000	1.000000	1.000000	1.000000	1.000000	1.000000	1.000000
199.000000	1.000000	1.000000	1.000000	417.000000	428.000000	198.000000	639.000000	846.000000	396.000000	1.000000	1.000000	387.000000	372.000000	445.000000	414.000000	182.000000	1.000000	1.000000	1.000000	1.000000
1.000000	1.000000	1.000000	1.000000	180.000000	1.000000	1.000000	245.000000	238.000000	1.000000	1.000000	1.000000	1.000000	1.000000	1.000000	231.000000	1.000000	1.000000	1.000000	1.000000	1.000000
1.000000	1.000000	1.000000	1.000000	1.000000	1.000000	1.000000	1.000000	211.000000	234.000000	461.000000	205.000000	454.000000	212.000000	228.000000	251.000000	1.000000	1.000000	1.000000	1.000000	1.000000
1.000000	1.000000	1.000000	218.000000	219.000000	1.000000	1.000000	1.000000	1350.000000	1377.000000	1096.000000	878.000000	632.000000	200.000000	248.000000	238.000000	1.000000	1.000000	1.000000	1.000000	1.000000
1.000000	1.000000	401.000000	860.000000	1060.000000	880.000000	935.000000	1119.000000	1349.000000	471.000000	197.000000	237.000000	236.000000	430.000000	238.000000	255.000000	218.000000	1.000000	1.000000	1.000000	1.000000
1.000000	1.000000	1.000000	194.000000	411.000000	661.000000	1494.000000	1481.000000	432.000000	198.000000	254.000000	250.000000	238.000000	1.000000	663.000000	665.000000	840.000000	443.000000	1.000000	1.000000	1.000000
1.000000	1.000000	1.000000	1.000000	1.000000	1.000000	183.000000	216.000000	216.000000	218.000000	419.000000	963.000000	488.000000	1.000000	188.000000	382.000000	185.000000	1.000000	1.000000	1.000000	1.000000
1.000000	1.000000	1.000000	1.000000	1.000000	1.000000	1.000000	1.000000	1.000000	1.000000	245.000000	252.000000	245.000000	1.000000	1.000000	1.000000	1.000000	1.000000	1.000000	1.000000	1.000000
1.000000	1.000000	1.000000	1.000000	1.000000	1.000000	189.000000	420.000000	408.000000	481.000000	481.000000	400.000000	1.000000	1.000000	1.000000	1.000000	1.000000	1.000000	1.000000	1.000000	1.000000
1.000000	1.000000	1.000000	196.000000	818.000000	586.000000	1.000000	194.000000	671.000000	953.000000	1186.000000	1391.000000	377.000000	1.000000	1.000000	1.000000	1.000000	1.000000	1.000000	1.000000	1.000000
1.000000	1.000000	1.000000	1.000000	1.000000	1.000000	1.000000	1.000000	1.000000	505.000000	247.000000	1.000000	1.000000	1.000000	1.000000	214.000000	408.000000	181.000000	1.000000	1.000000	1.000000
1.000000	1.000000	1.000000	1.000000	1.000000	1.000000	195.000000	914.000000	1176.000000	889.000000	862.000000	899.000000	855.000000	204.000000	1.000000	1.000000	1.000000	1.000000	1.000000	1.000000	1.000000
1.000000	1.000000	1.000000	1.000000	1.000000	1.000000	407.000000	1150.000000	1153.000000	1045.000000	835.000000	1089.000000	1151.000000	716.000000	445.000000	1.000000	1.000000	1.000000	1.000000	1.000000	1.000000
1.000000	1.000000	1.000000	1.000000	1.000000	1.000000	212.000000	1.000000	1.000000	1.000000	1.000000	1.000000	215.000000	244.000000	1.000000	1.000000	1.000000	1.000000	1.000000	1.000000	1.000000
1.000000	1.000000	1.000000	1.000000	1.000000	1.000000	1.000000	1.000000	1.000000	1.000000	1.000000	1.000000	1.000000	1.000000	1.000000	1.000000	1.000000	1.000000	1.000000	1.000000	1.000000
1.000000	1.000000	1.000000	1.000000	1.000000	1.000000	1.000000	1.000000	1.000000	1.000000	1.000000	1.000000	1.000000	1.000000	1.000000	1.000000	1.000000	1.000000	1.000000	1.000000	1.000000
1.000000	1.000000	1.000000	1.000000	1.000000	1.000000	1.000000	1.000000	1.000000	1.000000	1.000000	1.000000	1.000000	1.000000	1.000000	1.000000	1.000000	1.000000	1.000000	1.000000	1.000000
1.000000	1.000000	1.000000	1.000000	1.000000	1.000000	1.000000	1.000000	1.000000	1.000000	1.000000	1.000000	1.000000	1.000000	1.000000	1.000000	1.000000	1.000000	1.000000	1.000000	1.000000
1.000000	1.000000	1.000000	1.000000	1.000000	1.000000	1.000000	1.000000	1.000000	1.000000	1.000000	1.000000	1.000000	1.000000	1.000000	1.000000	1.000000	1.000000	1.000000	1.000000	1.000000
1.000000	1.000000	1.000000	1.000000	1.000000	1.000000	1.000000	1.000000	1.000000	1.000000	1.000000	1.000000	1.000000	1.000000	1.000000	1.000000	1.000000	1.000000	1.000000	1.000000	1.000000
