21 25 0
1.000000	1.000000	1.000000	1.000000	239.000000	211.000000	1.000000	1.000000	1.000000	1.000000	1.000000	1.000000	1.000000	1.000000	1.000000	1.000000	1.000000	1.000000	1.000000	1.000000	1.000000
1.000000	1.000000	1.000000	1.000000	1.000000	673.000000	1.000000	1.000000	1.000000	1.000000	1.000000	1.000000	1.000000	1.000000	1.000000	1.000000	1.000000	1.000000	1.000000	1.000000	1.000000
1.000000	1.000000	1.000000	1.000000	188.000000	228.000000	1.000000	1.000000	1.000000	1.000000	1.000000	1.000000	1.000000	1.000000	1.000000	1.000000	1.000000	1.000000	1.000000	1.000000	1.000000
1.000000	1.000000	1.000000	1.000000	251.000000	426.000000	1.000000	1.000000	1.000000	1.000000	1.000000	1.000000	1.000000	1.000000	1.000000	1.000000	1.000000	1.000000	1.000000	1.000000	1.000000
1.000000	1.000000	1.000000	1.000000	247.000000	427.000000	1.000000	1.000000	1.000000	1.000000	1.000000	1.000000	1.000000	1.000000	1.000000	1.000000	1.000000	1.000000	1.000000	1.000000	1.000000
1.000000	1.000000	1.000000	1.000000	202.000000	194.000000	1.000000	1.000000	1.000000	1.000000	1.000000	204.000000	192.000000	1.000000	1.000000	1.000000	1.000000	1.000000	1.000000	1.000000	1.000000
1.000000	1.000000	1.000000	1.000000	1.000000	776.000000	247.000000	1.000000	213.000000	1.000000	1.000000	611.000000	815.000000	1.000000	1.000000	1.000000	238.000000	1.000000	1.000000	1.000000	1.000000
1.000000	1.000000	1.000000	1.000000	1.000000	782.000000	449.000000	1.000000	1.000000	1.000000	1.000000	1672.000000	874.000000	1.000000	1.000000	1.000000	239.000000	1.000000	1.000000	1.000000	1.000000
1.000000	1.000000	1.000000	1.000000	203.000000	587.000000	1.000000	1.000000	462.000000	1.000000	239.000000	1803.000000	436.000000	1.000000	1.000000	1.000000	1.000000	1.000000	1.000000	1.000000	1.000000
1.000000	1.000000	1.000000	1.000000	203.000000	184.000000	1.000000	238.000000	977.000000	1.000000	430.000000	1837.000000	232.000000	1.000000	600.000000	1.000000	1.000000	1.000000	1.000000	1.000000	1.000000
1.000000	1.000000	1.000000	1.000000	225.000000	409.000000	1.000000	1.000000	1.000000	1.000000	626.000000	1886.000000	227.000000	1.000000	420.000000	1.000000	1.000000	1.000000	1.000000	1.000000	1.000000
1.000000	1.000000	1.000000	1.000000	408.000000	606.000000	1.000000	1.000000	1.000000	1.000000	227.000000	1555.000000	451.000000	1.000000	1002.000000	215.000000	1.000000	1.000000	1.000000	1.000000	1.000000
1.000000	1.000000	1.000000	1.000000	577.000000	597.000000	1.000000	1.000000	223.000000	1.000000	1.000000	1076.000000	399.000000	1.000000	1243.000000	215.000000	1.000000	1.000000	1.000000	1.000000	1.000000
1.000000	1.000000	1.000000	1.000000	576.000000	608.000000	1.000000	1.000000	241.000000	237.000000	1.000000	436.000000	1.000000	1.000000	1094.000000	1.000000	1.000000	1.000000	1.000000	1.000000	1.000000
1.000000	1.000000	1.000000	1.000000	648.000000	844.000000	1.000000	1.000000	1327.000000	1411.000000	481.000000	1.000000	1.000000	1.000000	896.000000	1.000000	185.000000	1.000000	1.000000	1.000000	1.000000
1.000000	1.000000	1.000000	1.000000	471.000000	894.000000	1.000000	1.000000	628.000000	1440.000000	481.000000	1.000000	1.000000	206.000000	185.000000	1.000000	1.000000	1.000000	1.000000	1.000000	1.000000
1.000000	1.000000	1.000000	1.000000	238.000000	234.000000	1.000000	1.000000	1.000000	689.000000	456.000000	1.000000	1.000000	192.000000	1.000000	1.000000	196.000000	1.000000	1.000000	1.000000	1.000000
1.000000	1.000000	1.000000	1.000000	1.000000	1.000000	409.000000	667.000000	1.000000	1.000000	1.000000	250.000000	1.000000	1.000000	1.000000	1.000000	1.000000	781.000000	1.000000	1.000000	1.000000
1.000000	1.000000	1.000000	1.000000	1.000000	1.000000	201.000000	241.000000	1.000000	1.000000	1.000000	1.000000	1.000000	1.000000	1.000000	1.000000	1.000000	216.000000	1.000000	1.000000	1.000000
1.000000	1.000000	1.000000	1.000000	1.000000	1.000000	1.000000	1.000000	1.000000	1.000000	1.000000	1.000000	1.000000	1.000000	1.000000	1.000000	1.000000	1.000000	1.000000	1.000000	1.000000
1.000000	1.000000	1.000000	1.000000	1.000000	1.000000	1.000000	1.000000	1.000000	1.000000	1.000000	1.000000	1.000000	1.000000	1.000000	1.000000	1.000000	1.000000	1.000000	1.000000	1.000000
1.000000	1.000000	1.000000	1.000000	1.000000	1.000000	1.000000	1.000000	1.000000	1.000000	1.000000	1.000000	1.000000	1.000000	1.000000	1.000000	1.000000	1.000000	1.000000	1.000000	1.000000
1.000000	1.000000	1.000000	1.000000	1.000000	1.000000	1.000000	1.000000	1.000000	1.000000	1.000000	1.000000	1.000000	1.000000	1.000000	1.000000	1.000000	1.000000	1.000000	1.000000	1.000000
1.000000	1.000000	1.000000	1.000000	1.000000	1.000000	1.000000	1.000000	1.000000	1.000000	1.000000	1.000000	1.000000	1.000000	1.000000	1.000000	1.000000	1.000000	1.000000	1.000000	1.000000
1.000000	1.000000	1.000000	1.000000	1.000000	1.000000	1.000000	1.000000	1.000000	1.000000	1.000000	1.000000	1.000000	1.000000	1.000000	1.000000	1.000000	1.000000	1.000000	1.000000	1.000000
