21 25 0
1.000000	1.000000	1.000000	1.000000	1.000000	1.000000	1.000000	1.000000	1.000000	1.000000	1.000000	1.000000	1.000000	1.000000	1.000000	1.000000	1.000000	1.000000	1.000000	1.000000	1.000000
1.000000	1.000000	1.000000	1.000000	1.000000	1.000000	1.000000	1.000000	1.000000	1.000000	1.000000	1.000000	1.000000	1.000000	1.000000	1.000000	1.000000	182.000000	1.000000	1.000000	1.000000
1.000000	1.000000	1.000000	1.000000	1.000000	1.000000	1.000000	1.000000	1.000000	1.000000	1.000000	1.000000	1.000000	1.000000	1.000000	1.000000	1.000000	1.000000	1.000000	1.000000	1.000000
1.000000	1.000000	1.000000	1.000000	1.000000	1.000000	1.000000	1.000000	175.000000	182.000000	1.000000	1.000000	1.000000	1.000000	1.000000	1.000000	1.000000	1.000000	1.000000	1.000000	1.000000
1.000000	1.000000	1.000000	1.000000	1.000000	1.000000	1.000000	1.000000	1.000000	174.000000	1.000000	1.000000	1.000000	1.000000	1.000000	1.000000	1.000000	221.000000	1.000000	1.000000	1.000000
1.000000	1.000000	1.000000	1.000000	1.000000	985.000000	1.000000	1.000000	1.000000	1.000000	192.000000	1.000000	184.000000	1.000000	1.000000	234.000000	195.000000	1.000000	1.000000	1.000000	1.000000
1.000000	1.000000	229.000000	1.000000	1.000000	1.000000	718.000000	239.000000	1.000000	1.000000	1.000000	233.000000	1.000000	1.000000	252.000000	448.000000	922.000000	1.000000	1.000000	1.000000	1.000000
1.000000	1.000000	222.000000	1.000000	1.000000	249.000000	1.000000	1.000000	1.000000	1.000000	231.000000	218.000000	221.000000	1.000000	1.000000	252.000000	406.000000	256.000000	1.000000	1.000000	1.000000
1.000000	1.000000	1.000000	1.000000	1.000000	251.000000	250.000000	1.000000	369.000000	239.000000	232.000000	1078.000000	418.000000	1.000000	246.000000	1.000000	1.000000	1.000000	1.000000	1.000000	1.000000
1.000000	196.000000	195.000000	1.000000	1.000000	420.000000	416.000000	229.000000	207.000000	1.000000	1.000000	639.000000	1.000000	234.000000	186.000000	176.000000	191.000000	1.000000	1.000000	1.000000	1.000000
1.000000	1.000000	1.000000	1.000000	1.000000	1.000000	1.000000	432.000000	188.000000	1.000000	1.000000	216.000000	208.000000	1.000000	1.000000	1.000000	186.000000	371.000000	1.000000	1.000000	1.000000
1.000000	1.000000	1.000000	1.000000	1.000000	1.000000	1.000000	1.000000	1.000000	1.000000	1.000000	185.000000	779.000000	211.000000	1.000000	1.000000	1.000000	1.000000	1.000000	1.000000	1.000000
1.000000	1.000000	1.000000	1.000000	196.000000	1.000000	177.000000	1.000000	1.000000	1.000000	1.000000	1.000000	1.000000	234.000000	402.000000	1.000000	1.000000	1.000000	1.000000	1.000000	1.000000
1.000000	1.000000	1.000000	1.000000	1.000000	1.000000	1.000000	877.000000	686.000000	1.000000	1.000000	1.000000	1.000000	1.000000	173.000000	1.000000	1.000000	1.000000	1.000000	1.000000	1.000000
1.000000	1.000000	1.000000	1.000000	1.000000	1.000000	1.000000	1.000000	740.000000	926.000000	1.000000	1.000000	1.000000	1.000000	1.000000	1.000000	1.000000	1.000000	1.000000	1.000000	1.000000
1.000000	1.000000	1.000000	1.000000	1.000000	194.000000	1.000000	1.000000	1.000000	1.000000	1.000000	1.000000	1.000000	1.000000	1.000000	1.000000	211.000000	1.000000	1.000000	1.000000	1.000000
1.000000	1.000000	1.000000	1.000000	200.000000	1.000000	1.000000	232.000000	248.000000	1.000000	200.000000	246.000000	464.000000	743.000000	226.000000	1.000000	417.000000	191.000000	1.000000	1.000000	1.000000
1.000000	1.000000	1.000000	1.000000	1.000000	1.000000	505.000000	963.000000	867.000000	700.000000	220.000000	440.000000	942.000000	1417.000000	1146.000000	383.000000	1.000000	1.000000	1.000000	1.000000	185.000000
1.000000	1.000000	1.000000	1.000000	1.000000	1.000000	1.000000	223.000000	242.000000	1.000000	1.000000	1.000000	1.000000	485.000000	743.000000	196.000000	1.000000	1.000000	1.000000	1.000000	1.000000
1.000000	1.000000	1.000000	1.000000	1.000000	1.000000	1.000000	1.000000	457.000000	190.000000	197.000000	1.000000	1.000000	1.000000	395.000000	192.000000	1.000000	1.000000	1.000000	1.000000	1.000000
1.000000	1.000000	1.000000	1.000000	1.000000	1.000000	1.000000	1.000000	1.000000	1.000000	1.000000	1.000000	1.000000	1.000000	1.000000	1.000000	1.000000	1.000000	1.000000	1.000000	1.000000
1.000000	1.000000	1.000000	1.000000	1.000000	1.000000	1.000000	1.000000	1.000000	1.000000	1.000000	1.000000	1.000000	1.000000	1.000000	1.000000	1.000000	1.000000	1.000000	1.000000	1.000000
1.000000	1.000000	1.000000	1.000000	1.000000	1.000000	1.000000	1.000000	1.000000	1.000000	1.000000	1.000000	1.000000	1.000000	1.000000	1.000000	1.000000	1.000000	1.000000	1.000000	1.000000
1.000000	1.000000	1.000000	1.000000	1.000000	1.000000	1.000000	1.000000	1.000000	1.000000	1.000000	1.000000	1.000000	1.000000	1.000000	1.000000	1.000000	1.000000	1.000000	1.000000	1.000000
1.000000	1.000000	1.000000	1.000000	1.000000	1.000000	1.000000	1.000000	1.000000	1.000000	1.000000	1.000000	1.000000	1.000000	1.000000	1.000000	1.000000	1.000000	1.000000	1.000000	1.000000
