21 25 0
1.000000	1.000000	1.000000	1.000000	1.000000	1.000000	1.000000	1.000000	1.000000	1.000000	1.000000	1.000000	1.000000	1.000000	1.000000	1.000000	1.000000	1.000000	1.000000	1.000000	1.000000
1.000000	1.000000	1.000000	1.000000	1.000000	1.000000	1.000000	1.000000	1.000000	1.000000	1.000000	1.000000	1.000000	1.000000	1.000000	1.000000	1.000000	1.000000	1.000000	1.000000	1.000000
1.000000	1.000000	1.000000	1.000000	1.000000	197.000000	370.000000	189.000000	1.000000	1.000000	1.000000	1.000000	1.000000	214.000000	403.000000	193.000000	401.000000	1.000000	175.000000	1.000000	1.000000
1.000000	1.000000	1.000000	1.000000	196.000000	638.000000	665.000000	812.000000	383.000000	171.000000	1.000000	1.000000	1.000000	366.000000	795.000000	591.000000	186.000000	1.000000	1.000000	1.000000	1.000000
1.000000	1.000000	1.000000	1.000000	1.000000	1.000000	1.000000	1.000000	1.000000	1.000000	1.000000	1.000000	1.000000	1.000000	214.000000	237.000000	228.000000	210.000000	207.000000	1.000000	1.000000
1.000000	198.000000	1.000000	1.000000	243.000000	452.000000	491.000000	478.000000	1.000000	217.000000	426.000000	366.000000	209.000000	247.000000	732.000000	480.000000	1.000000	1.000000	1.000000	1.000000	1.000000
1.000000	1.000000	1.000000	1.000000	741.000000	731.000000	967.000000	472.000000	1.000000	1.000000	1.000000	1.000000	1.000000	655.000000	679.000000	974.000000	662.000000	1.000000	1.000000	1.000000	1.000000
1.000000	1.000000	1.000000	1.000000	1.000000	1.000000	1.000000	1.000000	191.000000	1.000000	1.000000	1.000000	1.000000	222.000000	257.000000	247.000000	1.000000	1.000000	1.000000	1.000000	1.000000
1.000000	1.000000	1.000000	452.000000	451.000000	667.000000	708.000000	657.000000	839.000000	1234.000000	810.000000	807.000000	391.000000	207.000000	724.000000	508.000000	385.000000	1.000000	1.000000	1.000000	1.000000
1.000000	219.000000	218.000000	1.000000	611.000000	622.000000	844.000000	622.000000	216.000000	1.000000	1.000000	1.000000	1.000000	651.000000	880.000000	708.000000	653.000000	434.000000	1.000000	1.000000	1.000000
1.000000	1.000000	1.000000	1.000000	1.000000	1.000000	1.000000	1.000000	211.000000	211.000000	216.000000	233.000000	201.000000	231.000000	210.000000	195.000000	195.000000	382.000000	388.000000	209.000000	208.000000
1.000000	1.000000	1.000000	1.000000	1.000000	1.000000	1.000000	1.000000	912.000000	1283.000000	432.000000	869.000000	865.000000	200.000000	1.000000	1.000000	1.000000	1.000000	1.000000	1.000000	1.000000
1.000000	1.000000	1.000000	1.000000	435.000000	625.000000	374.000000	1.000000	1.000000	1.000000	1.000000	1.000000	1.000000	217.000000	573.000000	391.000000	175.000000	1.000000	1.000000	1.000000	1.000000
1.000000	1.000000	1.000000	1.000000	1.000000	1.000000	1.000000	669.000000	678.000000	182.000000	181.000000	219.000000	1.000000	178.000000	180.000000	203.000000	1.000000	1.000000	1.000000	1.000000	1.000000
1.000000	1.000000	187.000000	1.000000	1.000000	1.000000	392.000000	392.000000	695.000000	644.000000	591.000000	418.000000	1188.000000	389.000000	185.000000	1.000000	1.000000	1.000000	1.000000	1.000000	1.000000
1.000000	1.000000	1.000000	203.000000	367.000000	1.000000	1.000000	1.000000	1.000000	229.000000	1.000000	1.000000	1.000000	1.000000	1.000000	1.000000	1.000000	202.000000	1.000000	1.000000	1.000000
1.000000	1.000000	1.000000	1.000000	1.000000	1.000000	228.000000	455.000000	1222.000000	862.000000	917.000000	734.000000	1060.000000	1078.000000	436.000000	416.000000	183.000000	189.000000	1.000000	1.000000	1.000000
1.000000	1.000000	1.000000	1.000000	1.000000	225.000000	1697.000000	1722.000000	1860.000000	1817.000000	1614.000000	1065.000000	1744.000000	1837.000000	1110.000000	416.000000	1.000000	1.000000	1.000000	1.000000	1.000000
1.000000	1.000000	1.000000	1.000000	1.000000	1.000000	198.000000	353.000000	1.000000	1.000000	1.000000	1.000000	407.000000	433.000000	667.000000	1.000000	1.000000	1.000000	1.000000	1.000000	1.000000
1.000000	1.000000	1.000000	1.000000	1.000000	1.000000	1.000000	1.000000	1.000000	198.000000	210.000000	197.000000	187.000000	1.000000	1.000000	1.000000	1.000000	1.000000	1.000000	1.000000	1.000000
1.000000	1.000000	1.000000	1.000000	1.000000	1.000000	1.000000	1.000000	1.000000	1.000000	1.000000	1.000000	1.000000	1.000000	1.000000	1.000000	1.000000	1.000000	1.000000	1.000000	1.000000
1.000000	1.000000	1.000000	1.000000	1.000000	1.000000	1.000000	1.000000	1.000000	1.000000	1.000000	1.000000	1.000000	1.000000	1.000000	1.000000	1.000000	1.000000	1.000000	1.000000	1.000000
1.000000	1.000000	1.000000	1.000000	1.000000	1.000000	1.000000	1.000000	1.000000	1.000000	1.000000	1.000000	1.000000	1.000000	1.000000	1.000000	1.000000	1.000000	1.000000	1.000000	1.000000
1.000000	1.000000	1.000000	1.000000	1.000000	1.000000	1.000000	1.000000	1.000000	1.000000	1.000000	1.000000	1.000000	1.000000	1.000000	1.000000	1.000000	1.000000	1.000000	1.000000	1.000000
1.000000	1.000000	1.000000	1.000000	1.000000	1.000000	1.000000	1.000000	1.000000	1.000000	1.000000	1.000000	1.000000	1.000000	1.000000	1.000000	1.000000	1.000000	1.000000	1.000000	1.000000
