21 25 0
1.000000	1.000000	1.000000	1.000000	1.000000	1.000000	1.000000	1.000000	1.000000	1.000000	1.000000	1.000000	1.000000	1.000000	1.000000	1.000000	1.000000	1.000000	1.000000	1.000000	1.000000
1.000000	1.000000	1.000000	1.000000	1.000000	1.000000	1.000000	1.000000	1.000000	1.000000	1.000000	1.000000	1.000000	1.000000	1.000000	1.000000	1.000000	1.000000	1.000000	1.000000	1.000000
1.000000	1.000000	1.000000	1.000000	1.000000	1.000000	1.000000	1.000000	1.000000	1.000000	1.000000	1.000000	1.000000	1.000000	1.000000	1.000000	1.000000	1.000000	1.000000	1.000000	1.000000
1.000000	1.000000	1.000000	1.000000	1.000000	1.000000	1.000000	1.000000	1.000000	1.000000	1.000000	1.000000	1.000000	248.000000	250.000000	1.000000	1.000000	1.000000	1.000000	1.000000	1.000000
1.000000	1.000000	1.000000	243.000000	692.000000	905.000000	1692.000000	966.000000	623.000000	1.000000	1.000000	189.000000	181.000000	460.000000	950.000000	644.000000	373.000000	1.000000	1.000000	1.000000	1.000000
1.000000	1.000000	1.000000	1.000000	203.000000	1.000000	222.000000	405.000000	589.000000	186.000000	1.000000	1.000000	374.000000	628.000000	900.000000	907.000000	703.000000	435.000000	1.000000	1.000000	1.000000
1.000000	1.000000	1.000000	1.000000	1.000000	1.000000	1.000000	1.000000	1.000000	794.000000	953.000000	977.000000	187.000000	1.000000	253.000000	257.000000	184.000000	180.000000	439.000000	1.000000	1.000000
1.000000	219.000000	197.000000	1.000000	187.000000	681.000000	979.000000	479.000000	1.000000	1.000000	1.000000	1.000000	1.000000	193.000000	485.000000	247.000000	1.000000	1.000000	1.000000	1.000000	1.000000
1.000000	1.000000	1.000000	1.000000	1.000000	1.000000	1.000000	1.000000	1.000000	1.000000	1.000000	1.000000	1.000000	1.000000	188.000000	494.000000	255.000000	1.000000	196.000000	200.000000	202.000000
1.000000	1.000000	1.000000	1.000000	250.000000	1.000000	1.000000	1.000000	435.000000	434.000000	1.000000	1.000000	1.000000	1.000000	223.000000	227.000000	201.000000	1.000000	217.000000	1.000000	1.000000
1.000000	210.000000	1.000000	226.000000	895.000000	1102.000000	770.000000	584.000000	583.000000	1.000000	1.000000	1.000000	1.000000	609.000000	993.000000	790.000000	582.000000	1.000000	1.000000	1.000000	1.000000
1.000000	1.000000	1.000000	1.000000	1.000000	1.000000	1.000000	1.000000	183.000000	182.000000	208.000000	219.000000	1.000000	1.000000	204.000000	401.000000	210.000000	1.000000	1.000000	1.000000	1.000000
1.000000	1.000000	1.000000	1.000000	1.000000	1.000000	1.000000	1.000000	1103.000000	1065.000000	1027.000000	991.000000	632.000000	231.000000	211.000000	1.000000	1.000000	1.000000	1.000000	1.000000	1.000000
1.000000	1.000000	1.000000	195.000000	186.000000	179.000000	1.000000	1.000000	452.000000	485.000000	1018.000000	843.000000	618.000000	1.000000	1.000000	1.000000	1.000000	1.000000	1.000000	1.000000	1.000000
1.000000	1.000000	1.000000	1.000000	1.000000	1.000000	1.000000	1.000000	1.000000	1.000000	1.000000	1.000000	184.000000	222.000000	221.000000	226.000000	1.000000	1.000000	1.000000	1.000000	183.000000
1.000000	1.000000	1.000000	1.000000	1.000000	245.000000	1701.000000	1761.000000	1677.000000	1443.000000	1148.000000	411.000000	854.000000	1515.000000	902.000000	447.000000	1.000000	1.000000	1.000000	1.000000	197.000000
1.000000	191.000000	378.000000	1.000000	1.000000	172.000000	386.000000	1.000000	176.000000	175.000000	1.000000	173.000000	403.000000	471.000000	697.000000	1.000000	1.000000	1.000000	205.000000	1.000000	1.000000
1.000000	1.000000	1.000000	204.000000	376.000000	1.000000	1.000000	1.000000	1.000000	1.000000	1.000000	1.000000	1.000000	1.000000	1.000000	1.000000	190.000000	172.000000	1.000000	1.000000	1.000000
1.000000	1.000000	1.000000	1.000000	1.000000	1.000000	1.000000	1.000000	459.000000	1065.000000	1583.000000	1172.000000	898.000000	655.000000	226.000000	202.000000	567.000000	367.000000	191.000000	190.000000	1.000000
1.000000	1.000000	1.000000	1.000000	1.000000	1.000000	444.000000	426.000000	1.000000	218.000000	1.000000	1.000000	467.000000	480.000000	1.000000	1.000000	1.000000	1.000000	1.000000	1.000000	1.000000
1.000000	1.000000	1.000000	1.000000	1.000000	1.000000	1.000000	1.000000	1.000000	1.000000	1.000000	1.000000	1.000000	1.000000	1.000000	1.000000	1.000000	1.000000	1.000000	1.000000	1.000000
1.000000	1.000000	1.000000	1.000000	1.000000	1.000000	1.000000	1.000000	1.000000	1.000000	1.000000	1.000000	1.000000	1.000000	1.000000	1.000000	1.000000	1.000000	1.000000	1.000000	1.000000
1.000000	1.000000	1.000000	1.000000	1.000000	1.000000	1.000000	1.000000	1.000000	1.000000	1.000000	1.000000	1.000000	1.000000	1.000000	1.000000	1.000000	1.000000	1.000000	1.000000	1.000000
1.000000	1.000000	1.000000	1.000000	1.000000	1.000000	1.000000	1.000000	1.000000	1.000000	1.000000	1.000000	1.000000	1.000000	1.000000	1.000000	1.000000	1.000000	1.000000	1.000000	1.000000
1.000000	1.000000	1.000000	1.000000	1.000000	1.000000	1.000000	1.000000	1.000000	1.000000	1.000000	1.000000	1.000000	1.000000	1.000000	1.000000	1.000000	1.000000	1.000000	1.000000	1.000000
