21 25 0
1.000000	1.000000	1.000000	1.000000	1.000000	1.000000	1.000000	1.000000	1.000000	1.000000	1.000000	1.000000	1.000000	1.000000	1.000000	1.000000	1.000000	1.000000	1.000000	1.000000	1.000000
1.000000	1.000000	1.000000	1.000000	1.000000	1.000000	1.000000	1.000000	1.000000	1.000000	1.000000	1.000000	1.000000	1.000000	1.000000	1.000000	1.000000	1.000000	1.000000	1.000000	1.000000
1.000000	1.000000	1.000000	1.000000	1.000000	1.000000	1.000000	1.000000	1.000000	1.000000	1.000000	1.000000	1.000000	1.000000	1.000000	1.000000	1.000000	1.000000	1.000000	1.000000	1.000000
1.000000	1.000000	1.000000	1.000000	1.000000	1.000000	1.000000	1.000000	1.000000	1.000000	1.000000	1.000000	1.000000	1.000000	221.000000	1.000000	1.000000	1.000000	1.000000	1.000000	1.000000
1.000000	1.000000	1.000000	190.000000	1.000000	215.000000	641.000000	684.000000	1.000000	1.000000	1.000000	202.000000	185.000000	1.000000	379.000000	1.000000	1.000000	1.000000	1.000000	1.000000	1.000000
1.000000	1.000000	234.000000	223.000000	1.000000	1.000000	219.000000	222.000000	1.000000	1.000000	202.000000	185.000000	583.000000	600.000000	612.000000	1.000000	1.000000	1.000000	1.000000	1.000000	1.000000
1.000000	1.000000	230.000000	1.000000	1.000000	257.000000	1.000000	1.000000	1.000000	214.000000	186.000000	796.000000	627.000000	1.000000	1.000000	254.000000	1.000000	1.000000	1.000000	1.000000	1.000000
1.000000	1.000000	224.000000	1.000000	257.000000	432.000000	458.000000	232.000000	1.000000	1.000000	1.000000	201.000000	1.000000	1.000000	487.000000	1.000000	241.000000	1.000000	1.000000	1.000000	1.000000
1.000000	1.000000	1.000000	1.000000	1.000000	1.000000	1.000000	1.000000	1.000000	1.000000	1.000000	718.000000	1.000000	1.000000	1.000000	242.000000	1.000000	1.000000	1.000000	1.000000	1.000000
1.000000	1.000000	1.000000	1.000000	1.000000	1.000000	1.000000	1.000000	189.000000	1.000000	454.000000	435.000000	212.000000	1.000000	1.000000	1.000000	1.000000	1.000000	1.000000	1.000000	1.000000
1.000000	1.000000	1.000000	1.000000	644.000000	434.000000	1.000000	612.000000	189.000000	1.000000	1.000000	1.000000	1.000000	1.000000	1.000000	209.000000	1.000000	1.000000	1.000000	1.000000	1.000000
1.000000	1.000000	1.000000	1.000000	622.000000	1.000000	1.000000	208.000000	1.000000	183.000000	1.000000	217.000000	1.000000	193.000000	209.000000	211.000000	1.000000	1.000000	1.000000	1.000000	1.000000
1.000000	1.000000	1.000000	1.000000	1.000000	1.000000	1.000000	1.000000	181.000000	847.000000	652.000000	830.000000	494.000000	204.000000	211.000000	1.000000	1.000000	1.000000	1.000000	1.000000	1.000000
1.000000	1.000000	1.000000	1.000000	187.000000	381.000000	1.000000	1.000000	230.000000	444.000000	433.000000	850.000000	194.000000	1.000000	1.000000	1.000000	1.000000	1.000000	1.000000	1.000000	1.000000
1.000000	1.000000	1.000000	1.000000	1.000000	1.000000	1.000000	1.000000	1.000000	1.000000	1.000000	1.000000	1.000000	1.000000	395.000000	187.000000	1.000000	1.000000	1.000000	1.000000	1.000000
1.000000	1.000000	1.000000	1.000000	1.000000	1.000000	817.000000	1362.000000	890.000000	232.000000	1.000000	1.000000	1.000000	618.000000	625.000000	207.000000	1.000000	1.000000	1.000000	1.000000	194.000000
1.000000	183.000000	1.000000	1.000000	1.000000	858.000000	816.000000	1.000000	1.000000	1.000000	1.000000	1.000000	1.000000	1.000000	207.000000	1.000000	1.000000	192.000000	396.000000	1.000000	1.000000
1.000000	1.000000	1.000000	1.000000	566.000000	784.000000	1.000000	1.000000	1.000000	1.000000	1.000000	1.000000	1.000000	1.000000	1.000000	1.000000	180.000000	199.000000	184.000000	1.000000	1.000000
1.000000	1.000000	1.000000	1.000000	182.000000	1.000000	1.000000	1.000000	256.000000	232.000000	602.000000	395.000000	1.000000	1.000000	1.000000	396.000000	184.000000	368.000000	1.000000	1.000000	1.000000
1.000000	1.000000	1.000000	1.000000	1.000000	1.000000	1.000000	199.000000	430.000000	415.000000	224.000000	1.000000	1.000000	174.000000	386.000000	371.000000	1.000000	1.000000	1.000000	1.000000	1.000000
1.000000	1.000000	1.000000	1.000000	1.000000	1.000000	1.000000	1.000000	1.000000	1.000000	1.000000	1.000000	1.000000	1.000000	1.000000	1.000000	1.000000	1.000000	1.000000	1.000000	1.000000
1.000000	1.000000	1.000000	1.000000	1.000000	1.000000	1.000000	1.000000	1.000000	1.000000	1.000000	1.000000	1.000000	1.000000	1.000000	1.000000	1.000000	1.000000	1.000000	1.000000	1.000000
1.000000	1.000000	1.000000	1.000000	1.000000	1.000000	1.000000	1.000000	1.000000	1.000000	1.000000	1.000000	1.000000	1.000000	1.000000	1.000000	1.000000	1.000000	1.000000	1.000000	1.000000
1.000000	1.000000	1.000000	1.000000	1.000000	1.000000	1.000000	1.000000	1.000000	1.000000	1.000000	1.000000	1.000000	1.000000	1.000000	1.000000	1.000000	1.000000	1.000000	1.000000	1.000000
1.000000	1.000000	1.000000	1.000000	1.000000	1.000000	1.000000	1.000000	1.000000	1.000000	1.000000	1.000000	1.000000	1.000000	1.000000	1.000000	1.000000	1.000000	1.000000	1.000000	1.000000
