21 25 0
1.000000	1.000000	1.000000	1.000000	1.000000	1.000000	1.000000	1.000000	1.000000	1.000000	1.000000	1.000000	1.000000	1.000000	1.000000	1.000000	1.000000	1.000000	1.000000	1.000000	1.000000
1.000000	1.000000	1.000000	1.000000	1.000000	1.000000	1.000000	1.000000	1.000000	1.000000	1.000000	1.000000	1.000000	1.000000	1.000000	172.000000	1.000000	1.000000	1.000000	1.000000	1.000000
1.000000	1.000000	1.000000	1.000000	1.000000	1.000000	1.000000	1.000000	1.000000	1.000000	1.000000	1.000000	1.000000	1.000000	1.000000	1.000000	1.000000	1.000000	1.000000	1.000000	1.000000
1.000000	1.000000	1.000000	1.000000	1.000000	1.000000	1.000000	1.000000	1.000000	1.000000	1.000000	1.000000	215.000000	214.000000	1.000000	1.000000	1.000000	1.000000	1.000000	1.000000	1.000000
1.000000	1.000000	1.000000	1.000000	244.000000	226.000000	433.000000	407.000000	376.000000	1.000000	1.000000	1.000000	1.000000	460.000000	636.000000	1.000000	450.000000	196.000000	1.000000	1.000000	1.000000
1.000000	1.000000	1.000000	1.000000	1.000000	1.000000	1.000000	448.000000	817.000000	778.000000	1.000000	1.000000	1.000000	1.000000	239.000000	617.000000	668.000000	612.000000	207.000000	1.000000	1.000000
1.000000	1.000000	1.000000	1.000000	1.000000	1.000000	1.000000	1.000000	420.000000	1421.000000	206.000000	1.000000	208.000000	1.000000	235.000000	253.000000	240.000000	621.000000	457.000000	1.000000	1.000000
1.000000	213.000000	1.000000	1.000000	187.000000	1.000000	184.000000	1.000000	1.000000	182.000000	198.000000	1.000000	1.000000	1.000000	1.000000	993.000000	1.000000	239.000000	197.000000	186.000000	1.000000
1.000000	1.000000	1.000000	1.000000	1.000000	1.000000	1.000000	1.000000	1.000000	1.000000	1.000000	1.000000	1.000000	1.000000	1.000000	399.000000	765.000000	1.000000	197.000000	223.000000	187.000000
1.000000	1.000000	1.000000	219.000000	1.000000	1.000000	1.000000	1.000000	1.000000	1.000000	584.000000	1.000000	1.000000	217.000000	1.000000	196.000000	1.000000	1.000000	1.000000	1.000000	1.000000
1.000000	230.000000	1.000000	231.000000	233.000000	419.000000	1.000000	1.000000	1.000000	1.000000	1.000000	1.000000	186.000000	831.000000	432.000000	1.000000	189.000000	1.000000	1.000000	1.000000	1.000000
1.000000	1.000000	1.000000	1.000000	1.000000	1.000000	620.000000	1.000000	195.000000	1.000000	1.000000	1.000000	1.000000	377.000000	244.000000	215.000000	187.000000	179.000000	1.000000	1.000000	1.000000
1.000000	1.000000	1.000000	1.000000	1.000000	1.000000	1.000000	1.000000	633.000000	640.000000	433.000000	219.000000	412.000000	1.000000	1.000000	181.000000	181.000000	1.000000	1.000000	1.000000	1.000000
1.000000	1.000000	1.000000	1.000000	1.000000	1.000000	1.000000	1.000000	229.000000	245.000000	818.000000	187.000000	814.000000	212.000000	1.000000	1.000000	1.000000	1.000000	1.000000	1.000000	1.000000
1.000000	1.000000	1.000000	1.000000	1.000000	1.000000	208.000000	177.000000	1.000000	1.000000	1.000000	1.000000	192.000000	406.000000	1.000000	1.000000	1.000000	1.000000	1.000000	1.000000	1.000000
1.000000	1.000000	1.000000	1.000000	1.000000	1.000000	457.000000	1188.000000	692.000000	1.000000	1.000000	398.000000	427.000000	842.000000	855.000000	188.000000	1.000000	1.000000	1.000000	1.000000	1.000000
1.000000	181.000000	392.000000	1.000000	1.000000	1.000000	1.000000	1.000000	1.000000	1.000000	1.000000	1.000000	1.000000	440.000000	450.000000	215.000000	181.000000	1.000000	203.000000	1.000000	1.000000
1.000000	1.000000	365.000000	206.000000	1.000000	1.000000	1.000000	1.000000	1.000000	1.000000	1.000000	1.000000	1.000000	1.000000	382.000000	451.000000	1.000000	1.000000	1.000000	1.000000	1.000000
1.000000	1.000000	1.000000	1.000000	1.000000	1.000000	192.000000	180.000000	1.000000	225.000000	660.000000	847.000000	583.000000	203.000000	1.000000	382.000000	1.000000	1.000000	1.000000	1.000000	1.000000
1.000000	1.000000	1.000000	1.000000	1.000000	1.000000	564.000000	191.000000	1.000000	1.000000	447.000000	423.000000	618.000000	350.000000	1.000000	1.000000	1.000000	1.000000	1.000000	1.000000	1.000000
1.000000	1.000000	1.000000	1.000000	1.000000	1.000000	1.000000	1.000000	1.000000	1.000000	1.000000	1.000000	1.000000	1.000000	1.000000	1.000000	1.000000	1.000000	1.000000	1.000000	1.000000
1.000000	1.000000	1.000000	1.000000	1.000000	1.000000	1.000000	1.000000	1.000000	1.000000	1.000000	1.000000	1.000000	1.000000	1.000000	1.000000	1.000000	1.000000	1.000000	1.000000	1.000000
1.000000	1.000000	1.000000	1.000000	1.000000	1.000000	1.000000	1.000000	1.000000	1.000000	1.000000	1.000000	1.000000	1.000000	1.000000	1.000000	1.000000	1.000000	1.000000	1.000000	1.000000
1.000000	1.000000	1.000000	1.000000	1.000000	1.000000	1.000000	1.000000	1.000000	1.000000	1.000000	1.000000	1.000000	1.000000	1.000000	1.000000	1.000000	1.000000	1.000000	1.000000	1.000000
1.000000	1.000000	1.000000	1.000000	1.000000	1.000000	1.000000	1.000000	1.000000	1.000000	1.000000	1.000000	1.000000	1.000000	1.000000	1.000000	1.000000	1.000000	1.000000	1.000000	1.000000
