21 25 0
1.000000	1.000000	1.000000	1.000000	1.000000	1.000000	1.000000	1.000000	1.000000	1.000000	1.000000	1.000000	1.000000	1.000000	1.000000	1.000000	1.000000	1.000000	1.000000	1.000000	1.000000
1.000000	1.000000	1.000000	1.000000	1.000000	1.000000	1.000000	1.000000	1.000000	1.000000	1.000000	1.000000	1.000000	1.000000	1.000000	1.000000	1.000000	1.000000	1.000000	1.000000	1.000000
1.000000	1.000000	1.000000	1.000000	1.000000	1.000000	1.000000	1.000000	1.000000	1.000000	1.000000	1.000000	1.000000	1.000000	1.000000	1.000000	1.000000	1.000000	1.000000	1.000000	1.000000
1.000000	1.000000	1.000000	1.000000	1.000000	1.000000	1.000000	1.000000	1.000000	1.000000	1.000000	1.000000	1.000000	1.000000	1.000000	1.000000	1.000000	1.000000	1.000000	1.000000	1.000000
1.000000	1.000000	1.000000	1.000000	1.000000	1.000000	1.000000	1.000000	1.000000	1.000000	1.000000	1.000000	1.000000	1.000000	250.000000	1.000000	1.000000	195.000000	1.000000	1.000000	1.000000
1.000000	1.000000	1.000000	1.000000	1.000000	1.000000	252.000000	1.000000	177.000000	668.000000	173.000000	1.000000	1.000000	1.000000	235.000000	1.000000	1.000000	411.000000	207.000000	1.000000	1.000000
1.000000	200.000000	1.000000	1.000000	1.000000	1.000000	252.000000	1.000000	1.000000	1249.000000	213.000000	1.000000	434.000000	1.000000	1.000000	1.000000	1.000000	209.000000	229.000000	1.000000	1.000000
1.000000	1.000000	1.000000	1.000000	223.000000	1.000000	1.000000	471.000000	1.000000	1260.000000	451.000000	1.000000	243.000000	221.000000	1.000000	1.000000	1.000000	201.000000	412.000000	1.000000	1.000000
1.000000	1.000000	1.000000	1.000000	182.000000	1.000000	1.000000	472.000000	1.000000	894.000000	632.000000	1.000000	243.000000	1049.000000	1.000000	1.000000	1.000000	1.000000	238.000000	181.000000	222.000000
1.000000	1.000000	1.000000	215.000000	182.000000	1.000000	1.000000	1.000000	195.000000	393.000000	792.000000	1.000000	233.000000	1063.000000	1.000000	1.000000	1.000000	1.000000	238.000000	1.000000	223.000000
1.000000	1.000000	1.000000	216.000000	1.000000	1.000000	432.000000	207.000000	406.000000	1.000000	575.000000	1.000000	190.000000	611.000000	223.000000	1.000000	1.000000	1.000000	196.000000	197.000000	223.000000
1.000000	1.000000	1.000000	1.000000	1.000000	419.000000	637.000000	208.000000	785.000000	392.000000	389.000000	1.000000	190.000000	414.000000	223.000000	1.000000	1.000000	179.000000	1.000000	1.000000	1.000000
1.000000	1.000000	1.000000	1.000000	1.000000	1.000000	1.000000	206.000000	202.000000	219.000000	496.000000	1.000000	211.000000	416.000000	1.000000	1.000000	1.000000	210.000000	1.000000	1.000000	1.000000
1.000000	1.000000	1.000000	1.000000	1.000000	1.000000	206.000000	1.000000	1.000000	249.000000	498.000000	1.000000	771.000000	649.000000	1.000000	1.000000	1.000000	214.000000	219.000000	1.000000	210.000000
1.000000	188.000000	1.000000	1.000000	1.000000	1.000000	576.000000	1.000000	1.000000	1.000000	1.000000	1.000000	796.000000	554.000000	1.000000	1.000000	1.000000	1.000000	1.000000	1.000000	1.000000
1.000000	181.000000	1.000000	1.000000	1.000000	1.000000	1.000000	1.000000	1.000000	1.000000	1.000000	174.000000	388.000000	192.000000	1.000000	186.000000	188.000000	1.000000	1.000000	1.000000	1.000000
1.000000	1.000000	1.000000	203.000000	1.000000	1.000000	228.000000	255.000000	246.000000	1.000000	741.000000	241.000000	237.000000	1.000000	387.000000	211.000000	180.000000	1.000000	1.000000	1.000000	1.000000
1.000000	1.000000	183.000000	203.000000	1.000000	1.000000	469.000000	861.000000	1.000000	407.000000	741.000000	241.000000	238.000000	1.000000	205.000000	418.000000	1.000000	1.000000	1.000000	1.000000	1.000000
1.000000	1.000000	1.000000	1.000000	1.000000	1.000000	1263.000000	800.000000	1.000000	1.000000	1.000000	239.000000	222.000000	1.000000	1.000000	396.000000	1.000000	1.000000	1.000000	1.000000	1.000000
1.000000	1.000000	1.000000	1.000000	1.000000	1.000000	573.000000	190.000000	1.000000	1.000000	453.000000	425.000000	222.000000	189.000000	1.000000	1.000000	1.000000	1.000000	1.000000	1.000000	1.000000
1.000000	1.000000	1.000000	1.000000	1.000000	1.000000	1.000000	1.000000	1.000000	1.000000	1.000000	1.000000	1.000000	1.000000	1.000000	1.000000	1.000000	1.000000	1.000000	1.000000	1.000000
1.000000	1.000000	1.000000	1.000000	1.000000	1.000000	1.000000	1.000000	1.000000	1.000000	1.000000	1.000000	1.000000	1.000000	1.000000	1.000000	1.000000	1.000000	1.000000	1.000000	1.000000
1.000000	1.000000	1.000000	1.000000	1.000000	1.000000	1.000000	1.000000	1.000000	1.000000	1.000000	1.000000	1.000000	1.000000	1.000000	1.000000	1.000000	1.000000	1.000000	1.000000	1.000000
1.000000	1.000000	1.000000	1.000000	1.000000	1.000000	1.000000	1.000000	1.000000	1.000000	1.000000	1.000000	1.000000	1.000000	1.000000	1.000000	1.000000	1.000000	1.000000	1.000000	1.000000
1.000000	1.000000	1.000000	1.000000	1.000000	1.000000	1.000000	1.000000	1.000000	1.000000	1.000000	1.000000	1.000000	1.000000	1.000000	1.000000	1.000000	1.000000	1.000000	1.000000	1.000000
