21 25 0
1.000000	1.000000	1.000000	1.000000	1.000000	1.000000	1.000000	1.000000	1.000000	1.000000	1.000000	1.000000	1.000000	1.000000	1.000000	1.000000	1.000000	1.000000	1.000000	1.000000	1.000000
1.000000	1.000000	185.000000	1.000000	1.000000	1.000000	1.000000	1.000000	1.000000	1.000000	1.000000	1.000000	1.000000	1.000000	1.000000	1.000000	1.000000	181.000000	1.000000	1.000000	1.000000
1.000000	1.000000	1.000000	1.000000	1.000000	1.000000	1.000000	1.000000	1.000000	1.000000	1.000000	1.000000	1.000000	1.000000	1.000000	1.000000	1.000000	1.000000	1.000000	1.000000	1.000000
1.000000	1.000000	1.000000	1.000000	1.000000	1.000000	1.000000	1.000000	1.000000	1.000000	1.000000	1.000000	1.000000	1.000000	1.000000	1.000000	1.000000	1.000000	1.000000	1.000000	1.000000
1.000000	1.000000	1.000000	1.000000	1.000000	1.000000	225.000000	1.000000	1.000000	1.000000	1.000000	202.000000	1.000000	1.000000	1.000000	1.000000	1.000000	1.000000	1.000000	1.000000	1.000000
1.000000	1.000000	247.000000	1.000000	1.000000	256.000000	226.000000	1.000000	1.000000	1.000000	184.000000	393.000000	618.000000	1.000000	1.000000	1.000000	1.000000	1.000000	1.000000	1.000000	1.000000
1.000000	1.000000	478.000000	1.000000	1.000000	256.000000	226.000000	217.000000	1.000000	1.000000	215.000000	1219.000000	395.000000	1.000000	1.000000	1.000000	1.000000	1.000000	1.000000	1.000000	1.000000
1.000000	1.000000	232.000000	1.000000	1.000000	502.000000	251.000000	218.000000	194.000000	1.000000	184.000000	1515.000000	194.000000	1.000000	1.000000	1.000000	1.000000	1.000000	1.000000	1.000000	1.000000
1.000000	1.000000	224.000000	1.000000	1.000000	502.000000	252.000000	203.000000	395.000000	1.000000	181.000000	1392.000000	1.000000	1.000000	208.000000	1.000000	197.000000	223.000000	1.000000	1.000000	1.000000
1.000000	1.000000	1.000000	1.000000	1.000000	217.000000	1.000000	203.000000	208.000000	1.000000	625.000000	1495.000000	186.000000	1.000000	216.000000	1.000000	197.000000	223.000000	224.000000	1.000000	1.000000
1.000000	1.000000	1.000000	1.000000	632.000000	1.000000	1.000000	209.000000	193.000000	1.000000	399.000000	406.000000	210.000000	1.000000	216.000000	1.000000	187.000000	607.000000	224.000000	1.000000	1.000000
1.000000	1.000000	1.000000	1.000000	633.000000	1.000000	1.000000	209.000000	1.000000	220.000000	191.000000	381.000000	394.000000	194.000000	1.000000	1.000000	1.000000	1.000000	1.000000	1.000000	1.000000
1.000000	1.000000	188.000000	1.000000	1.000000	1.000000	1.000000	225.000000	1.000000	469.000000	445.000000	472.000000	1.000000	195.000000	1.000000	1.000000	1.000000	1.000000	1.000000	1.000000	1.000000
1.000000	1.000000	188.000000	1.000000	1.000000	1.000000	1.000000	250.000000	1126.000000	499.000000	481.000000	473.000000	1.000000	1.000000	1.000000	1.000000	1.000000	1.000000	1.000000	1.000000	1.000000
1.000000	1.000000	1.000000	1.000000	172.000000	1.000000	1.000000	1.000000	1511.000000	250.000000	1.000000	1.000000	1.000000	1.000000	1.000000	1.000000	1.000000	1.000000	1.000000	1.000000	1.000000
1.000000	1.000000	1.000000	1.000000	176.000000	391.000000	173.000000	1.000000	1.000000	1.000000	1.000000	1.000000	1.000000	1.000000	1.000000	1.000000	1.000000	1.000000	1.000000	1.000000	1.000000
1.000000	1.000000	1.000000	1.000000	409.000000	797.000000	1.000000	1.000000	229.000000	242.000000	243.000000	247.000000	237.000000	494.000000	1.000000	1.000000	216.000000	200.000000	185.000000	1.000000	194.000000
1.000000	1.000000	1.000000	1.000000	212.000000	799.000000	1.000000	1.000000	229.000000	469.000000	243.000000	248.000000	238.000000	1218.000000	1.000000	194.000000	1.000000	200.000000	177.000000	1.000000	190.000000
1.000000	1.000000	1.000000	1.000000	201.000000	1.000000	1.000000	1.000000	234.000000	1.000000	208.000000	1.000000	1.000000	726.000000	385.000000	397.000000	1.000000	1.000000	1.000000	1.000000	1.000000
1.000000	1.000000	1.000000	1.000000	1.000000	1.000000	1.000000	1.000000	456.000000	420.000000	403.000000	1.000000	1.000000	414.000000	375.000000	377.000000	1.000000	1.000000	1.000000	1.000000	1.000000
1.000000	1.000000	1.000000	1.000000	1.000000	1.000000	1.000000	1.000000	1.000000	1.000000	1.000000	1.000000	1.000000	1.000000	1.000000	1.000000	1.000000	1.000000	1.000000	1.000000	1.000000
1.000000	1.000000	1.000000	1.000000	1.000000	1.000000	1.000000	1.000000	1.000000	1.000000	1.000000	1.000000	1.000000	1.000000	1.000000	1.000000	1.000000	1.000000	1.000000	1.000000	1.000000
1.000000	1.000000	1.000000	1.000000	1.000000	1.000000	1.000000	1.000000	1.000000	1.000000	1.000000	1.000000	1.000000	1.000000	1.000000	1.000000	1.000000	1.000000	1.000000	1.000000	1.000000
1.000000	1.000000	1.000000	1.000000	1.000000	1.000000	1.000000	1.000000	1.000000	1.000000	1.000000	1.000000	1.000000	1.000000	1.000000	1.000000	1.000000	1.000000	1.000000	1.000000	1.000000
1.000000	1.000000	1.000000	1.000000	1.000000	1.000000	1.000000	1.000000	1.000000	1.000000	1.000000	1.000000	1.000000	1.000000	1.000000	1.000000	1.000000	1.000000	1.000000	1.000000	1.000000
