21 25 0
1.000000	1.000000	1.000000	1.000000	1.000000	1.000000	1.000000	1.000000	1.000000	1.000000	1.000000	1.000000	1.000000	1.000000	1.000000	1.000000	1.000000	1.000000	1.000000	1.000000	1.000000
1.000000	1.000000	1.000000	1.000000	1.000000	1.000000	1.000000	1.000000	1.000000	1.000000	1.000000	1.000000	1.000000	1.000000	1.000000	1.000000	1.000000	1.000000	1.000000	1.000000	1.000000
1.000000	1.000000	1.000000	1.000000	1.000000	1.000000	1.000000	1.000000	1.000000	1.000000	1.000000	1.000000	1.000000	1.000000	1.000000	1.000000	1.000000	1.000000	1.000000	1.000000	1.000000
1.000000	1.000000	1.000000	1.000000	1.000000	1.000000	1.000000	1.000000	1.000000	1.000000	1.000000	1.000000	1.000000	1.000000	1.000000	1.000000	1.000000	1.000000	1.000000	1.000000	1.000000
1.000000	1.000000	1.000000	1.000000	1.000000	1.000000	1.000000	1.000000	1.000000	1.000000	1.000000	173.000000	1.000000	1.000000	1.000000	252.000000	1.000000	1.000000	1.000000	1.000000	1.000000
1.000000	181.000000	1.000000	1.000000	1.000000	1.000000	237.000000	251.000000	1.000000	1.000000	201.000000	1.000000	1.000000	224.000000	250.000000	1.000000	1.000000	1.000000	1.000000	1.000000	1.000000
1.000000	1.000000	1.000000	255.000000	718.000000	241.000000	507.000000	1.000000	1.000000	1.000000	1.000000	1.000000	209.000000	1.000000	403.000000	256.000000	1.000000	1.000000	1.000000	1.000000	1.000000
1.000000	1.000000	1.000000	1.000000	1.000000	1.000000	1.000000	1.000000	1.000000	1.000000	489.000000	1.000000	1.000000	660.000000	256.000000	1.000000	1.000000	1.000000	1.000000	1.000000	1.000000
1.000000	1.000000	1.000000	192.000000	1.000000	1.000000	1.000000	633.000000	390.000000	700.000000	190.000000	1.000000	174.000000	384.000000	1.000000	1.000000	1.000000	1.000000	468.000000	1.000000	1.000000
1.000000	1.000000	1.000000	214.000000	1.000000	1.000000	1.000000	231.000000	1.000000	182.000000	187.000000	1.000000	1.000000	621.000000	204.000000	213.000000	1.000000	1.000000	1.000000	1.000000	222.000000
1.000000	1.000000	1.000000	1.000000	1.000000	1.000000	1.000000	1.000000	212.000000	185.000000	1.000000	1.000000	429.000000	429.000000	187.000000	1.000000	1.000000	1.000000	176.000000	229.000000	1.000000
1.000000	1.000000	1.000000	1.000000	1.000000	1.000000	445.000000	205.000000	796.000000	1.000000	1.000000	1.000000	1.000000	1.000000	1.000000	1.000000	1.000000	1.000000	207.000000	1.000000	1.000000
1.000000	1.000000	1.000000	1.000000	1.000000	446.000000	1.000000	204.000000	1.000000	1.000000	1.000000	1.000000	1.000000	1.000000	176.000000	195.000000	380.000000	1.000000	1.000000	1.000000	1.000000
1.000000	1.000000	1.000000	1.000000	1.000000	1.000000	187.000000	218.000000	1.000000	1.000000	182.000000	1.000000	1.000000	869.000000	1.000000	1.000000	1.000000	1.000000	1.000000	1.000000	1.000000
1.000000	1.000000	1.000000	1.000000	1.000000	1.000000	587.000000	181.000000	1.000000	1.000000	1.000000	185.000000	1057.000000	186.000000	1.000000	1.000000	1.000000	1.000000	1.000000	1.000000	1.000000
1.000000	1.000000	1.000000	1.000000	1.000000	1.000000	1.000000	1.000000	1.000000	1.000000	1.000000	1.000000	1.000000	1.000000	1.000000	1.000000	1.000000	1.000000	1.000000	1.000000	1.000000
1.000000	1.000000	1.000000	1.000000	1.000000	1.000000	245.000000	1.000000	219.000000	682.000000	739.000000	469.000000	460.000000	1.000000	218.000000	389.000000	180.000000	1.000000	1.000000	1.000000	1.000000
1.000000	1.000000	1.000000	1.000000	1.000000	245.000000	1415.000000	1431.000000	1127.000000	688.000000	636.000000	237.000000	236.000000	470.000000	393.000000	205.000000	1.000000	1.000000	1.000000	1.000000	1.000000
1.000000	1.000000	1.000000	1.000000	1.000000	240.000000	1269.000000	208.000000	1.000000	1.000000	1.000000	1.000000	1.000000	1.000000	1.000000	1.000000	1.000000	1.000000	1.000000	1.000000	1.000000
1.000000	1.000000	1.000000	1.000000	1.000000	199.000000	1.000000	1.000000	1.000000	1.000000	1.000000	238.000000	187.000000	1.000000	1.000000	1.000000	1.000000	1.000000	1.000000	1.000000	1.000000
1.000000	1.000000	1.000000	1.000000	1.000000	1.000000	1.000000	1.000000	1.000000	1.000000	1.000000	1.000000	1.000000	1.000000	1.000000	1.000000	1.000000	1.000000	1.000000	1.000000	1.000000
1.000000	1.000000	1.000000	1.000000	1.000000	1.000000	1.000000	1.000000	1.000000	1.000000	1.000000	1.000000	1.000000	1.000000	1.000000	1.000000	1.000000	1.000000	1.000000	1.000000	1.000000
1.000000	1.000000	1.000000	1.000000	1.000000	1.000000	1.000000	1.000000	1.000000	1.000000	1.000000	1.000000	1.000000	1.000000	1.000000	1.000000	1.000000	1.000000	1.000000	1.000000	1.000000
1.000000	1.000000	1.000000	1.000000	1.000000	1.000000	1.000000	1.000000	1.000000	1.000000	1.000000	1.000000	1.000000	1.000000	1.000000	1.000000	1.000000	1.000000	1.000000	1.000000	1.000000
1.000000	1.000000	1.000000	1.000000	1.000000	1.000000	1.000000	1.000000	1.000000	1.000000	1.000000	1.000000	1.000000	1.000000	1.000000	1.000000	1.000000	1.000000	1.000000	1.000000	1.000000
