21 25 0
1.000000	1.000000	1.000000	1.000000	1.000000	1.000000	1.000000	1.000000	1.000000	1.000000	1.000000	1.000000	665.000000	1.000000	1.000000	1.000000	1.000000	164.000000	1.000000	1.000000	1.000000
1.000000	1.000000	1.000000	1.000000	1.000000	1.000000	1.000000	1.000000	1.000000	1.000000	1.000000	1.000000	911.000000	181.000000	1.000000	187.000000	184.000000	837.000000	185.000000	1.000000	1.000000
1.000000	1.000000	1.000000	1.000000	1.000000	1.000000	1.000000	1.000000	1.000000	1.000000	1.000000	1.000000	1.000000	181.000000	642.000000	643.000000	1.000000	222.000000	565.000000	1.000000	1.000000
1.000000	1.000000	1.000000	1.000000	1.000000	1.000000	1.000000	1.000000	1.000000	1.000000	1.000000	1.000000	1.000000	202.000000	773.000000	423.000000	1.000000	1.000000	1.000000	225.000000	1.000000
1.000000	1.000000	1.000000	1.000000	1.000000	1.000000	1.000000	1.000000	1.000000	183.000000	1.000000	1.000000	1.000000	1.000000	1.000000	212.000000	1.000000	1.000000	1.000000	1.000000	1.000000
1.000000	1.000000	1.000000	1.000000	1.000000	1.000000	1.000000	1.000000	409.000000	1.000000	388.000000	176.000000	1.000000	1.000000	1.000000	662.000000	1.000000	1.000000	1.000000	1.000000	1.000000
1.000000	1.000000	1.000000	1.000000	1.000000	1.000000	1.000000	1.000000	1.000000	778.000000	373.000000	1.000000	1.000000	1.000000	246.000000	1090.000000	220.000000	1.000000	1.000000	1.000000	1.000000
1.000000	1.000000	1.000000	1.000000	1.000000	1.000000	1.000000	1.000000	1.000000	1793.000000	670.000000	1.000000	208.000000	1.000000	185.000000	1120.000000	627.000000	212.000000	363.000000	1.000000	1.000000
1.000000	1.000000	1.000000	1.000000	1.000000	1.000000	247.000000	183.000000	1.000000	1986.000000	470.000000	1.000000	211.000000	236.000000	200.000000	734.000000	793.000000	684.000000	662.000000	222.000000	1.000000
1.000000	1.000000	1.000000	1.000000	1.000000	1.000000	1.000000	179.000000	1.000000	1952.000000	1.000000	1.000000	803.000000	1.000000	1.000000	1.000000	199.000000	1042.000000	659.000000	1.000000	1.000000
1.000000	1.000000	1.000000	1.000000	1.000000	1.000000	1.000000	1.000000	1.000000	1407.000000	193.000000	1.000000	1017.000000	206.000000	1.000000	1.000000	400.000000	611.000000	415.000000	1.000000	1.000000
1.000000	1.000000	1.000000	1.000000	1.000000	1.000000	373.000000	1.000000	1.000000	1728.000000	198.000000	1.000000	786.000000	1180.000000	1.000000	1.000000	198.000000	178.000000	1.000000	1.000000	1.000000
1.000000	1.000000	1.000000	1.000000	1.000000	1.000000	921.000000	1.000000	227.000000	1390.000000	190.000000	1.000000	391.000000	1147.000000	1.000000	1.000000	1.000000	1.000000	169.000000	1.000000	1.000000
1.000000	1.000000	1.000000	1.000000	1.000000	1.000000	951.000000	173.000000	247.000000	1067.000000	1.000000	1.000000	382.000000	1086.000000	1.000000	1.000000	1.000000	176.000000	1.000000	178.000000	1.000000
1.000000	1.000000	1.000000	1.000000	1.000000	1.000000	937.000000	1.000000	1.000000	1.000000	1.000000	1.000000	616.000000	574.000000	1.000000	1.000000	174.000000	176.000000	1.000000	187.000000	1.000000
1.000000	1.000000	1.000000	1.000000	1.000000	1.000000	188.000000	1.000000	1.000000	1.000000	225.000000	1.000000	402.000000	211.000000	1.000000	1.000000	174.000000	189.000000	1.000000	1.000000	1.000000
1.000000	1.000000	1.000000	1.000000	1.000000	1.000000	1.000000	1.000000	1.000000	246.000000	1.000000	1.000000	1.000000	1.000000	1.000000	1.000000	184.000000	1.000000	1.000000	179.000000	1.000000
1.000000	1.000000	1.000000	1.000000	181.000000	1.000000	1.000000	1.000000	1.000000	247.000000	1.000000	1.000000	1.000000	175.000000	1.000000	374.000000	183.000000	1.000000	1.000000	1.000000	1.000000
1.000000	1.000000	1.000000	1.000000	1.000000	1.000000	1.000000	1.000000	1.000000	247.000000	1.000000	1.000000	1.000000	1.000000	1.000000	350.000000	1.000000	1.000000	1.000000	1.000000	1.000000
1.000000	1.000000	1.000000	1.000000	1.000000	1.000000	1.000000	1.000000	1.000000	1.000000	1.000000	1.000000	1.000000	1.000000	1.000000	1.000000	1.000000	1.000000	1.000000	1.000000	1.000000
1.000000	1.000000	1.000000	1.000000	1.000000	1.000000	1.000000	1.000000	1.000000	1.000000	1.000000	1.000000	1.000000	1.000000	1.000000	1.000000	1.000000	1.000000	1.000000	1.000000	1.000000
1.000000	1.000000	1.000000	1.000000	1.000000	1.000000	1.000000	1.000000	1.000000	1.000000	1.000000	1.000000	1.000000	1.000000	1.000000	1.000000	1.000000	1.000000	1.000000	1.000000	1.000000
1.000000	1.000000	1.000000	1.000000	1.000000	1.000000	1.000000	1.000000	1.000000	1.000000	1.000000	1.000000	1.000000	1.000000	1.000000	1.000000	1.000000	1.000000	1.000000	1.000000	1.000000
1.000000	1.000000	1.000000	1.000000	1.000000	1.000000	1.000000	1.000000	1.000000	1.000000	1.000000	1.000000	1.000000	1.000000	1.000000	1.000000	1.000000	1.000000	1.000000	1.000000	1.000000
1.000000	1.000000	1.000000	1.000000	1.000000	1.000000	1.000000	1.000000	1.000000	1.000000	1.000000	1.000000	1.000000	1.000000	1.000000	1.000000	1.000000	1.000000	1.000000	1.000000	1.000000
