21 25 0
1.000000	1.000000	1.000000	1.000000	1.000000	186.000000	187.000000	177.000000	1.000000	1.000000	1.000000	1.000000	197.000000	1.000000	1.000000	1.000000	1.000000	163.000000	1.000000	1.000000	1.000000
1.000000	1.000000	1.000000	1.000000	1.000000	1.000000	367.000000	187.000000	1.000000	1.000000	1.000000	1.000000	193.000000	1.000000	1.000000	1.000000	434.000000	1295.000000	186.000000	1.000000	1.000000
1.000000	1.000000	1.000000	1.000000	1.000000	1.000000	1.000000	199.000000	1.000000	1.000000	1.000000	1.000000	1.000000	194.000000	225.000000	1.000000	1.000000	233.000000	842.000000	1.000000	1.000000
1.000000	1.000000	1.000000	1.000000	1.000000	1.000000	1.000000	1.000000	1.000000	1.000000	1.000000	1.000000	1.000000	1.000000	1.000000	420.000000	1.000000	1.000000	204.000000	425.000000	181.000000
1.000000	1.000000	1.000000	1.000000	1.000000	255.000000	250.000000	1.000000	1.000000	1.000000	1.000000	1.000000	1.000000	1.000000	1.000000	419.000000	1.000000	1.000000	1.000000	208.000000	195.000000
1.000000	1.000000	1.000000	1.000000	192.000000	192.000000	648.000000	910.000000	385.000000	1.000000	169.000000	412.000000	220.000000	1.000000	1.000000	223.000000	416.000000	1.000000	1.000000	1.000000	1.000000
1.000000	1.000000	1.000000	1.000000	1.000000	1.000000	499.000000	819.000000	1471.000000	990.000000	1.000000	1.000000	935.000000	864.000000	892.000000	1117.000000	173.000000	212.000000	1.000000	1.000000	1.000000
1.000000	1.000000	1.000000	1.000000	1.000000	1.000000	1.000000	1.000000	218.000000	1724.000000	1.000000	1.000000	1.000000	1.000000	723.000000	872.000000	1038.000000	1.000000	1.000000	1.000000	1.000000
1.000000	1.000000	1.000000	1.000000	1.000000	1.000000	1.000000	1.000000	1.000000	248.000000	1.000000	1.000000	1.000000	1.000000	1.000000	502.000000	873.000000	226.000000	1.000000	206.000000	1.000000
1.000000	1.000000	1.000000	1.000000	1.000000	1.000000	1.000000	179.000000	1.000000	1.000000	1.000000	1.000000	1.000000	1.000000	1.000000	1.000000	1.000000	1.000000	1.000000	1.000000	1.000000
1.000000	1.000000	1.000000	1.000000	1.000000	1.000000	1.000000	1.000000	1.000000	1.000000	1.000000	1.000000	425.000000	220.000000	1.000000	1.000000	1.000000	1.000000	1.000000	1.000000	1.000000
1.000000	1.000000	1.000000	1.000000	1.000000	1.000000	192.000000	1.000000	1.000000	206.000000	1.000000	1.000000	566.000000	991.000000	181.000000	1.000000	1.000000	342.000000	1.000000	1.000000	1.000000
1.000000	1.000000	1.000000	1.000000	1.000000	169.000000	1.000000	1.000000	483.000000	1380.000000	230.000000	1.000000	187.000000	898.000000	166.000000	1.000000	1.000000	348.000000	170.000000	1.000000	1.000000
1.000000	1.000000	1.000000	1.000000	1.000000	1.000000	540.000000	1.000000	254.000000	1409.000000	1410.000000	1.000000	195.000000	1.000000	1.000000	1.000000	1.000000	1.000000	1.000000	1.000000	1.000000
1.000000	1.000000	1.000000	1.000000	1.000000	1.000000	1.000000	1.000000	1.000000	1.000000	1.000000	1.000000	230.000000	176.000000	1.000000	1.000000	1.000000	1.000000	1.000000	1.000000	1.000000
1.000000	1.000000	1.000000	1.000000	1.000000	1.000000	176.000000	612.000000	249.000000	1.000000	1.000000	1.000000	1.000000	430.000000	178.000000	1.000000	1.000000	1.000000	1.000000	1.000000	1.000000
1.000000	1.000000	1.000000	1.000000	1.000000	1.000000	1.000000	607.000000	912.000000	583.000000	206.000000	210.000000	181.000000	1.000000	387.000000	1.000000	1.000000	1.000000	1.000000	1.000000	1.000000
1.000000	1.000000	1.000000	1.000000	204.000000	1.000000	1.000000	1.000000	1.000000	508.000000	255.000000	234.000000	210.000000	1.000000	1.000000	1.000000	1.000000	1.000000	1.000000	1.000000	1.000000
1.000000	1.000000	1.000000	1.000000	1.000000	1.000000	1.000000	1.000000	1.000000	1.000000	1.000000	1.000000	1.000000	1.000000	1.000000	1.000000	1.000000	1.000000	1.000000	1.000000	1.000000
1.000000	1.000000	1.000000	1.000000	1.000000	1.000000	1.000000	1.000000	1.000000	1.000000	1.000000	1.000000	1.000000	1.000000	1.000000	1.000000	1.000000	1.000000	1.000000	1.000000	1.000000
1.000000	1.000000	1.000000	1.000000	1.000000	1.000000	1.000000	1.000000	1.000000	1.000000	1.000000	1.000000	1.000000	1.000000	1.000000	1.000000	1.000000	1.000000	1.000000	1.000000	1.000000
1.000000	1.000000	1.000000	1.000000	1.000000	1.000000	1.000000	1.000000	1.000000	1.000000	1.000000	1.000000	1.000000	1.000000	1.000000	1.000000	1.000000	1.000000	1.000000	1.000000	1.000000
1.000000	1.000000	1.000000	1.000000	1.000000	1.000000	1.000000	1.000000	1.000000	1.000000	1.000000	1.000000	1.000000	1.000000	1.000000	1.000000	1.000000	1.000000	1.000000	1.000000	1.000000
1.000000	1.000000	1.000000	1.000000	1.000000	1.000000	1.000000	1.000000	1.000000	1.000000	1.000000	1.000000	1.000000	1.000000	1.000000	1.000000	1.000000	1.000000	1.000000	1.000000	1.000000
1.000000	1.000000	1.000000	1.000000	1.000000	1.000000	1.000000	1.000000	1.000000	1.000000	1.000000	1.000000	1.000000	1.000000	1.000000	1.000000	1.000000	1.000000	1.000000	1.000000	1.000000
