21 25 0
1.000000	1.000000	1.000000	1.000000	193.000000	378.000000	188.000000	177.000000	1.000000	1.000000	1.000000	1.000000	1.000000	1.000000	1.000000	198.000000	392.000000	1.000000	1.000000	1.000000	1.000000
1.000000	1.000000	1.000000	1.000000	1.000000	1.000000	182.000000	188.000000	1.000000	1.000000	1.000000	176.000000	850.000000	675.000000	1066.000000	1008.000000	386.000000	176.000000	1.000000	1.000000	1.000000
1.000000	1.000000	1.000000	1.000000	1.000000	1.000000	1.000000	200.000000	1.000000	1.000000	1.000000	630.000000	1088.000000	625.000000	1.000000	1.000000	1.000000	204.000000	550.000000	181.000000	1.000000
1.000000	1.000000	1.000000	1.000000	1.000000	1.000000	1.000000	1.000000	178.000000	1.000000	1.000000	1.000000	1.000000	1.000000	1.000000	1.000000	1.000000	1.000000	204.000000	427.000000	190.000000
1.000000	1.000000	1.000000	1.000000	1.000000	233.000000	498.000000	1.000000	1.000000	1.000000	1.000000	1.000000	1.000000	241.000000	247.000000	549.000000	358.000000	1.000000	1.000000	1.000000	1.000000
1.000000	1.000000	1.000000	1.000000	234.000000	715.000000	1136.000000	1111.000000	400.000000	167.000000	169.000000	805.000000	1229.000000	1280.000000	1558.000000	1469.000000	800.000000	1.000000	1.000000	1.000000	1.000000
1.000000	1.000000	1.000000	1.000000	1.000000	502.000000	714.000000	929.000000	1132.000000	1220.000000	1.000000	656.000000	1633.000000	1648.000000	1078.000000	646.000000	1.000000	1.000000	1.000000	1.000000	1.000000
1.000000	1.000000	1.000000	1.000000	1.000000	257.000000	257.000000	1.000000	1.000000	184.000000	1.000000	1.000000	1.000000	1.000000	252.000000	452.000000	612.000000	1.000000	1.000000	1.000000	1.000000
1.000000	1.000000	1.000000	1.000000	1.000000	231.000000	231.000000	1.000000	1.000000	1.000000	1.000000	1.000000	1.000000	1.000000	1.000000	493.000000	356.000000	189.000000	1.000000	1.000000	1.000000
1.000000	1.000000	1.000000	1.000000	1.000000	1.000000	1.000000	188.000000	1.000000	1.000000	1.000000	1.000000	1.000000	1.000000	1.000000	1.000000	1.000000	1.000000	1.000000	1.000000	228.000000
1.000000	1.000000	1.000000	1.000000	1.000000	1.000000	196.000000	1.000000	1.000000	1.000000	1.000000	399.000000	399.000000	245.000000	1.000000	1.000000	1.000000	1.000000	1.000000	413.000000	1.000000
1.000000	1.000000	1.000000	1.000000	1.000000	1.000000	1.000000	1.000000	1.000000	1.000000	1.000000	198.000000	213.000000	397.000000	201.000000	174.000000	352.000000	540.000000	577.000000	173.000000	1.000000
1.000000	1.000000	1.000000	1.000000	1.000000	196.000000	169.000000	1.000000	485.000000	929.000000	734.000000	729.000000	1.000000	188.000000	355.000000	182.000000	722.000000	710.000000	180.000000	1.000000	1.000000
1.000000	1.000000	1.000000	1.000000	1.000000	1.000000	1.000000	1.000000	674.000000	1950.000000	1948.000000	1632.000000	432.000000	1.000000	1.000000	1.000000	175.000000	1.000000	1.000000	1.000000	1.000000
1.000000	1.000000	1.000000	1.000000	1.000000	1.000000	1.000000	1.000000	1.000000	183.000000	188.000000	1.000000	1.000000	1.000000	1.000000	1.000000	1.000000	1.000000	1.000000	1.000000	1.000000
1.000000	1.000000	1.000000	1.000000	1.000000	1.000000	1.000000	416.000000	428.000000	235.000000	1.000000	1.000000	195.000000	432.000000	397.000000	1.000000	1.000000	1.000000	1.000000	1.000000	1.000000
1.000000	1.000000	1.000000	1.000000	1.000000	1.000000	1.000000	1092.000000	1405.000000	1391.000000	1339.000000	1490.000000	1420.000000	986.000000	211.000000	1.000000	1.000000	1.000000	187.000000	1.000000	1.000000
1.000000	1.000000	1.000000	1.000000	1.000000	1.000000	1.000000	1.000000	1.000000	1.000000	184.000000	184.000000	184.000000	1.000000	1.000000	1.000000	1.000000	222.000000	200.000000	1.000000	1.000000
1.000000	1.000000	1.000000	1.000000	1.000000	1.000000	1.000000	1.000000	1.000000	1.000000	1.000000	1.000000	1.000000	1.000000	1.000000	1.000000	181.000000	407.000000	197.000000	1.000000	1.000000
1.000000	1.000000	1.000000	1.000000	1.000000	1.000000	1.000000	1.000000	1.000000	1.000000	1.000000	1.000000	1.000000	1.000000	1.000000	1.000000	1.000000	1.000000	1.000000	1.000000	1.000000
1.000000	1.000000	1.000000	1.000000	1.000000	1.000000	1.000000	1.000000	1.000000	1.000000	1.000000	1.000000	1.000000	1.000000	1.000000	1.000000	1.000000	1.000000	1.000000	1.000000	1.000000
1.000000	1.000000	1.000000	1.000000	1.000000	1.000000	1.000000	1.000000	1.000000	1.000000	1.000000	1.000000	1.000000	1.000000	1.000000	1.000000	1.000000	1.000000	1.000000	1.000000	1.000000
1.000000	1.000000	1.000000	1.000000	1.000000	1.000000	1.000000	1.000000	1.000000	1.000000	1.000000	1.000000	1.000000	1.000000	1.000000	1.000000	1.000000	1.000000	1.000000	1.000000	1.000000
1.000000	1.000000	1.000000	1.000000	1.000000	1.000000	1.000000	1.000000	1.000000	1.000000	1.000000	1.000000	1.000000	1.000000	1.000000	1.000000	1.000000	1.000000	1.000000	1.000000	1.000000
1.000000	1.000000	1.000000	1.000000	1.000000	1.000000	1.000000	1.000000	1.000000	1.000000	1.000000	1.000000	1.000000	1.000000	1.000000	1.000000	1.000000	1.000000	1.000000	1.000000	1.000000
