21 25 0
1.000000	1.000000	1.000000	1.000000	1.000000	1.000000	1.000000	1.000000	1.000000	1.000000	210.000000	429.000000	650.000000	447.000000	424.000000	1.000000	1.000000	1.000000	186.000000	1.000000	1.000000
1.000000	1.000000	1.000000	1.000000	1.000000	191.000000	1.000000	1.000000	1.000000	195.000000	614.000000	834.000000	206.000000	1.000000	1.000000	224.000000	1.000000	1.000000	1.000000	1.000000	1.000000
1.000000	1.000000	1.000000	1.000000	194.000000	192.000000	359.000000	1.000000	1.000000	1.000000	1.000000	179.000000	178.000000	194.000000	594.000000	1439.000000	1205.000000	1.000000	1.000000	1.000000	1.000000
1.000000	1.000000	1.000000	1.000000	1.000000	178.000000	404.000000	445.000000	1.000000	1.000000	363.000000	1355.000000	1266.000000	1436.000000	734.000000	794.000000	407.000000	175.000000	1.000000	1.000000	1.000000
1.000000	1.000000	1.000000	1.000000	1.000000	253.000000	442.000000	826.000000	815.000000	613.000000	186.000000	847.000000	1562.000000	1188.000000	445.000000	229.000000	236.000000	232.000000	191.000000	1.000000	1.000000
1.000000	1.000000	1.000000	1.000000	1.000000	1.000000	1.000000	1.000000	203.000000	181.000000	1.000000	1.000000	1.000000	1.000000	1.000000	1.000000	1.000000	1.000000	630.000000	403.000000	1.000000
1.000000	1.000000	1.000000	1.000000	1.000000	467.000000	254.000000	1.000000	1.000000	1.000000	1.000000	1.000000	1.000000	240.000000	246.000000	624.000000	380.000000	1.000000	1.000000	1.000000	1.000000
1.000000	1.000000	1.000000	1.000000	1.000000	237.000000	209.000000	252.000000	379.000000	1.000000	1.000000	162.000000	162.000000	668.000000	713.000000	195.000000	1.000000	1.000000	1.000000	1.000000	1.000000
1.000000	1.000000	1.000000	1.000000	1.000000	1.000000	708.000000	832.000000	1008.000000	734.000000	909.000000	428.000000	1126.000000	929.000000	473.000000	431.000000	1.000000	1.000000	1.000000	1.000000	1.000000
1.000000	1.000000	1.000000	1.000000	229.000000	668.000000	213.000000	1.000000	195.000000	389.000000	236.000000	1.000000	167.000000	238.000000	1039.000000	1051.000000	996.000000	396.000000	185.000000	1.000000	1.000000
1.000000	1.000000	1.000000	1.000000	1.000000	1.000000	1.000000	1.000000	1.000000	1.000000	1.000000	1.000000	1.000000	1.000000	1.000000	168.000000	178.000000	360.000000	1.000000	1.000000	1.000000
1.000000	1.000000	1.000000	1.000000	1.000000	1.000000	176.000000	1.000000	431.000000	1080.000000	675.000000	211.000000	1.000000	1.000000	1.000000	1.000000	1.000000	1.000000	1.000000	1.000000	1.000000
1.000000	1.000000	1.000000	1.000000	1.000000	1.000000	1.000000	1.000000	239.000000	239.000000	1.000000	190.000000	1.000000	1.000000	1.000000	1.000000	1.000000	1.000000	1.000000	1.000000	1.000000
1.000000	1.000000	1.000000	1.000000	1.000000	1.000000	172.000000	172.000000	1.000000	1.000000	1.000000	1.000000	1.000000	163.000000	193.000000	1.000000	169.000000	1.000000	1.000000	1.000000	1.000000
1.000000	1.000000	1.000000	1.000000	1.000000	170.000000	170.000000	380.000000	898.000000	924.000000	916.000000	833.000000	951.000000	581.000000	212.000000	1.000000	169.000000	1.000000	1.000000	1.000000	1.000000
1.000000	1.000000	1.000000	1.000000	1.000000	1.000000	1.000000	202.000000	710.000000	1198.000000	1437.000000	1163.000000	1017.000000	175.000000	1.000000	1.000000	174.000000	1.000000	1.000000	1.000000	1.000000
1.000000	1.000000	1.000000	1.000000	1.000000	1.000000	1.000000	1.000000	1.000000	1.000000	1.000000	1.000000	1.000000	1.000000	1.000000	1.000000	1.000000	1.000000	1.000000	1.000000	1.000000
1.000000	1.000000	1.000000	1.000000	1.000000	1.000000	1.000000	1.000000	1.000000	215.000000	1.000000	1.000000	1.000000	1.000000	1.000000	1.000000	1.000000	1.000000	1.000000	1.000000	1.000000
1.000000	1.000000	1.000000	1.000000	1.000000	1.000000	1.000000	1.000000	492.000000	245.000000	243.000000	245.000000	236.000000	1.000000	1.000000	1.000000	1.000000	1.000000	1.000000	1.000000	1.000000
1.000000	1.000000	1.000000	1.000000	1.000000	1.000000	1.000000	1.000000	1.000000	1.000000	1.000000	1.000000	1.000000	1.000000	1.000000	1.000000	1.000000	1.000000	1.000000	1.000000	1.000000
1.000000	1.000000	1.000000	1.000000	1.000000	1.000000	1.000000	1.000000	1.000000	1.000000	1.000000	1.000000	1.000000	1.000000	1.000000	1.000000	1.000000	1.000000	1.000000	1.000000	1.000000
1.000000	1.000000	1.000000	1.000000	1.000000	1.000000	1.000000	1.000000	1.000000	1.000000	1.000000	1.000000	1.000000	1.000000	1.000000	1.000000	1.000000	1.000000	1.000000	1.000000	1.000000
1.000000	1.000000	1.000000	1.000000	1.000000	1.000000	1.000000	1.000000	1.000000	1.000000	1.000000	1.000000	1.000000	1.000000	1.000000	1.000000	1.000000	1.000000	1.000000	1.000000	1.000000
1.000000	1.000000	1.000000	1.000000	1.000000	1.000000	1.000000	1.000000	1.000000	1.000000	1.000000	1.000000	1.000000	1.000000	1.000000	1.000000	1.000000	1.000000	1.000000	1.000000	1.000000
1.000000	1.000000	1.000000	1.000000	1.000000	1.000000	1.000000	1.000000	1.000000	1.000000	1.000000	1.000000	1.000000	1.000000	1.000000	1.000000	1.000000	1.000000	1.000000	1.000000	1.000000
