21 25 0
1.000000	1.000000	1.000000	1.000000	1.000000	1.000000	1.000000	1.000000	1.000000	1.000000	210.000000	1.000000	1.000000	1.000000	1.000000	1.000000	1.000000	1.000000	1.000000	1.000000	1.000000
1.000000	1.000000	1.000000	1.000000	1.000000	191.000000	1.000000	1.000000	1.000000	1.000000	1.000000	192.000000	1.000000	1.000000	215.000000	434.000000	1.000000	1.000000	1.000000	423.000000	1.000000
1.000000	1.000000	1.000000	1.000000	178.000000	777.000000	418.000000	1.000000	1.000000	1.000000	175.000000	365.000000	1.000000	1.000000	1.000000	870.000000	1469.000000	1.000000	1.000000	1.000000	1.000000
1.000000	1.000000	1.000000	1.000000	1.000000	645.000000	1083.000000	800.000000	1.000000	1.000000	1.000000	1344.000000	963.000000	1.000000	1.000000	201.000000	1492.000000	1211.000000	1.000000	1.000000	1.000000
1.000000	1.000000	1.000000	1.000000	1.000000	1.000000	431.000000	842.000000	457.000000	1.000000	1.000000	606.000000	1232.000000	568.000000	1.000000	1.000000	385.000000	1405.000000	592.000000	1.000000	1.000000
1.000000	1.000000	1.000000	1.000000	1.000000	1.000000	1.000000	1.000000	177.000000	177.000000	1.000000	1.000000	1.000000	1.000000	1.000000	1.000000	1.000000	197.000000	823.000000	386.000000	1.000000
1.000000	1.000000	1.000000	1.000000	1.000000	483.000000	252.000000	1.000000	1.000000	1.000000	192.000000	1.000000	1.000000	1.000000	1.000000	1.000000	1.000000	1.000000	187.000000	208.000000	200.000000
1.000000	1.000000	1.000000	1.000000	1.000000	246.000000	209.000000	252.000000	1.000000	1.000000	1.000000	932.000000	185.000000	200.000000	256.000000	1.000000	1.000000	1.000000	189.000000	229.000000	235.000000
1.000000	1.000000	1.000000	1.000000	1.000000	1.000000	484.000000	196.000000	863.000000	1.000000	1.000000	864.000000	430.000000	888.000000	633.000000	438.000000	1.000000	1.000000	1.000000	241.000000	1.000000
1.000000	1.000000	1.000000	1.000000	228.000000	206.000000	1.000000	1.000000	1.000000	1.000000	1.000000	390.000000	1.000000	237.000000	632.000000	590.000000	1.000000	1.000000	1.000000	1.000000	1.000000
1.000000	1.000000	1.000000	1.000000	1.000000	1.000000	1.000000	1.000000	1.000000	1.000000	1.000000	218.000000	1.000000	194.000000	212.000000	167.000000	1.000000	1.000000	1.000000	1.000000	1.000000
1.000000	1.000000	1.000000	1.000000	1.000000	1.000000	1.000000	1.000000	1.000000	1.000000	463.000000	1433.000000	1.000000	1.000000	1.000000	1.000000	1.000000	1.000000	1.000000	1.000000	1.000000
1.000000	1.000000	1.000000	1.000000	1.000000	1.000000	1.000000	185.000000	1.000000	1.000000	220.000000	821.000000	189.000000	1.000000	1.000000	1.000000	1.000000	1.000000	1.000000	1.000000	1.000000
1.000000	1.000000	1.000000	1.000000	1.000000	1.000000	1.000000	614.000000	645.000000	1.000000	1.000000	1.000000	1.000000	1.000000	1.000000	176.000000	1.000000	1.000000	1.000000	1.000000	1.000000
1.000000	1.000000	1.000000	1.000000	1.000000	1.000000	1.000000	422.000000	1188.000000	1172.000000	1.000000	1.000000	180.000000	1.000000	216.000000	1.000000	1.000000	1.000000	1.000000	1.000000	1.000000
1.000000	1.000000	1.000000	1.000000	1.000000	1.000000	1.000000	1.000000	426.000000	976.000000	690.000000	437.000000	366.000000	1.000000	174.000000	1.000000	1.000000	1.000000	1.000000	1.000000	1.000000
1.000000	1.000000	1.000000	1.000000	1.000000	1.000000	1.000000	1.000000	1.000000	1.000000	1.000000	1.000000	1.000000	1.000000	1.000000	1.000000	1.000000	181.000000	212.000000	1.000000	204.000000
1.000000	1.000000	1.000000	1.000000	1.000000	176.000000	203.000000	1.000000	1.000000	1.000000	1.000000	1.000000	1.000000	1.000000	1.000000	1.000000	1.000000	1.000000	1.000000	1.000000	1.000000
1.000000	1.000000	1.000000	1.000000	1.000000	1.000000	1.000000	1.000000	1.000000	1.000000	1.000000	215.000000	1.000000	1.000000	1.000000	1.000000	1.000000	1.000000	1.000000	1.000000	1.000000
1.000000	1.000000	1.000000	1.000000	1.000000	1.000000	1.000000	1.000000	1.000000	1.000000	1.000000	1.000000	1.000000	1.000000	1.000000	1.000000	1.000000	1.000000	1.000000	1.000000	1.000000
1.000000	1.000000	1.000000	1.000000	1.000000	1.000000	1.000000	1.000000	1.000000	1.000000	1.000000	1.000000	1.000000	1.000000	1.000000	1.000000	1.000000	1.000000	1.000000	1.000000	1.000000
1.000000	1.000000	1.000000	1.000000	1.000000	1.000000	1.000000	1.000000	1.000000	1.000000	1.000000	1.000000	1.000000	1.000000	1.000000	1.000000	1.000000	1.000000	1.000000	1.000000	1.000000
1.000000	1.000000	1.000000	1.000000	1.000000	1.000000	1.000000	1.000000	1.000000	1.000000	1.000000	1.000000	1.000000	1.000000	1.000000	1.000000	1.000000	1.000000	1.000000	1.000000	1.000000
1.000000	1.000000	1.000000	1.000000	1.000000	1.000000	1.000000	1.000000	1.000000	1.000000	1.000000	1.000000	1.000000	1.000000	1.000000	1.000000	1.000000	1.000000	1.000000	1.000000	1.000000
1.000000	1.000000	1.000000	1.000000	1.000000	1.000000	1.000000	1.000000	1.000000	1.000000	1.000000	1.000000	1.000000	1.000000	1.000000	1.000000	1.000000	1.000000	1.000000	1.000000	1.000000
