21 25 0
1.000000	1.000000	1.000000	1.000000	1.000000	1.000000	188.000000	178.000000	170.000000	1.000000	214.000000	1.000000	1.000000	1.000000	178.000000	342.000000	627.000000	1.000000	1.000000	1.000000	1.000000
1.000000	1.000000	1.000000	1.000000	1.000000	1.000000	182.000000	1.000000	1.000000	1.000000	1.000000	1.000000	429.000000	424.000000	1032.000000	239.000000	1.000000	1.000000	1.000000	1.000000	1.000000
1.000000	1.000000	1.000000	1.000000	1.000000	1.000000	1.000000	1.000000	1.000000	1.000000	1.000000	431.000000	464.000000	640.000000	1.000000	1.000000	1.000000	1.000000	1.000000	1.000000	1.000000
1.000000	1.000000	1.000000	1.000000	1.000000	1.000000	1.000000	1.000000	1.000000	1.000000	1.000000	1.000000	1.000000	1.000000	1.000000	1.000000	464.000000	223.000000	187.000000	220.000000	1.000000
1.000000	1.000000	1.000000	1.000000	1.000000	1.000000	244.000000	399.000000	1.000000	1.000000	1.000000	1.000000	1.000000	238.000000	251.000000	1.000000	376.000000	217.000000	1.000000	1.000000	1.000000
1.000000	1.000000	1.000000	1.000000	1.000000	458.000000	664.000000	232.000000	1.000000	1.000000	1.000000	1.000000	658.000000	1374.000000	1346.000000	679.000000	1.000000	1.000000	1.000000	1.000000	1.000000
1.000000	1.000000	1.000000	1.000000	1.000000	238.000000	669.000000	1.000000	1.000000	219.000000	1.000000	178.000000	1651.000000	1648.000000	234.000000	1.000000	1.000000	1.000000	1.000000	1.000000	1.000000
1.000000	1.000000	1.000000	1.000000	1.000000	235.000000	257.000000	1.000000	1.000000	1.000000	1.000000	769.000000	631.000000	1.000000	1.000000	221.000000	1.000000	1.000000	206.000000	1.000000	1.000000
1.000000	1.000000	1.000000	1.000000	1.000000	493.000000	1.000000	1.000000	249.000000	1.000000	1.000000	426.000000	1.000000	1.000000	1.000000	1.000000	190.000000	1.000000	1.000000	1.000000	1.000000
1.000000	1.000000	1.000000	1.000000	1.000000	1.000000	1.000000	1.000000	1.000000	1.000000	1.000000	410.000000	1.000000	1.000000	1.000000	1.000000	1.000000	1.000000	1.000000	1.000000	199.000000
1.000000	1.000000	1.000000	1.000000	1.000000	187.000000	206.000000	1.000000	1.000000	1.000000	234.000000	221.000000	1.000000	1.000000	1.000000	1.000000	1.000000	1.000000	203.000000	378.000000	228.000000
1.000000	1.000000	1.000000	1.000000	1.000000	1.000000	1.000000	1.000000	218.000000	1.000000	195.000000	1151.000000	1.000000	1.000000	1.000000	367.000000	348.000000	342.000000	217.000000	232.000000	1.000000
1.000000	1.000000	1.000000	1.000000	1.000000	1.000000	1.000000	421.000000	1.000000	1.000000	1097.000000	1411.000000	1.000000	1.000000	1.000000	356.000000	177.000000	1.000000	187.000000	1.000000	1.000000
1.000000	1.000000	1.000000	1.000000	1.000000	1.000000	1.000000	1.000000	212.000000	703.000000	1451.000000	879.000000	1.000000	1.000000	174.000000	517.000000	1.000000	1.000000	1.000000	1.000000	1.000000
1.000000	1.000000	1.000000	1.000000	1.000000	1.000000	1.000000	1.000000	170.000000	437.000000	1.000000	1.000000	1.000000	1.000000	165.000000	1.000000	1.000000	1.000000	1.000000	1.000000	187.000000
1.000000	1.000000	1.000000	1.000000	1.000000	1.000000	1.000000	210.000000	1.000000	1.000000	1.000000	1.000000	1.000000	409.000000	545.000000	1.000000	1.000000	1.000000	1.000000	1.000000	1.000000
1.000000	1.000000	1.000000	1.000000	1.000000	1.000000	171.000000	359.000000	628.000000	218.000000	1.000000	206.000000	1114.000000	560.000000	172.000000	1.000000	1.000000	1.000000	195.000000	218.000000	1.000000
1.000000	1.000000	1.000000	1.000000	1.000000	1.000000	170.000000	393.000000	226.000000	1.000000	211.000000	1.000000	1.000000	1.000000	1.000000	1.000000	192.000000	416.000000	446.000000	1.000000	1.000000
1.000000	1.000000	1.000000	1.000000	1.000000	1.000000	1.000000	1.000000	1.000000	1.000000	1.000000	1.000000	1.000000	1.000000	1.000000	1.000000	1.000000	603.000000	200.000000	1.000000	1.000000
1.000000	1.000000	1.000000	1.000000	1.000000	1.000000	1.000000	1.000000	1.000000	1.000000	1.000000	1.000000	1.000000	1.000000	1.000000	1.000000	1.000000	1.000000	1.000000	1.000000	1.000000
1.000000	1.000000	1.000000	1.000000	1.000000	1.000000	1.000000	1.000000	1.000000	1.000000	1.000000	1.000000	1.000000	1.000000	1.000000	1.000000	1.000000	1.000000	1.000000	1.000000	1.000000
1.000000	1.000000	1.000000	1.000000	1.000000	1.000000	1.000000	1.000000	1.000000	1.000000	1.000000	1.000000	1.000000	1.000000	1.000000	1.000000	1.000000	1.000000	1.000000	1.000000	1.000000
1.000000	1.000000	1.000000	1.000000	1.000000	1.000000	1.000000	1.000000	1.000000	1.000000	1.000000	1.000000	1.000000	1.000000	1.000000	1.000000	1.000000	1.000000	1.000000	1.000000	1.000000
1.000000	1.000000	1.000000	1.000000	1.000000	1.000000	1.000000	1.000000	1.000000	1.000000	1.000000	1.000000	1.000000	1.000000	1.000000	1.000000	1.000000	1.000000	1.000000	1.000000	1.000000
1.000000	1.000000	1.000000	1.000000	1.000000	1.000000	1.000000	1.000000	1.000000	1.000000	1.000000	1.000000	1.000000	1.000000	1.000000	1.000000	1.000000	1.000000	1.000000	1.000000	1.000000
