21 25 0
1.000000	1.000000	1.000000	1.000000	1.000000	1.000000	1.000000	1.000000	170.000000	1.000000	1.000000	1.000000	1.000000	1.000000	1.000000	1.000000	1.000000	1.000000	1.000000	1.000000	1.000000
1.000000	1.000000	1.000000	1.000000	1.000000	203.000000	381.000000	1.000000	1.000000	1.000000	1.000000	1.000000	227.000000	1.000000	217.000000	778.000000	1.000000	1.000000	1.000000	197.000000	1.000000
1.000000	1.000000	1.000000	1.000000	1.000000	656.000000	425.000000	1.000000	1.000000	1.000000	1.000000	193.000000	424.000000	1.000000	1.000000	430.000000	1305.000000	1.000000	1.000000	1.000000	1.000000
1.000000	1.000000	1.000000	1.000000	1.000000	656.000000	868.000000	427.000000	1.000000	1.000000	1.000000	1.000000	164.000000	1.000000	1.000000	202.000000	1497.000000	1191.000000	1.000000	1.000000	1.000000
1.000000	1.000000	1.000000	1.000000	1.000000	1.000000	702.000000	238.000000	1.000000	1.000000	1.000000	1.000000	1.000000	471.000000	1.000000	1.000000	643.000000	1203.000000	760.000000	190.000000	1.000000
1.000000	1.000000	1.000000	1.000000	1.000000	223.000000	412.000000	238.000000	1.000000	1.000000	1.000000	1.000000	1.000000	940.000000	1.000000	234.000000	1.000000	783.000000	786.000000	191.000000	1.000000
1.000000	1.000000	1.000000	1.000000	1.000000	436.000000	666.000000	1.000000	1.000000	1.000000	192.000000	623.000000	567.000000	242.000000	1.000000	1.000000	1.000000	202.000000	193.000000	221.000000	206.000000
1.000000	1.000000	1.000000	1.000000	1.000000	451.000000	452.000000	1.000000	1.000000	1.000000	222.000000	1899.000000	213.000000	1.000000	1.000000	1.000000	1.000000	1.000000	193.000000	222.000000	206.000000
1.000000	1.000000	1.000000	1.000000	1.000000	245.000000	1.000000	1.000000	1307.000000	1.000000	212.000000	1955.000000	1.000000	209.000000	209.000000	1.000000	201.000000	1.000000	1.000000	231.000000	186.000000
1.000000	1.000000	1.000000	1.000000	208.000000	1.000000	238.000000	1.000000	1010.000000	1.000000	1.000000	1715.000000	1.000000	635.000000	1.000000	1.000000	190.000000	1.000000	1.000000	199.000000	199.000000
1.000000	1.000000	1.000000	1.000000	209.000000	1.000000	1.000000	1.000000	807.000000	1.000000	617.000000	1141.000000	1.000000	209.000000	172.000000	174.000000	183.000000	1.000000	1.000000	200.000000	199.000000
1.000000	1.000000	1.000000	1.000000	1.000000	216.000000	1.000000	379.000000	414.000000	1.000000	851.000000	1383.000000	1.000000	1.000000	1.000000	724.000000	175.000000	1.000000	1.000000	204.000000	181.000000
1.000000	1.000000	1.000000	1.000000	1.000000	1.000000	1.000000	770.000000	409.000000	1.000000	720.000000	1400.000000	1.000000	1.000000	179.000000	892.000000	175.000000	1.000000	187.000000	235.000000	1.000000
1.000000	1.000000	1.000000	1.000000	1.000000	1.000000	1.000000	360.000000	858.000000	204.000000	506.000000	1048.000000	1.000000	1.000000	354.000000	1070.000000	170.000000	1.000000	188.000000	1.000000	1.000000
1.000000	1.000000	1.000000	1.000000	1.000000	1.000000	1.000000	1.000000	988.000000	480.000000	254.000000	1.000000	1.000000	1.000000	349.000000	343.000000	1.000000	186.000000	1.000000	1.000000	204.000000
1.000000	1.000000	1.000000	1.000000	1.000000	202.000000	1.000000	1.000000	203.000000	639.000000	1.000000	1.000000	1.000000	1.000000	188.000000	177.000000	1.000000	181.000000	1.000000	241.000000	205.000000
1.000000	1.000000	1.000000	1.000000	1.000000	1.000000	1.000000	188.000000	1.000000	1.000000	249.000000	1.000000	1.000000	1.000000	179.000000	1.000000	1.000000	182.000000	386.000000	219.000000	1.000000
1.000000	1.000000	1.000000	1.000000	1.000000	193.000000	203.000000	177.000000	1.000000	1.000000	222.000000	229.000000	1.000000	1.000000	1.000000	1.000000	225.000000	642.000000	426.000000	192.000000	1.000000
1.000000	1.000000	1.000000	1.000000	1.000000	1.000000	1.000000	178.000000	1.000000	1.000000	1.000000	1.000000	1.000000	1.000000	1.000000	1.000000	1.000000	411.000000	198.000000	1.000000	1.000000
1.000000	1.000000	1.000000	1.000000	1.000000	1.000000	1.000000	1.000000	1.000000	1.000000	1.000000	1.000000	1.000000	1.000000	1.000000	1.000000	1.000000	1.000000	1.000000	1.000000	1.000000
1.000000	1.000000	1.000000	1.000000	1.000000	1.000000	1.000000	1.000000	1.000000	1.000000	1.000000	1.000000	1.000000	1.000000	1.000000	1.000000	1.000000	1.000000	1.000000	1.000000	1.000000
1.000000	1.000000	1.000000	1.000000	1.000000	1.000000	1.000000	1.000000	1.000000	1.000000	1.000000	1.000000	1.000000	1.000000	1.000000	1.000000	1.000000	1.000000	1.000000	1.000000	1.000000
1.000000	1.000000	1.000000	1.000000	1.000000	1.000000	1.000000	1.000000	1.000000	1.000000	1.000000	1.000000	1.000000	1.000000	1.000000	1.000000	1.000000	1.000000	1.000000	1.000000	1.000000
1.000000	1.000000	1.000000	1.000000	1.000000	1.000000	1.000000	1.000000	1.000000	1.000000	1.000000	1.000000	1.000000	1.000000	1.000000	1.000000	1.000000	1.000000	1.000000	1.000000	1.000000
1.000000	1.000000	1.000000	1.000000	1.000000	1.000000	1.000000	1.000000	1.000000	1.000000	1.000000	1.000000	1.000000	1.000000	1.000000	1.000000	1.000000	1.000000	1.000000	1.000000	1.000000
