21 25 0
1.000000	1.000000	1.000000	1.000000	1.000000	1.000000	1.000000	1.000000	1.000000	1.000000	1.000000	203.000000	378.000000	187.000000	183.000000	1.000000	1.000000	1.000000	1.000000	1.000000	1.000000
1.000000	1.000000	1.000000	1.000000	1.000000	1.000000	1.000000	1.000000	1.000000	1.000000	1.000000	1.000000	1.000000	1.000000	172.000000	171.000000	370.000000	232.000000	1.000000	1.000000	1.000000
1.000000	1.000000	1.000000	213.000000	387.000000	176.000000	619.000000	992.000000	581.000000	766.000000	765.000000	169.000000	1.000000	1.000000	426.000000	929.000000	982.000000	645.000000	414.000000	207.000000	1.000000
1.000000	1.000000	1.000000	1.000000	1.000000	1.000000	1.000000	374.000000	178.000000	363.000000	371.000000	727.000000	554.000000	368.000000	357.000000	577.000000	221.000000	191.000000	191.000000	1.000000	212.000000
1.000000	1.000000	1.000000	1.000000	1.000000	1.000000	1.000000	1.000000	1.000000	1.000000	1.000000	1.000000	1.000000	1.000000	1.000000	1.000000	1.000000	1.000000	1.000000	1.000000	177.000000
1.000000	1.000000	1.000000	200.000000	248.000000	253.000000	416.000000	640.000000	418.000000	180.000000	346.000000	172.000000	191.000000	195.000000	493.000000	474.000000	418.000000	212.000000	1.000000	1.000000	1.000000
1.000000	1.000000	1.000000	211.000000	938.000000	1472.000000	1620.000000	1598.000000	1767.000000	1462.000000	1151.000000	928.000000	1305.000000	1573.000000	1644.000000	1603.000000	1326.000000	887.000000	468.000000	1.000000	1.000000
1.000000	1.000000	1.000000	1.000000	704.000000	961.000000	937.000000	914.000000	892.000000	636.000000	1.000000	1.000000	686.000000	1202.000000	1399.000000	1148.000000	1017.000000	637.000000	437.000000	192.000000	1.000000
1.000000	1.000000	1.000000	1.000000	1.000000	1.000000	1.000000	1.000000	1.000000	1.000000	1.000000	1.000000	1.000000	1.000000	1.000000	177.000000	181.000000	1.000000	1.000000	1.000000	1.000000
1.000000	1.000000	1.000000	1.000000	1.000000	1.000000	1.000000	1.000000	1.000000	1.000000	1.000000	1.000000	1.000000	1.000000	1.000000	1.000000	1.000000	1.000000	1.000000	1.000000	1.000000
1.000000	1.000000	1.000000	1.000000	197.000000	1.000000	1.000000	1.000000	1.000000	1.000000	1.000000	1.000000	1.000000	1.000000	1.000000	1.000000	213.000000	360.000000	170.000000	1.000000	1.000000
1.000000	1.000000	1.000000	1.000000	389.000000	188.000000	588.000000	1033.000000	424.000000	1.000000	1.000000	1.000000	1.000000	818.000000	784.000000	176.000000	381.000000	553.000000	209.000000	1.000000	1.000000
1.000000	1.000000	1.000000	1.000000	1.000000	180.000000	781.000000	871.000000	837.000000	1417.000000	1217.000000	1410.000000	1358.000000	778.000000	581.000000	349.000000	1.000000	1.000000	1.000000	1.000000	1.000000
1.000000	1.000000	1.000000	1.000000	1.000000	1.000000	1.000000	1.000000	1.000000	999.000000	1376.000000	972.000000	454.000000	1.000000	1.000000	1.000000	1.000000	1.000000	1.000000	1.000000	1.000000
1.000000	1.000000	1.000000	1.000000	1.000000	1.000000	202.000000	381.000000	384.000000	1.000000	1.000000	1.000000	1.000000	407.000000	473.000000	197.000000	1.000000	1.000000	1.000000	1.000000	1.000000
1.000000	1.000000	1.000000	1.000000	1.000000	1.000000	587.000000	1334.000000	1433.000000	1105.000000	405.000000	660.000000	1416.000000	1787.000000	813.000000	1.000000	1.000000	1.000000	1.000000	1.000000	1.000000
1.000000	1.000000	1.000000	1.000000	1.000000	1.000000	1.000000	210.000000	710.000000	501.000000	643.000000	470.000000	208.000000	207.000000	1.000000	1.000000	1.000000	1.000000	1.000000	1.000000	1.000000
1.000000	1.000000	1.000000	1.000000	1.000000	1.000000	1.000000	1.000000	1.000000	1.000000	1.000000	1.000000	1.000000	1.000000	1.000000	1.000000	192.000000	1.000000	1.000000	1.000000	1.000000
1.000000	1.000000	1.000000	1.000000	1.000000	1.000000	1.000000	1.000000	1.000000	1.000000	1.000000	1.000000	1.000000	1.000000	1.000000	1.000000	1.000000	1.000000	1.000000	1.000000	1.000000
1.000000	1.000000	1.000000	1.000000	1.000000	1.000000	1.000000	1.000000	1.000000	1.000000	1.000000	1.000000	1.000000	1.000000	1.000000	1.000000	1.000000	1.000000	1.000000	1.000000	1.000000
1.000000	1.000000	1.000000	1.000000	1.000000	1.000000	1.000000	1.000000	1.000000	1.000000	1.000000	1.000000	1.000000	1.000000	1.000000	1.000000	1.000000	1.000000	1.000000	1.000000	1.000000
1.000000	1.000000	1.000000	1.000000	1.000000	1.000000	1.000000	1.000000	1.000000	1.000000	1.000000	1.000000	1.000000	1.000000	1.000000	1.000000	1.000000	1.000000	1.000000	1.000000	1.000000
1.000000	1.000000	1.000000	1.000000	1.000000	1.000000	1.000000	1.000000	1.000000	1.000000	1.000000	1.000000	1.000000	1.000000	1.000000	1.000000	1.000000	1.000000	1.000000	1.000000	1.000000
1.000000	1.000000	1.000000	1.000000	1.000000	1.000000	1.000000	1.000000	1.000000	1.000000	1.000000	1.000000	1.000000	1.000000	1.000000	1.000000	1.000000	1.000000	1.000000	1.000000	1.000000
1.000000	1.000000	1.000000	1.000000	1.000000	1.000000	1.000000	1.000000	1.000000	1.000000	1.000000	1.000000	1.000000	1.000000	1.000000	1.000000	1.000000	1.000000	1.000000	1.000000	1.000000
