21 25 0
1.000000	1.000000	1.000000	228.000000	227.000000	571.000000	984.000000	1001.000000	764.000000	391.000000	360.000000	174.000000	351.000000	374.000000	590.000000	603.000000	1003.000000	828.000000	407.000000	206.000000	1.000000
1.000000	1.000000	1.000000	192.000000	207.000000	564.000000	560.000000	384.000000	370.000000	560.000000	714.000000	534.000000	720.000000	361.000000	375.000000	794.000000	628.000000	397.000000	212.000000	211.000000	167.000000
1.000000	1.000000	1.000000	1.000000	1.000000	1.000000	1.000000	1.000000	1.000000	1.000000	1.000000	1.000000	1.000000	1.000000	1.000000	1.000000	189.000000	1.000000	1.000000	1.000000	1.000000
1.000000	1.000000	1.000000	1.000000	1.000000	1.000000	1.000000	359.000000	1.000000	1.000000	172.000000	1.000000	1.000000	178.000000	171.000000	178.000000	182.000000	1.000000	1.000000	1.000000	1.000000
1.000000	1.000000	1.000000	1.000000	215.000000	492.000000	676.000000	1422.000000	1255.000000	1192.000000	1126.000000	901.000000	699.000000	1302.000000	1306.000000	839.000000	622.000000	526.000000	1.000000	1.000000	1.000000
1.000000	1.000000	1.000000	1.000000	475.000000	729.000000	457.000000	396.000000	401.000000	585.000000	561.000000	205.000000	567.000000	871.000000	896.000000	484.000000	217.000000	170.000000	407.000000	210.000000	192.000000
1.000000	1.000000	1.000000	1.000000	1.000000	1.000000	1.000000	1.000000	1.000000	1.000000	1.000000	1.000000	1.000000	1.000000	1.000000	1.000000	1.000000	1.000000	1.000000	1.000000	1.000000
1.000000	1.000000	1.000000	195.000000	247.000000	195.000000	194.000000	244.000000	194.000000	1.000000	1.000000	1.000000	1.000000	216.000000	491.000000	473.000000	1.000000	1.000000	1.000000	1.000000	1.000000
1.000000	1.000000	1.000000	1.000000	680.000000	814.000000	439.000000	902.000000	856.000000	900.000000	703.000000	399.000000	649.000000	1119.000000	1178.000000	1130.000000	800.000000	870.000000	466.000000	175.000000	1.000000
1.000000	1.000000	1.000000	1.000000	643.000000	1110.000000	1217.000000	1276.000000	1661.000000	1267.000000	241.000000	1.000000	419.000000	1353.000000	1366.000000	1453.000000	981.000000	594.000000	220.000000	1.000000	1.000000
1.000000	1.000000	1.000000	1.000000	413.000000	578.000000	967.000000	1162.000000	559.000000	203.000000	1.000000	1.000000	1.000000	363.000000	554.000000	361.000000	392.000000	176.000000	1.000000	1.000000	1.000000
1.000000	1.000000	1.000000	1.000000	1.000000	1.000000	1.000000	1.000000	1.000000	1.000000	212.000000	440.000000	1.000000	1.000000	1.000000	1.000000	1.000000	1.000000	1.000000	1.000000	1.000000
1.000000	1.000000	1.000000	1.000000	1.000000	1.000000	1.000000	1.000000	1.000000	1.000000	1.000000	1.000000	1.000000	1.000000	1.000000	1.000000	1.000000	1.000000	1.000000	1.000000	1.000000
1.000000	1.000000	1.000000	1.000000	1.000000	173.000000	605.000000	1089.000000	947.000000	254.000000	1.000000	1.000000	208.000000	844.000000	793.000000	356.000000	1.000000	1.000000	1.000000	1.000000	1.000000
1.000000	1.000000	1.000000	1.000000	1.000000	1.000000	181.000000	1053.000000	1183.000000	1427.000000	1491.000000	1399.000000	1632.000000	1203.000000	530.000000	1.000000	1.000000	1.000000	1.000000	1.000000	1.000000
1.000000	1.000000	1.000000	1.000000	1.000000	1.000000	1.000000	1.000000	1.000000	240.000000	1.000000	1.000000	1.000000	1.000000	1.000000	1.000000	1.000000	1.000000	1.000000	1.000000	1.000000
1.000000	1.000000	1.000000	1.000000	1.000000	1.000000	174.000000	661.000000	707.000000	497.000000	243.000000	243.000000	219.000000	248.000000	658.000000	1.000000	1.000000	1.000000	1.000000	1.000000	1.000000
1.000000	1.000000	1.000000	1.000000	1.000000	1.000000	186.000000	200.000000	502.000000	256.000000	1.000000	1.000000	1.000000	1.000000	1.000000	1.000000	1.000000	1.000000	1.000000	1.000000	1.000000
1.000000	1.000000	1.000000	1.000000	1.000000	1.000000	1.000000	1.000000	1.000000	1.000000	1.000000	1.000000	1.000000	1.000000	1.000000	1.000000	1.000000	1.000000	1.000000	1.000000	1.000000
1.000000	1.000000	1.000000	1.000000	1.000000	1.000000	1.000000	1.000000	1.000000	1.000000	1.000000	1.000000	1.000000	1.000000	1.000000	1.000000	1.000000	1.000000	1.000000	1.000000	1.000000
1.000000	1.000000	1.000000	1.000000	1.000000	1.000000	1.000000	1.000000	1.000000	1.000000	1.000000	1.000000	1.000000	1.000000	1.000000	1.000000	1.000000	1.000000	1.000000	1.000000	1.000000
1.000000	1.000000	1.000000	1.000000	1.000000	1.000000	1.000000	1.000000	1.000000	1.000000	1.000000	1.000000	1.000000	1.000000	1.000000	1.000000	1.000000	1.000000	1.000000	1.000000	1.000000
1.000000	1.000000	1.000000	1.000000	1.000000	1.000000	1.000000	1.000000	1.000000	1.000000	1.000000	1.000000	1.000000	1.000000	1.000000	1.000000	1.000000	1.000000	1.000000	1.000000	1.000000
1.000000	1.000000	1.000000	1.000000	1.000000	1.000000	1.000000	1.000000	1.000000	1.000000	1.000000	1.000000	1.000000	1.000000	1.000000	1.000000	1.000000	1.000000	1.000000	1.000000	1.000000
1.000000	1.000000	1.000000	1.000000	1.000000	1.000000	1.000000	1.000000	1.000000	1.000000	1.000000	1.000000	1.000000	1.000000	1.000000	1.000000	1.000000	1.000000	1.000000	1.000000	1.000000
