21 25 0
1.000000	1.000000	1.000000	1.000000	1.000000	451.000000	707.000000	699.000000	702.000000	446.000000	430.000000	241.000000	245.000000	245.000000	236.000000	488.000000	703.000000	459.000000	1.000000	1.000000	1.000000
1.000000	1.000000	1.000000	1.000000	206.000000	256.000000	758.000000	721.000000	257.000000	257.000000	1.000000	1.000000	1.000000	1.000000	1.000000	1.000000	1.000000	1.000000	1.000000	1.000000	1.000000
1.000000	1.000000	1.000000	1.000000	189.000000	236.000000	387.000000	207.000000	176.000000	1.000000	1.000000	1.000000	1.000000	1.000000	191.000000	196.000000	186.000000	1.000000	1.000000	1.000000	1.000000
1.000000	1.000000	1.000000	1.000000	1.000000	1.000000	201.000000	1.000000	1.000000	1.000000	381.000000	184.000000	1.000000	185.000000	1.000000	1.000000	1.000000	1.000000	1.000000	1.000000	1.000000
1.000000	1.000000	1.000000	1.000000	1.000000	453.000000	886.000000	455.000000	203.000000	1.000000	202.000000	191.000000	1.000000	1.000000	1.000000	203.000000	1.000000	1.000000	1.000000	1.000000	1.000000
1.000000	1.000000	1.000000	1.000000	202.000000	461.000000	465.000000	1.000000	1.000000	213.000000	1.000000	192.000000	218.000000	817.000000	867.000000	448.000000	210.000000	1.000000	1.000000	1.000000	1.000000
1.000000	1.000000	1.000000	1.000000	209.000000	242.000000	242.000000	1.000000	1.000000	406.000000	632.000000	205.000000	1.000000	1.000000	199.000000	1.000000	1.000000	1.000000	1.000000	1.000000	1.000000
1.000000	1.000000	1.000000	193.000000	200.000000	408.000000	383.000000	449.000000	224.000000	1.000000	228.000000	1.000000	1.000000	1.000000	1.000000	1.000000	1.000000	1.000000	1.000000	1.000000	1.000000
1.000000	1.000000	1.000000	1.000000	214.000000	1290.000000	1569.000000	1349.000000	1.000000	1.000000	211.000000	211.000000	216.000000	836.000000	858.000000	411.000000	1.000000	1.000000	1.000000	1.000000	1.000000
1.000000	1.000000	1.000000	1.000000	1.000000	423.000000	895.000000	937.000000	713.000000	656.000000	234.000000	1.000000	212.000000	456.000000	636.000000	193.000000	1.000000	1.000000	1.000000	1.000000	1.000000
1.000000	1.000000	1.000000	1.000000	1.000000	228.000000	226.000000	1.000000	215.000000	694.000000	1.000000	1.000000	1.000000	1.000000	195.000000	195.000000	199.000000	1.000000	1.000000	1.000000	1.000000
1.000000	1.000000	1.000000	1.000000	1.000000	203.000000	1.000000	1.000000	198.000000	408.000000	197.000000	1.000000	457.000000	226.000000	199.000000	199.000000	191.000000	1.000000	1.000000	1.000000	1.000000
1.000000	1.000000	1.000000	1.000000	1.000000	1.000000	1.000000	194.000000	203.000000	1.000000	249.000000	1.000000	234.000000	1.000000	1.000000	1.000000	1.000000	1.000000	1.000000	1.000000	1.000000
1.000000	1.000000	1.000000	1.000000	1.000000	1.000000	416.000000	401.000000	206.000000	207.000000	204.000000	1.000000	1.000000	1.000000	220.000000	1.000000	1.000000	1.000000	1.000000	1.000000	1.000000
1.000000	1.000000	1.000000	1.000000	197.000000	381.000000	640.000000	669.000000	645.000000	473.000000	690.000000	676.000000	425.000000	448.000000	672.000000	420.000000	1.000000	1.000000	1.000000	1.000000	1.000000
1.000000	1.000000	1.000000	1.000000	202.000000	192.000000	1.000000	1.000000	1.000000	724.000000	247.000000	194.000000	207.000000	212.000000	212.000000	1.000000	1.000000	1.000000	1.000000	1.000000	1.000000
1.000000	1.000000	1.000000	1.000000	1.000000	1.000000	657.000000	1.000000	1.000000	1.000000	408.000000	197.000000	1.000000	1.000000	1.000000	1.000000	1.000000	1.000000	1.000000	1.000000	1.000000
1.000000	1.000000	1.000000	1.000000	238.000000	238.000000	250.000000	1081.000000	677.000000	678.000000	202.000000	249.000000	722.000000	913.000000	631.000000	197.000000	1.000000	1.000000	1.000000	1.000000	1.000000
1.000000	1.000000	1.000000	1.000000	1.000000	1.000000	1.000000	1.000000	1.000000	230.000000	1.000000	1.000000	1.000000	1.000000	1.000000	1.000000	1.000000	1.000000	1.000000	1.000000	1.000000
1.000000	1.000000	1.000000	1.000000	1.000000	1.000000	1.000000	1.000000	1.000000	1.000000	1.000000	1.000000	1.000000	1.000000	1.000000	1.000000	1.000000	1.000000	1.000000	1.000000	1.000000
1.000000	1.000000	1.000000	1.000000	1.000000	1.000000	1.000000	1.000000	1.000000	1.000000	1.000000	1.000000	1.000000	1.000000	1.000000	1.000000	1.000000	1.000000	1.000000	1.000000	1.000000
1.000000	1.000000	1.000000	1.000000	1.000000	1.000000	1.000000	1.000000	1.000000	1.000000	1.000000	1.000000	1.000000	1.000000	1.000000	1.000000	1.000000	1.000000	1.000000	1.000000	1.000000
1.000000	1.000000	1.000000	1.000000	1.000000	1.000000	1.000000	1.000000	1.000000	1.000000	1.000000	1.000000	1.000000	1.000000	1.000000	1.000000	1.000000	1.000000	1.000000	1.000000	1.000000
1.000000	1.000000	1.000000	1.000000	1.000000	1.000000	1.000000	1.000000	1.000000	1.000000	1.000000	1.000000	1.000000	1.000000	1.000000	1.000000	1.000000	1.000000	1.000000	1.000000	1.000000
1.000000	1.000000	1.000000	1.000000	1.000000	1.000000	1.000000	1.000000	1.000000	1.000000	1.000000	1.000000	1.000000	1.000000	1.000000	1.000000	1.000000	1.000000	1.000000	1.000000	1.000000
