21 25 0
1.000000	1.000000	1.000000	1.000000	1.000000	1.000000	1.000000	1.000000	1.000000	1.000000	1.000000	1.000000	1.000000	1.000000	1.000000	1.000000	1.000000	1.000000	1.000000	1.000000	1.000000
1.000000	1.000000	1.000000	1.000000	1.000000	1.000000	1.000000	1.000000	1.000000	1.000000	1.000000	1.000000	224.000000	1.000000	1.000000	1.000000	1.000000	1.000000	1.000000	1.000000	1.000000
1.000000	1.000000	1.000000	1.000000	1.000000	1.000000	1.000000	1.000000	1.000000	1.000000	1.000000	1.000000	1.000000	1.000000	1.000000	1.000000	1.000000	1.000000	1.000000	1.000000	1.000000
1.000000	1.000000	1.000000	1.000000	196.000000	1.000000	1.000000	1.000000	1.000000	1.000000	1.000000	1.000000	1.000000	1.000000	1.000000	1.000000	1.000000	1.000000	1.000000	1.000000	1.000000
1.000000	1.000000	1.000000	225.000000	610.000000	190.000000	1.000000	1.000000	1.000000	1.000000	1.000000	1.000000	1.000000	204.000000	1.000000	1.000000	1.000000	1.000000	1.000000	1.000000	1.000000
1.000000	1.000000	1.000000	439.000000	204.000000	377.000000	1.000000	1.000000	1.000000	1.000000	1.000000	1.000000	1.000000	1.000000	1.000000	1.000000	1.000000	1.000000	1.000000	1.000000	1.000000
1.000000	1.000000	226.000000	1.000000	1.000000	1.000000	1.000000	1.000000	1.000000	1.000000	204.000000	227.000000	1.000000	1.000000	1.000000	1.000000	1.000000	1.000000	1.000000	1.000000	1.000000
1.000000	1.000000	1.000000	1.000000	1.000000	744.000000	1.000000	209.000000	1.000000	1.000000	1066.000000	1231.000000	198.000000	1.000000	1.000000	1.000000	1.000000	1.000000	1.000000	1.000000	1.000000
1.000000	200.000000	1.000000	1.000000	192.000000	1249.000000	1.000000	1.000000	1.000000	1.000000	1222.000000	618.000000	198.000000	1.000000	1.000000	1.000000	1.000000	1.000000	1.000000	1.000000	1.000000
1.000000	201.000000	1.000000	1.000000	1.000000	436.000000	1.000000	1.000000	1.000000	401.000000	745.000000	241.000000	1.000000	1.000000	1.000000	1.000000	1.000000	1.000000	1.000000	1.000000	1.000000
239.000000	1.000000	1.000000	1.000000	1.000000	1.000000	1.000000	1.000000	1.000000	405.000000	553.000000	219.000000	1.000000	1.000000	1.000000	1.000000	1.000000	1.000000	1.000000	1.000000	1.000000
243.000000	1.000000	1.000000	1.000000	1.000000	1.000000	1.000000	1.000000	1.000000	405.000000	1.000000	1.000000	1.000000	1.000000	1.000000	1.000000	1.000000	1.000000	1.000000	1.000000	1.000000
1.000000	1.000000	1.000000	1.000000	1.000000	1.000000	195.000000	207.000000	1.000000	597.000000	1.000000	224.000000	199.000000	1.000000	1.000000	1.000000	1.000000	1.000000	1.000000	1.000000	1.000000
1.000000	1.000000	1.000000	1.000000	184.000000	187.000000	197.000000	1.000000	1.000000	616.000000	1.000000	1.000000	1.000000	1.000000	1.000000	1.000000	1.000000	1.000000	1.000000	1.000000	1.000000
1.000000	1.000000	1.000000	1.000000	398.000000	602.000000	1.000000	1.000000	1.000000	701.000000	236.000000	1.000000	1.000000	600.000000	187.000000	213.000000	1.000000	1.000000	1.000000	1.000000	1.000000
1.000000	1.000000	1.000000	1.000000	378.000000	600.000000	1.000000	1.000000	209.000000	452.000000	200.000000	1.000000	211.000000	195.000000	411.000000	209.000000	1.000000	1.000000	1.000000	1.000000	1.000000
1.000000	221.000000	1.000000	1.000000	181.000000	178.000000	1.000000	490.000000	217.000000	1.000000	1.000000	482.000000	502.000000	1.000000	415.000000	1.000000	1.000000	1.000000	1.000000	1.000000	1.000000
1.000000	221.000000	1.000000	225.000000	468.000000	178.000000	1.000000	1.000000	397.000000	1.000000	229.000000	451.000000	247.000000	1.000000	1.000000	1.000000	1.000000	1.000000	1.000000	1.000000	1.000000
1.000000	1.000000	1.000000	428.000000	593.000000	195.000000	1.000000	1.000000	176.000000	189.000000	1.000000	1.000000	1.000000	1.000000	1.000000	1.000000	1.000000	1.000000	1.000000	1.000000	1.000000
1.000000	1.000000	1.000000	1.000000	396.000000	195.000000	1.000000	1.000000	245.000000	824.000000	1.000000	1.000000	1.000000	1.000000	1.000000	187.000000	199.000000	1.000000	1.000000	1.000000	1.000000
1.000000	1.000000	1.000000	1.000000	1.000000	1.000000	1.000000	1.000000	1.000000	1.000000	1.000000	1.000000	1.000000	1.000000	1.000000	187.000000	1.000000	1.000000	1.000000	1.000000	1.000000
1.000000	1.000000	1.000000	1.000000	1.000000	1.000000	1.000000	1.000000	1.000000	1.000000	1.000000	1.000000	1.000000	1.000000	1.000000	1.000000	1.000000	1.000000	1.000000	1.000000	1.000000
1.000000	1.000000	1.000000	1.000000	1.000000	1.000000	1.000000	1.000000	1.000000	1.000000	1.000000	1.000000	1.000000	1.000000	1.000000	1.000000	1.000000	1.000000	1.000000	1.000000	1.000000
1.000000	1.000000	1.000000	1.000000	1.000000	1.000000	1.000000	1.000000	1.000000	1.000000	1.000000	1.000000	1.000000	1.000000	1.000000	1.000000	1.000000	1.000000	1.000000	1.000000	1.000000
1.000000	1.000000	1.000000	1.000000	1.000000	1.000000	1.000000	1.000000	1.000000	1.000000	1.000000	1.000000	1.000000	1.000000	1.000000	1.000000	1.000000	1.000000	1.000000	1.000000	1.000000
