21 25 0
1.000000	1.000000	1.000000	1.000000	1.000000	1.000000	1.000000	1.000000	1.000000	1.000000	1.000000	1.000000	1.000000	1.000000	1.000000	1.000000	1.000000	1.000000	1.000000	1.000000	1.000000
1.000000	1.000000	1.000000	232.000000	245.000000	429.000000	244.000000	225.000000	1.000000	1.000000	1.000000	1.000000	208.000000	1.000000	1.000000	1.000000	1.000000	1.000000	1.000000	1.000000	1.000000
1.000000	1.000000	192.000000	453.000000	655.000000	245.000000	1.000000	190.000000	1.000000	1.000000	1.000000	1.000000	1.000000	1.000000	1.000000	184.000000	1.000000	1.000000	1.000000	1.000000	1.000000
1.000000	1.000000	208.000000	1.000000	1.000000	1.000000	429.000000	206.000000	1.000000	1.000000	1.000000	1.000000	183.000000	620.000000	785.000000	210.000000	1.000000	1.000000	1.000000	1.000000	1.000000
1.000000	220.000000	1.000000	1.000000	1.000000	1.000000	1.000000	1.000000	1.000000	1.000000	1.000000	1.000000	412.000000	184.000000	1.000000	1.000000	1.000000	1.000000	1.000000	1.000000	1.000000
1.000000	1.000000	1.000000	1.000000	229.000000	652.000000	660.000000	681.000000	210.000000	1.000000	1.000000	1.000000	1.000000	1.000000	710.000000	485.000000	234.000000	199.000000	1.000000	1.000000	1.000000
1.000000	1.000000	1.000000	1.000000	429.000000	1144.000000	1157.000000	1115.000000	1.000000	183.000000	562.000000	1.000000	204.000000	475.000000	1407.000000	939.000000	723.000000	213.000000	1.000000	1.000000	1.000000
1.000000	1.000000	1.000000	1.000000	1.000000	1.000000	1.000000	1.000000	1.000000	1.000000	1.000000	1.000000	1.000000	238.000000	1.000000	1.000000	1.000000	1.000000	1.000000	1.000000	1.000000
1.000000	1.000000	1.000000	1.000000	220.000000	422.000000	444.000000	577.000000	180.000000	1.000000	1.000000	1.000000	1.000000	381.000000	608.000000	613.000000	1.000000	1.000000	1.000000	1.000000	1.000000
1.000000	1.000000	1.000000	1.000000	434.000000	1803.000000	1643.000000	1431.000000	616.000000	200.000000	184.000000	567.000000	824.000000	590.000000	1118.000000	1223.000000	695.000000	250.000000	1.000000	1.000000	1.000000
1.000000	1.000000	1.000000	1.000000	1.000000	231.000000	241.000000	609.000000	417.000000	1043.000000	804.000000	190.000000	1.000000	219.000000	437.000000	458.000000	1.000000	1.000000	1.000000	1.000000	1.000000
1.000000	1.000000	1.000000	1.000000	1.000000	1.000000	1.000000	1.000000	1.000000	472.000000	1.000000	1.000000	1.000000	1.000000	1.000000	1.000000	1.000000	1.000000	1.000000	1.000000	1.000000
1.000000	1.000000	1.000000	1.000000	1.000000	1.000000	1.000000	1.000000	1.000000	1.000000	1.000000	1.000000	1.000000	1.000000	1.000000	1.000000	1.000000	1.000000	1.000000	1.000000	1.000000
1.000000	1.000000	1.000000	1.000000	1.000000	1.000000	1.000000	1.000000	1207.000000	734.000000	697.000000	668.000000	679.000000	237.000000	1.000000	1.000000	1.000000	1.000000	1.000000	1.000000	1.000000
216.000000	1.000000	1.000000	1.000000	1.000000	1.000000	210.000000	1801.000000	1628.000000	1160.000000	1172.000000	1373.000000	1310.000000	668.000000	405.000000	187.000000	1.000000	1.000000	1.000000	1.000000	1.000000
1.000000	1.000000	1.000000	1.000000	193.000000	369.000000	468.000000	222.000000	219.000000	1.000000	191.000000	444.000000	466.000000	438.000000	583.000000	373.000000	1.000000	1.000000	1.000000	1.000000	1.000000
1.000000	1.000000	1.000000	1.000000	1.000000	1.000000	1.000000	1.000000	232.000000	249.000000	442.000000	200.000000	243.000000	237.000000	1.000000	1.000000	360.000000	1.000000	1.000000	1.000000	1.000000
1.000000	1.000000	1.000000	1.000000	1.000000	1.000000	426.000000	1436.000000	1430.000000	858.000000	432.000000	821.000000	458.000000	457.000000	236.000000	1.000000	1.000000	1.000000	1.000000	1.000000	1.000000
1.000000	1.000000	1.000000	1.000000	1.000000	194.000000	783.000000	649.000000	189.000000	247.000000	255.000000	236.000000	215.000000	592.000000	431.000000	1.000000	1.000000	1.000000	1.000000	1.000000	1.000000
1.000000	1.000000	1.000000	1.000000	1.000000	1.000000	1.000000	1.000000	1.000000	1.000000	1.000000	1.000000	1.000000	1.000000	1.000000	1.000000	1.000000	1.000000	1.000000	1.000000	1.000000
1.000000	1.000000	1.000000	1.000000	1.000000	1.000000	1.000000	1.000000	1.000000	1.000000	208.000000	219.000000	1.000000	1.000000	1.000000	1.000000	1.000000	1.000000	1.000000	1.000000	1.000000
1.000000	1.000000	1.000000	1.000000	1.000000	1.000000	1.000000	1.000000	1.000000	1.000000	1.000000	1.000000	1.000000	1.000000	1.000000	1.000000	1.000000	1.000000	1.000000	1.000000	1.000000
1.000000	1.000000	1.000000	1.000000	1.000000	1.000000	1.000000	1.000000	1.000000	1.000000	1.000000	1.000000	1.000000	1.000000	1.000000	1.000000	1.000000	1.000000	1.000000	1.000000	1.000000
1.000000	1.000000	1.000000	1.000000	1.000000	1.000000	1.000000	1.000000	1.000000	1.000000	1.000000	1.000000	1.000000	1.000000	1.000000	1.000000	1.000000	1.000000	1.000000	1.000000	1.000000
1.000000	1.000000	1.000000	1.000000	1.000000	1.000000	1.000000	1.000000	1.000000	1.000000	1.000000	1.000000	1.000000	1.000000	1.000000	1.000000	1.000000	1.000000	1.000000	1.000000	1.000000
