21 25 0
1.000000	1.000000	1.000000	1.000000	1.000000	166.000000	200.000000	575.000000	186.000000	172.000000	195.000000	195.000000	187.000000	1.000000	1.000000	160.000000	1.000000	1.000000	1.000000	1.000000	1.000000
1.000000	1.000000	1.000000	1.000000	1.000000	456.000000	429.000000	596.000000	753.000000	530.000000	159.000000	1.000000	1.000000	181.000000	197.000000	368.000000	363.000000	167.000000	1.000000	1.000000	1.000000
1.000000	1.000000	1.000000	1.000000	1.000000	188.000000	188.000000	215.000000	187.000000	361.000000	591.000000	447.000000	606.000000	806.000000	772.000000	777.000000	351.000000	1.000000	1.000000	1.000000	1.000000
1.000000	1.000000	1.000000	1.000000	220.000000	234.000000	238.000000	245.000000	237.000000	1.000000	165.000000	333.000000	344.000000	880.000000	720.000000	1061.000000	746.000000	1.000000	1.000000	1.000000	1.000000
1.000000	1.000000	1.000000	213.000000	819.000000	649.000000	684.000000	902.000000	1207.000000	1093.000000	749.000000	384.000000	208.000000	193.000000	391.000000	1.000000	164.000000	197.000000	1.000000	1.000000	1.000000
1.000000	1.000000	1.000000	199.000000	836.000000	1238.000000	1365.000000	1628.000000	1328.000000	1063.000000	789.000000	603.000000	544.000000	399.000000	605.000000	441.000000	1.000000	1.000000	1.000000	1.000000	1.000000
1.000000	1.000000	1.000000	1.000000	228.000000	491.000000	494.000000	605.000000	403.000000	598.000000	392.000000	192.000000	1.000000	1.000000	209.000000	387.000000	186.000000	1.000000	1.000000	1.000000	1.000000
1.000000	1.000000	1.000000	1.000000	385.000000	176.000000	1.000000	1.000000	1.000000	1.000000	1.000000	1.000000	1.000000	1.000000	1.000000	1.000000	1.000000	1.000000	1.000000	1.000000	1.000000
1.000000	1.000000	1.000000	1.000000	783.000000	837.000000	899.000000	714.000000	656.000000	447.000000	427.000000	405.000000	252.000000	641.000000	524.000000	334.000000	205.000000	1.000000	1.000000	1.000000	1.000000
1.000000	1.000000	1.000000	226.000000	823.000000	868.000000	1626.000000	1428.000000	1366.000000	1536.000000	1480.000000	1151.000000	1617.000000	1682.000000	1844.000000	1786.000000	699.000000	1.000000	1.000000	1.000000	1.000000
1.000000	1.000000	1.000000	207.000000	451.000000	739.000000	1115.000000	1049.000000	795.000000	1.000000	1.000000	1.000000	378.000000	553.000000	1068.000000	1446.000000	1192.000000	1.000000	1.000000	1.000000	1.000000
1.000000	1.000000	1.000000	1.000000	1.000000	220.000000	415.000000	1.000000	1.000000	1.000000	1185.000000	546.000000	701.000000	1.000000	206.000000	367.000000	174.000000	1.000000	1.000000	1.000000	1.000000
1.000000	1.000000	1.000000	1.000000	1.000000	207.000000	399.000000	228.000000	1.000000	1.000000	1.000000	1.000000	1.000000	1.000000	1.000000	1.000000	1.000000	1.000000	1.000000	1.000000	1.000000
1.000000	1.000000	1.000000	1.000000	159.000000	156.000000	545.000000	855.000000	672.000000	208.000000	1.000000	205.000000	195.000000	388.000000	187.000000	178.000000	185.000000	184.000000	1.000000	1.000000	1.000000
1.000000	1.000000	1.000000	1.000000	562.000000	362.000000	360.000000	979.000000	1158.000000	1706.000000	1886.000000	1239.000000	1262.000000	741.000000	178.000000	696.000000	532.000000	1.000000	1.000000	1.000000	1.000000
1.000000	1.000000	1.000000	176.000000	358.000000	194.000000	194.000000	1.000000	1.000000	493.000000	703.000000	1.000000	1.000000	1.000000	1.000000	321.000000	1.000000	1.000000	1.000000	1.000000	1.000000
1.000000	1.000000	1.000000	1.000000	1.000000	224.000000	403.000000	463.000000	342.000000	354.000000	351.000000	343.000000	366.000000	514.000000	374.000000	594.000000	1.000000	1.000000	1.000000	1.000000	1.000000
1.000000	1.000000	1.000000	1.000000	1.000000	1.000000	596.000000	1091.000000	1016.000000	928.000000	769.000000	742.000000	712.000000	331.000000	159.000000	1.000000	1.000000	1.000000	1.000000	1.000000	1.000000
1.000000	1.000000	1.000000	1.000000	1.000000	1.000000	1.000000	169.000000	422.000000	184.000000	1.000000	1.000000	1.000000	1.000000	1.000000	1.000000	1.000000	1.000000	1.000000	1.000000	1.000000
1.000000	1.000000	1.000000	1.000000	1.000000	1.000000	1.000000	1.000000	1.000000	1.000000	1.000000	1.000000	1.000000	1.000000	1.000000	1.000000	1.000000	1.000000	1.000000	1.000000	1.000000
1.000000	1.000000	1.000000	1.000000	1.000000	1.000000	1.000000	1.000000	1.000000	1.000000	1.000000	1.000000	1.000000	1.000000	1.000000	1.000000	1.000000	1.000000	1.000000	1.000000	1.000000
1.000000	1.000000	1.000000	1.000000	1.000000	1.000000	1.000000	1.000000	1.000000	1.000000	1.000000	1.000000	1.000000	1.000000	1.000000	1.000000	1.000000	1.000000	1.000000	1.000000	1.000000
1.000000	1.000000	1.000000	1.000000	1.000000	1.000000	1.000000	1.000000	1.000000	1.000000	1.000000	1.000000	1.000000	1.000000	1.000000	1.000000	1.000000	1.000000	1.000000	1.000000	1.000000
1.000000	1.000000	1.000000	1.000000	1.000000	1.000000	1.000000	1.000000	1.000000	1.000000	1.000000	1.000000	1.000000	1.000000	1.000000	1.000000	1.000000	1.000000	1.000000	1.000000	1.000000
1.000000	1.000000	1.000000	1.000000	1.000000	1.000000	1.000000	1.000000	1.000000	1.000000	1.000000	1.000000	1.000000	1.000000	1.000000	1.000000	1.000000	1.000000	1.000000	1.000000	1.000000
