21 25 0
1.000000	1.000000	1.000000	1.000000	1.000000	1.000000	168.000000	212.000000	347.000000	197.000000	339.000000	1.000000	199.000000	169.000000	1.000000	171.000000	1.000000	1.000000	1.000000	1.000000	1.000000
1.000000	1.000000	1.000000	1.000000	218.000000	750.000000	416.000000	378.000000	182.000000	347.000000	170.000000	357.000000	379.000000	731.000000	859.000000	355.000000	380.000000	1.000000	1.000000	1.000000	1.000000
1.000000	1.000000	1.000000	161.000000	937.000000	736.000000	747.000000	946.000000	554.000000	426.000000	358.000000	214.000000	208.000000	161.000000	161.000000	161.000000	161.000000	186.000000	1.000000	1.000000	1.000000
1.000000	1.000000	1.000000	1.000000	1.000000	249.000000	236.000000	966.000000	1202.000000	792.000000	183.000000	1.000000	1.000000	1.000000	198.000000	165.000000	179.000000	1.000000	1.000000	1.000000	1.000000
1.000000	1.000000	1.000000	1.000000	1.000000	1.000000	229.000000	1.000000	168.000000	1.000000	1.000000	1.000000	1.000000	1.000000	171.000000	557.000000	171.000000	1.000000	1.000000	1.000000	1.000000
1.000000	1.000000	1.000000	1.000000	357.000000	236.000000	239.000000	246.000000	239.000000	1.000000	1.000000	1.000000	1.000000	1.000000	1.000000	1.000000	1.000000	1.000000	1.000000	1.000000	1.000000
1.000000	1.000000	1.000000	1.000000	724.000000	936.000000	977.000000	976.000000	723.000000	632.000000	234.000000	170.000000	253.000000	478.000000	951.000000	584.000000	205.000000	201.000000	1.000000	1.000000	1.000000
1.000000	1.000000	1.000000	218.000000	1125.000000	1190.000000	1435.000000	1479.000000	1488.000000	1606.000000	1433.000000	1210.000000	1685.000000	1738.000000	1637.000000	1610.000000	1142.000000	1.000000	1.000000	1.000000	1.000000
1.000000	1.000000	1.000000	171.000000	468.000000	732.000000	500.000000	835.000000	846.000000	404.000000	1.000000	1.000000	227.000000	343.000000	398.000000	445.000000	442.000000	1.000000	1.000000	1.000000	1.000000
1.000000	1.000000	1.000000	1.000000	1.000000	1.000000	1.000000	1.000000	1.000000	1.000000	1.000000	1.000000	1.000000	1.000000	1.000000	1.000000	1.000000	1.000000	1.000000	1.000000	1.000000
1.000000	1.000000	1.000000	1.000000	165.000000	219.000000	405.000000	418.000000	167.000000	1.000000	227.000000	231.000000	1.000000	1.000000	1.000000	1.000000	1.000000	1.000000	1.000000	1.000000	1.000000
1.000000	1.000000	1.000000	227.000000	621.000000	1016.000000	1096.000000	1072.000000	171.000000	1.000000	1.000000	1.000000	1.000000	391.000000	757.000000	192.000000	191.000000	185.000000	1.000000	1.000000	1.000000
1.000000	1.000000	1.000000	1.000000	715.000000	970.000000	1038.000000	1029.000000	1263.000000	1558.000000	1618.000000	1234.000000	1423.000000	1163.000000	1207.000000	1002.000000	725.000000	1.000000	1.000000	1.000000	1.000000
1.000000	1.000000	1.000000	1.000000	188.000000	393.000000	221.000000	1.000000	244.000000	1168.000000	1230.000000	1396.000000	377.000000	343.000000	372.000000	565.000000	522.000000	1.000000	1.000000	1.000000	1.000000
1.000000	1.000000	1.000000	1.000000	1.000000	431.000000	649.000000	390.000000	1.000000	1.000000	1.000000	1.000000	1.000000	1.000000	1.000000	250.000000	1.000000	1.000000	1.000000	1.000000	1.000000
1.000000	1.000000	1.000000	1.000000	1.000000	177.000000	604.000000	1119.000000	1129.000000	250.000000	1.000000	441.000000	630.000000	233.000000	160.000000	1.000000	1.000000	1.000000	1.000000	1.000000	1.000000
1.000000	1.000000	1.000000	1.000000	1.000000	1.000000	1.000000	619.000000	712.000000	1224.000000	888.000000	549.000000	533.000000	326.000000	1.000000	1.000000	170.000000	1.000000	1.000000	1.000000	1.000000
1.000000	1.000000	1.000000	1.000000	356.000000	181.000000	1.000000	171.000000	171.000000	1.000000	206.000000	174.000000	174.000000	168.000000	1.000000	169.000000	325.000000	1.000000	1.000000	1.000000	1.000000
1.000000	1.000000	1.000000	1.000000	1.000000	204.000000	1.000000	1.000000	1.000000	1.000000	186.000000	192.000000	1.000000	1.000000	1.000000	174.000000	1.000000	1.000000	1.000000	1.000000	1.000000
1.000000	1.000000	1.000000	1.000000	1.000000	1.000000	1.000000	1.000000	1.000000	1.000000	1.000000	1.000000	1.000000	1.000000	1.000000	1.000000	1.000000	1.000000	1.000000	1.000000	1.000000
1.000000	1.000000	1.000000	1.000000	1.000000	1.000000	1.000000	1.000000	1.000000	1.000000	1.000000	1.000000	1.000000	1.000000	1.000000	1.000000	1.000000	1.000000	1.000000	1.000000	1.000000
1.000000	1.000000	1.000000	1.000000	1.000000	1.000000	1.000000	1.000000	1.000000	1.000000	1.000000	1.000000	1.000000	1.000000	1.000000	1.000000	1.000000	1.000000	1.000000	1.000000	1.000000
1.000000	1.000000	1.000000	1.000000	1.000000	1.000000	1.000000	1.000000	1.000000	1.000000	1.000000	1.000000	1.000000	1.000000	1.000000	1.000000	1.000000	1.000000	1.000000	1.000000	1.000000
1.000000	1.000000	1.000000	1.000000	1.000000	1.000000	1.000000	1.000000	1.000000	1.000000	1.000000	1.000000	1.000000	1.000000	1.000000	1.000000	1.000000	1.000000	1.000000	1.000000	1.000000
1.000000	1.000000	1.000000	1.000000	1.000000	1.000000	1.000000	1.000000	1.000000	1.000000	1.000000	1.000000	1.000000	1.000000	1.000000	1.000000	1.000000	1.000000	1.000000	1.000000	1.000000
