21 25 0
1.000000	1.000000	1.000000	1.000000	1.000000	1.000000	1.000000	1.000000	1.000000	185.000000	1.000000	1.000000	1.000000	1.000000	1.000000	1.000000	1.000000	1.000000	1.000000	1.000000	1.000000
1.000000	1.000000	1.000000	181.000000	1.000000	220.000000	1.000000	1.000000	400.000000	205.000000	1.000000	212.000000	1.000000	177.000000	234.000000	360.000000	218.000000	1.000000	1.000000	1.000000	1.000000
1.000000	1.000000	1.000000	1.000000	1.000000	417.000000	217.000000	1.000000	1.000000	1.000000	212.000000	208.000000	175.000000	614.000000	950.000000	427.000000	1.000000	1.000000	1.000000	1.000000	1.000000
1.000000	1.000000	1.000000	1.000000	444.000000	224.000000	1.000000	1.000000	176.000000	173.000000	485.000000	170.000000	518.000000	358.000000	519.000000	331.000000	370.000000	1.000000	1.000000	1.000000	1.000000
1.000000	1.000000	1.000000	200.000000	839.000000	344.000000	179.000000	235.000000	351.000000	783.000000	695.000000	373.000000	182.000000	178.000000	166.000000	1.000000	333.000000	1.000000	1.000000	1.000000	1.000000
1.000000	1.000000	1.000000	214.000000	212.000000	193.000000	463.000000	588.000000	575.000000	557.000000	178.000000	1.000000	1.000000	1.000000	1.000000	1.000000	1.000000	1.000000	1.000000	1.000000	1.000000
1.000000	1.000000	1.000000	1.000000	1.000000	454.000000	433.000000	1.000000	1.000000	1.000000	1.000000	1.000000	1.000000	1.000000	1.000000	1.000000	1.000000	1.000000	1.000000	1.000000	1.000000
1.000000	1.000000	1.000000	1.000000	1.000000	1.000000	1.000000	1.000000	1.000000	1.000000	1.000000	1.000000	1.000000	1.000000	1.000000	1.000000	1.000000	161.000000	1.000000	1.000000	1.000000
1.000000	1.000000	1.000000	1.000000	1.000000	381.000000	407.000000	173.000000	1.000000	685.000000	1156.000000	1.000000	1.000000	226.000000	1.000000	205.000000	164.000000	1.000000	1.000000	1.000000	1.000000
1.000000	1.000000	1.000000	1.000000	232.000000	622.000000	1582.000000	400.000000	446.000000	1911.000000	1004.000000	1.000000	1.000000	1170.000000	1017.000000	367.000000	162.000000	1.000000	1.000000	1.000000	1.000000
1.000000	1.000000	1.000000	1.000000	195.000000	852.000000	641.000000	191.000000	230.000000	794.000000	1.000000	1.000000	169.000000	681.000000	205.000000	178.000000	163.000000	1.000000	1.000000	1.000000	1.000000
1.000000	1.000000	1.000000	1.000000	1.000000	622.000000	1.000000	1.000000	1.000000	1.000000	1.000000	1.000000	1.000000	201.000000	1.000000	1.000000	1.000000	1.000000	1.000000	1.000000	1.000000
1.000000	1.000000	1.000000	1.000000	1.000000	203.000000	228.000000	1.000000	1.000000	1.000000	1.000000	1.000000	1.000000	1.000000	1.000000	1.000000	1.000000	1.000000	1.000000	1.000000	1.000000
1.000000	1.000000	1.000000	1.000000	164.000000	161.000000	203.000000	1.000000	1.000000	1.000000	1.000000	211.000000	205.000000	202.000000	1.000000	1.000000	1.000000	174.000000	1.000000	1.000000	1.000000
1.000000	1.000000	1.000000	1.000000	347.000000	339.000000	344.000000	1.000000	228.000000	223.000000	639.000000	426.000000	416.000000	334.000000	1.000000	181.000000	335.000000	1.000000	1.000000	1.000000	1.000000
1.000000	1.000000	1.000000	1.000000	358.000000	1.000000	1.000000	1.000000	1.000000	257.000000	1.000000	1.000000	1.000000	1.000000	191.000000	201.000000	412.000000	1.000000	1.000000	1.000000	1.000000
1.000000	1.000000	1.000000	1.000000	165.000000	1.000000	243.000000	1.000000	181.000000	1.000000	1.000000	1.000000	1.000000	363.000000	375.000000	666.000000	1.000000	1.000000	1.000000	1.000000	1.000000
1.000000	1.000000	1.000000	1.000000	1.000000	1.000000	238.000000	1.000000	1.000000	389.000000	160.000000	155.000000	173.000000	542.000000	418.000000	160.000000	1.000000	1.000000	1.000000	1.000000	1.000000
1.000000	1.000000	1.000000	1.000000	1.000000	1.000000	1.000000	1.000000	191.000000	160.000000	1.000000	1.000000	1.000000	1.000000	1.000000	1.000000	1.000000	1.000000	1.000000	1.000000	1.000000
1.000000	1.000000	1.000000	1.000000	1.000000	1.000000	1.000000	1.000000	1.000000	1.000000	1.000000	1.000000	1.000000	1.000000	1.000000	1.000000	1.000000	1.000000	1.000000	1.000000	1.000000
1.000000	1.000000	1.000000	1.000000	1.000000	1.000000	1.000000	1.000000	1.000000	1.000000	1.000000	1.000000	1.000000	1.000000	1.000000	1.000000	1.000000	1.000000	1.000000	1.000000	1.000000
1.000000	1.000000	1.000000	1.000000	1.000000	1.000000	1.000000	1.000000	1.000000	1.000000	1.000000	1.000000	1.000000	1.000000	1.000000	1.000000	1.000000	1.000000	1.000000	1.000000	1.000000
1.000000	1.000000	1.000000	1.000000	1.000000	1.000000	1.000000	1.000000	1.000000	1.000000	1.000000	1.000000	1.000000	1.000000	1.000000	1.000000	1.000000	1.000000	1.000000	1.000000	1.000000
1.000000	1.000000	1.000000	1.000000	1.000000	1.000000	1.000000	1.000000	1.000000	1.000000	1.000000	1.000000	1.000000	1.000000	1.000000	1.000000	1.000000	1.000000	1.000000	1.000000	1.000000
1.000000	1.000000	1.000000	1.000000	1.000000	1.000000	1.000000	1.000000	1.000000	1.000000	1.000000	1.000000	1.000000	1.000000	1.000000	1.000000	1.000000	1.000000	1.000000	1.000000	1.000000
