21 25 0
1.000000	1.000000	1.000000	1.000000	1.000000	1.000000	241.000000	628.000000	204.000000	172.000000	1.000000	200.000000	1.000000	1.000000	1.000000	1.000000	1.000000	1.000000	1.000000	1.000000	1.000000
1.000000	1.000000	1.000000	1.000000	180.000000	223.000000	447.000000	407.000000	400.000000	1.000000	1.000000	1.000000	166.000000	170.000000	1.000000	181.000000	169.000000	1.000000	1.000000	1.000000	1.000000
1.000000	1.000000	1.000000	1.000000	1.000000	1.000000	180.000000	229.000000	1.000000	161.000000	334.000000	207.000000	187.000000	1.000000	342.000000	819.000000	178.000000	1.000000	1.000000	1.000000	1.000000
1.000000	1.000000	1.000000	1.000000	217.000000	1.000000	175.000000	244.000000	1.000000	1.000000	1.000000	1.000000	1.000000	1.000000	1.000000	160.000000	509.000000	206.000000	1.000000	1.000000	1.000000
1.000000	1.000000	1.000000	1.000000	346.000000	379.000000	637.000000	621.000000	668.000000	244.000000	376.000000	207.000000	160.000000	1.000000	1.000000	1.000000	1.000000	1.000000	1.000000	1.000000	1.000000
1.000000	1.000000	1.000000	1.000000	185.000000	411.000000	383.000000	652.000000	1053.000000	783.000000	369.000000	202.000000	1.000000	1.000000	1.000000	1.000000	1.000000	1.000000	1.000000	1.000000	1.000000
1.000000	1.000000	1.000000	1.000000	1.000000	190.000000	1.000000	241.000000	181.000000	167.000000	380.000000	1.000000	1.000000	1.000000	1.000000	1.000000	1.000000	1.000000	1.000000	1.000000	1.000000
1.000000	1.000000	1.000000	1.000000	190.000000	1.000000	1.000000	1.000000	1.000000	1.000000	1.000000	1.000000	1.000000	1.000000	1.000000	1.000000	1.000000	1.000000	1.000000	1.000000	1.000000
1.000000	1.000000	1.000000	1.000000	839.000000	612.000000	399.000000	431.000000	226.000000	1.000000	418.000000	797.000000	1.000000	1.000000	1.000000	1.000000	162.000000	1.000000	1.000000	1.000000	1.000000
1.000000	1.000000	1.000000	230.000000	666.000000	630.000000	677.000000	1124.000000	697.000000	1.000000	358.000000	1651.000000	756.000000	578.000000	1248.000000	413.000000	187.000000	162.000000	1.000000	1.000000	1.000000
1.000000	1.000000	1.000000	225.000000	425.000000	392.000000	402.000000	996.000000	776.000000	1.000000	1.000000	370.000000	196.000000	1.000000	947.000000	1204.000000	579.000000	1.000000	1.000000	1.000000	1.000000
1.000000	1.000000	1.000000	1.000000	1.000000	1.000000	1.000000	215.000000	1.000000	1.000000	1.000000	379.000000	1.000000	1.000000	1.000000	605.000000	183.000000	1.000000	1.000000	1.000000	1.000000
1.000000	1.000000	1.000000	1.000000	1.000000	1.000000	393.000000	247.000000	1.000000	1.000000	1.000000	1.000000	204.000000	1.000000	1.000000	1.000000	1.000000	1.000000	1.000000	1.000000	1.000000
1.000000	1.000000	1.000000	1.000000	1.000000	1.000000	1.000000	936.000000	951.000000	256.000000	1.000000	1.000000	1.000000	1.000000	1.000000	1.000000	1.000000	169.000000	1.000000	1.000000	1.000000
1.000000	1.000000	1.000000	1.000000	507.000000	1.000000	1.000000	334.000000	1381.000000	1507.000000	256.000000	1.000000	204.000000	1.000000	1.000000	180.000000	174.000000	1.000000	1.000000	1.000000	1.000000
1.000000	1.000000	1.000000	1.000000	726.000000	557.000000	1.000000	1.000000	1.000000	221.000000	1005.000000	221.000000	1.000000	1.000000	1.000000	1.000000	169.000000	1.000000	1.000000	1.000000	1.000000
1.000000	1.000000	1.000000	1.000000	1.000000	586.000000	857.000000	1.000000	1.000000	1.000000	1.000000	1.000000	1.000000	1.000000	1.000000	1.000000	1.000000	1.000000	1.000000	1.000000	1.000000
1.000000	1.000000	1.000000	1.000000	1.000000	170.000000	583.000000	859.000000	189.000000	1.000000	1.000000	1.000000	1.000000	1.000000	1.000000	1.000000	1.000000	1.000000	1.000000	1.000000	1.000000
1.000000	1.000000	1.000000	1.000000	1.000000	1.000000	1.000000	528.000000	381.000000	165.000000	1.000000	1.000000	1.000000	1.000000	1.000000	1.000000	1.000000	1.000000	1.000000	1.000000	1.000000
1.000000	1.000000	1.000000	1.000000	1.000000	1.000000	1.000000	1.000000	1.000000	1.000000	1.000000	1.000000	1.000000	1.000000	1.000000	1.000000	1.000000	1.000000	1.000000	1.000000	1.000000
1.000000	1.000000	1.000000	1.000000	1.000000	1.000000	1.000000	1.000000	1.000000	1.000000	1.000000	1.000000	1.000000	1.000000	1.000000	1.000000	1.000000	1.000000	1.000000	1.000000	1.000000
1.000000	1.000000	1.000000	1.000000	1.000000	1.000000	1.000000	1.000000	1.000000	1.000000	1.000000	1.000000	1.000000	1.000000	1.000000	1.000000	1.000000	1.000000	1.000000	1.000000	1.000000
1.000000	1.000000	1.000000	1.000000	1.000000	1.000000	1.000000	1.000000	1.000000	1.000000	1.000000	1.000000	1.000000	1.000000	1.000000	1.000000	1.000000	1.000000	1.000000	1.000000	1.000000
1.000000	1.000000	1.000000	1.000000	1.000000	1.000000	1.000000	1.000000	1.000000	1.000000	1.000000	1.000000	1.000000	1.000000	1.000000	1.000000	1.000000	1.000000	1.000000	1.000000	1.000000
1.000000	1.000000	1.000000	1.000000	1.000000	1.000000	1.000000	1.000000	1.000000	1.000000	1.000000	1.000000	1.000000	1.000000	1.000000	1.000000	1.000000	1.000000	1.000000	1.000000	1.000000
