21 25 0
1.000000	1.000000	1.000000	1.000000	1.000000	1.000000	1.000000	1.000000	1.000000	1.000000	1.000000	1.000000	1.000000	1.000000	1.000000	1.000000	1.000000	1.000000	1.000000	1.000000	1.000000
1.000000	1.000000	1.000000	1.000000	1.000000	1.000000	1.000000	1.000000	1.000000	1.000000	1.000000	1.000000	1.000000	1.000000	1.000000	1.000000	1.000000	1.000000	1.000000	1.000000	1.000000
1.000000	1.000000	1.000000	1.000000	1.000000	1.000000	1.000000	1.000000	1.000000	1.000000	1.000000	1.000000	1.000000	1.000000	1.000000	1.000000	1.000000	1.000000	1.000000	1.000000	1.000000
1.000000	1.000000	1.000000	1.000000	344.000000	383.000000	755.000000	603.000000	377.000000	172.000000	172.000000	1.000000	1.000000	1.000000	1.000000	1.000000	1.000000	1.000000	1.000000	1.000000	1.000000
1.000000	1.000000	1.000000	1.000000	195.000000	546.000000	536.000000	1249.000000	1477.000000	1086.000000	1.000000	1.000000	1.000000	375.000000	618.000000	888.000000	975.000000	185.000000	1.000000	1.000000	1.000000
1.000000	1.000000	1.000000	1.000000	216.000000	216.000000	186.000000	435.000000	629.000000	376.000000	1.000000	1.000000	1.000000	181.000000	1440.000000	1660.000000	1446.000000	368.000000	408.000000	1.000000	1.000000
1.000000	1.000000	1.000000	1.000000	1.000000	1.000000	724.000000	245.000000	1.000000	1.000000	1.000000	174.000000	1.000000	192.000000	193.000000	208.000000	218.000000	1.000000	1.000000	1.000000	1.000000
1.000000	1.000000	1.000000	1.000000	1.000000	1.000000	210.000000	1.000000	1.000000	1.000000	627.000000	1294.000000	633.000000	1.000000	1.000000	1.000000	1.000000	1.000000	1.000000	1.000000	1.000000
1.000000	1.000000	1.000000	1.000000	1.000000	1.000000	1.000000	1.000000	171.000000	246.000000	477.000000	660.000000	194.000000	1.000000	210.000000	424.000000	691.000000	1.000000	1.000000	1.000000	1.000000
1.000000	1.000000	1.000000	1.000000	1.000000	1.000000	1.000000	1.000000	689.000000	512.000000	1.000000	1.000000	1.000000	1.000000	1.000000	1.000000	1.000000	1.000000	1.000000	1.000000	1.000000
1.000000	1.000000	1.000000	1.000000	1.000000	1.000000	1.000000	1.000000	1.000000	1.000000	1.000000	1.000000	1.000000	1.000000	222.000000	1.000000	1.000000	1.000000	1.000000	1.000000	1.000000
1.000000	1.000000	1.000000	1.000000	1.000000	175.000000	1001.000000	807.000000	1.000000	1.000000	1.000000	1.000000	195.000000	415.000000	621.000000	191.000000	1.000000	370.000000	197.000000	1.000000	1.000000
1.000000	1.000000	1.000000	1.000000	194.000000	537.000000	601.000000	256.000000	516.000000	1293.000000	1327.000000	1081.000000	901.000000	837.000000	783.000000	550.000000	187.000000	1.000000	1.000000	1.000000	1.000000
1.000000	1.000000	1.000000	1.000000	381.000000	183.000000	1.000000	1.000000	238.000000	1210.000000	1430.000000	1379.000000	848.000000	385.000000	610.000000	587.000000	1.000000	1.000000	1.000000	1.000000	1.000000
1.000000	1.000000	1.000000	1.000000	178.000000	1.000000	1.000000	193.000000	192.000000	208.000000	1.000000	1.000000	1.000000	1.000000	184.000000	184.000000	371.000000	183.000000	1.000000	1.000000	1.000000
1.000000	1.000000	1.000000	1.000000	1.000000	204.000000	1158.000000	1621.000000	1374.000000	681.000000	506.000000	509.000000	508.000000	464.000000	177.000000	1.000000	176.000000	1.000000	1.000000	1.000000	1.000000
1.000000	1.000000	1.000000	1.000000	1.000000	813.000000	696.000000	693.000000	671.000000	226.000000	818.000000	1236.000000	1248.000000	1529.000000	751.000000	1.000000	1.000000	1.000000	1.000000	1.000000	1.000000
1.000000	1.000000	1.000000	1.000000	1.000000	1.000000	1.000000	1.000000	1.000000	1.000000	179.000000	233.000000	228.000000	405.000000	416.000000	1.000000	1.000000	1.000000	1.000000	1.000000	1.000000
1.000000	1.000000	1.000000	1.000000	1.000000	1.000000	242.000000	1065.000000	1108.000000	641.000000	426.000000	250.000000	1.000000	1.000000	1.000000	1.000000	1.000000	1.000000	1.000000	1.000000	1.000000
1.000000	1.000000	1.000000	1.000000	1.000000	1.000000	253.000000	252.000000	458.000000	410.000000	408.000000	250.000000	244.000000	1.000000	1.000000	1.000000	1.000000	1.000000	1.000000	1.000000	1.000000
1.000000	1.000000	1.000000	1.000000	1.000000	1.000000	1.000000	1.000000	1.000000	1.000000	1.000000	1.000000	1.000000	1.000000	1.000000	1.000000	1.000000	1.000000	1.000000	1.000000	1.000000
1.000000	1.000000	1.000000	1.000000	1.000000	1.000000	1.000000	1.000000	1.000000	1.000000	1.000000	1.000000	1.000000	1.000000	1.000000	1.000000	1.000000	1.000000	1.000000	1.000000	1.000000
1.000000	1.000000	1.000000	1.000000	1.000000	1.000000	1.000000	1.000000	1.000000	1.000000	1.000000	1.000000	1.000000	1.000000	1.000000	1.000000	1.000000	1.000000	1.000000	1.000000	1.000000
1.000000	1.000000	1.000000	1.000000	1.000000	1.000000	1.000000	1.000000	1.000000	1.000000	1.000000	1.000000	1.000000	1.000000	1.000000	1.000000	1.000000	1.000000	1.000000	1.000000	1.000000
1.000000	1.000000	1.000000	1.000000	1.000000	1.000000	1.000000	1.000000	1.000000	1.000000	1.000000	1.000000	1.000000	1.000000	1.000000	1.000000	1.000000	1.000000	1.000000	1.000000	1.000000
