21 25 0
1.000000	1.000000	1.000000	1.000000	1.000000	1.000000	1.000000	1.000000	1.000000	1.000000	1.000000	1.000000	1.000000	1.000000	1.000000	1.000000	1.000000	1.000000	1.000000	1.000000	1.000000
1.000000	1.000000	1.000000	1.000000	1.000000	1.000000	1.000000	1.000000	1.000000	1.000000	1.000000	1.000000	1.000000	1.000000	1.000000	1.000000	1.000000	1.000000	1.000000	1.000000	1.000000
1.000000	1.000000	1.000000	1.000000	1.000000	1.000000	1.000000	1.000000	1.000000	1.000000	1.000000	1.000000	1.000000	1.000000	1.000000	1.000000	1.000000	1.000000	1.000000	1.000000	1.000000
1.000000	1.000000	1.000000	1.000000	172.000000	349.000000	1.000000	1.000000	211.000000	1.000000	1.000000	1.000000	1.000000	1.000000	1.000000	1.000000	1.000000	1.000000	1.000000	1.000000	1.000000
1.000000	1.000000	1.000000	1.000000	557.000000	708.000000	1.000000	400.000000	1054.000000	186.000000	1.000000	1.000000	1.000000	1.000000	1.000000	853.000000	823.000000	193.000000	1.000000	1.000000	1.000000
1.000000	1.000000	1.000000	1.000000	390.000000	195.000000	1.000000	866.000000	587.000000	191.000000	1.000000	1.000000	181.000000	181.000000	597.000000	1238.000000	373.000000	1.000000	1.000000	1.000000	1.000000
1.000000	1.000000	1.000000	1.000000	1.000000	1.000000	490.000000	216.000000	1.000000	1.000000	1.000000	354.000000	978.000000	601.000000	189.000000	193.000000	1.000000	1.000000	1.000000	1.000000	1.000000
1.000000	1.000000	1.000000	1.000000	1.000000	829.000000	424.000000	1.000000	1.000000	1.000000	614.000000	792.000000	606.000000	1.000000	1.000000	1.000000	487.000000	201.000000	1.000000	1.000000	1.000000
1.000000	1.000000	1.000000	1.000000	413.000000	206.000000	205.000000	1.000000	171.000000	1090.000000	624.000000	1.000000	1.000000	1.000000	251.000000	878.000000	464.000000	1.000000	1.000000	1.000000	1.000000
1.000000	1.000000	1.000000	1.000000	1.000000	1.000000	1.000000	1.000000	880.000000	987.000000	1.000000	1.000000	1.000000	1.000000	202.000000	247.000000	1.000000	1.000000	1.000000	1.000000	1.000000
1.000000	1.000000	1.000000	1.000000	1.000000	1.000000	1.000000	200.000000	639.000000	215.000000	1.000000	184.000000	1.000000	196.000000	1.000000	1.000000	1.000000	1.000000	1.000000	1.000000	1.000000
1.000000	1.000000	1.000000	1.000000	1.000000	195.000000	1310.000000	555.000000	1.000000	1.000000	1.000000	170.000000	180.000000	1.000000	229.000000	1.000000	1.000000	1.000000	1.000000	1.000000	1.000000
1.000000	1.000000	1.000000	1.000000	187.000000	1052.000000	867.000000	1.000000	1.000000	647.000000	812.000000	845.000000	388.000000	239.000000	1.000000	1.000000	1.000000	1.000000	1.000000	1.000000	1.000000
1.000000	1.000000	1.000000	1.000000	585.000000	805.000000	1.000000	1.000000	237.000000	1086.000000	1271.000000	401.000000	658.000000	1.000000	1.000000	1.000000	1.000000	1.000000	1.000000	1.000000	1.000000
1.000000	1.000000	1.000000	1.000000	216.000000	1.000000	1.000000	1.000000	913.000000	609.000000	414.000000	1.000000	1.000000	1.000000	1.000000	1.000000	1.000000	1.000000	1.000000	1.000000	1.000000
1.000000	1.000000	1.000000	1.000000	1.000000	1.000000	692.000000	1037.000000	1217.000000	714.000000	1.000000	1.000000	211.000000	423.000000	365.000000	1.000000	1.000000	1.000000	1.000000	1.000000	1.000000
1.000000	1.000000	1.000000	1.000000	1.000000	603.000000	607.000000	203.000000	1.000000	1.000000	1.000000	1.000000	951.000000	761.000000	349.000000	179.000000	1.000000	1.000000	1.000000	1.000000	1.000000
1.000000	1.000000	1.000000	1.000000	630.000000	616.000000	1.000000	1.000000	226.000000	1.000000	1.000000	221.000000	228.000000	1.000000	1.000000	1.000000	1.000000	1.000000	1.000000	1.000000	1.000000
1.000000	1.000000	1.000000	1.000000	560.000000	1.000000	1.000000	604.000000	608.000000	1.000000	1.000000	1.000000	1.000000	1.000000	1.000000	1.000000	1.000000	1.000000	1.000000	1.000000	1.000000
1.000000	1.000000	1.000000	1.000000	1.000000	1.000000	183.000000	367.000000	203.000000	217.000000	1.000000	1.000000	1.000000	1.000000	1.000000	1.000000	1.000000	1.000000	1.000000	1.000000	1.000000
1.000000	1.000000	1.000000	1.000000	1.000000	1.000000	1.000000	1.000000	1.000000	1.000000	1.000000	1.000000	1.000000	1.000000	1.000000	1.000000	1.000000	1.000000	1.000000	1.000000	1.000000
1.000000	1.000000	1.000000	1.000000	1.000000	1.000000	1.000000	1.000000	1.000000	1.000000	1.000000	1.000000	1.000000	1.000000	1.000000	1.000000	1.000000	1.000000	1.000000	1.000000	1.000000
1.000000	1.000000	1.000000	1.000000	1.000000	1.000000	1.000000	1.000000	1.000000	1.000000	1.000000	1.000000	1.000000	1.000000	1.000000	1.000000	1.000000	1.000000	1.000000	1.000000	1.000000
1.000000	1.000000	1.000000	1.000000	1.000000	1.000000	1.000000	1.000000	1.000000	1.000000	1.000000	1.000000	1.000000	1.000000	1.000000	1.000000	1.000000	1.000000	1.000000	1.000000	1.000000
1.000000	1.000000	1.000000	1.000000	1.000000	1.000000	1.000000	1.000000	1.000000	1.000000	1.000000	1.000000	1.000000	1.000000	1.000000	1.000000	1.000000	1.000000	1.000000	1.000000	1.000000
