21 25 0
1.000000	1.000000	1.000000	1.000000	1.000000	1.000000	1.000000	1.000000	1.000000	1.000000	1.000000	1.000000	1.000000	1.000000	1.000000	1.000000	1.000000	1.000000	1.000000	1.000000	1.000000
1.000000	1.000000	1.000000	1.000000	1.000000	1.000000	1.000000	1.000000	1.000000	1.000000	1.000000	1.000000	1.000000	1.000000	1.000000	1.000000	1.000000	1.000000	1.000000	1.000000	1.000000
1.000000	1.000000	1.000000	1.000000	179.000000	1.000000	1.000000	1147.000000	803.000000	173.000000	1.000000	1.000000	1.000000	1.000000	1.000000	1.000000	1.000000	1.000000	1.000000	1.000000	1.000000
1.000000	1.000000	1.000000	1.000000	1.000000	1.000000	1.000000	582.000000	387.000000	1.000000	1.000000	1.000000	1.000000	1.000000	726.000000	942.000000	192.000000	1.000000	1.000000	1.000000	1.000000
1.000000	1.000000	1.000000	1.000000	1.000000	1.000000	1.000000	1.000000	175.000000	197.000000	1.000000	1.000000	1.000000	1.000000	178.000000	189.000000	1.000000	1.000000	1.000000	1.000000	1.000000
1.000000	1.000000	1.000000	1.000000	1.000000	192.000000	400.000000	358.000000	177.000000	176.000000	172.000000	483.000000	446.000000	1.000000	1.000000	1.000000	1.000000	1.000000	1.000000	1.000000	1.000000
1.000000	1.000000	1.000000	1.000000	208.000000	1.000000	1.000000	171.000000	479.000000	867.000000	227.000000	193.000000	1.000000	210.000000	467.000000	1162.000000	1139.000000	204.000000	1.000000	1.000000	1.000000
1.000000	1.000000	1.000000	1.000000	406.000000	176.000000	1.000000	428.000000	686.000000	246.000000	1.000000	1.000000	1.000000	1.000000	670.000000	879.000000	396.000000	1.000000	200.000000	1.000000	1.000000
1.000000	1.000000	1.000000	1.000000	1.000000	1.000000	1149.000000	1094.000000	459.000000	1.000000	1.000000	1.000000	1.000000	1.000000	1.000000	1.000000	1.000000	1.000000	195.000000	1.000000	1.000000
1.000000	1.000000	1.000000	1.000000	1.000000	1.000000	413.000000	412.000000	1.000000	1.000000	203.000000	178.000000	1.000000	1.000000	1.000000	423.000000	639.000000	173.000000	1.000000	1.000000	1.000000
1.000000	1.000000	1.000000	1.000000	181.000000	197.000000	196.000000	1.000000	238.000000	449.000000	659.000000	426.000000	1.000000	1.000000	382.000000	382.000000	605.000000	1.000000	1.000000	1.000000	1.000000
1.000000	1.000000	1.000000	1.000000	183.000000	1.000000	1.000000	1.000000	693.000000	931.000000	725.000000	226.000000	1.000000	1.000000	1.000000	1.000000	1.000000	1.000000	1.000000	1.000000	1.000000
1.000000	1.000000	1.000000	1.000000	1.000000	1.000000	1.000000	1.000000	1.000000	1.000000	1.000000	1.000000	1.000000	1.000000	1.000000	1.000000	1.000000	1.000000	1.000000	1.000000	1.000000
1.000000	1.000000	1.000000	1.000000	1.000000	172.000000	1179.000000	1390.000000	727.000000	246.000000	1.000000	1.000000	239.000000	466.000000	432.000000	190.000000	1.000000	1.000000	1.000000	1.000000	1.000000
1.000000	1.000000	1.000000	1.000000	1.000000	808.000000	1357.000000	1150.000000	945.000000	683.000000	1059.000000	1318.000000	1646.000000	1583.000000	1231.000000	374.000000	1.000000	1.000000	1.000000	1.000000	1.000000
1.000000	1.000000	1.000000	1.000000	180.000000	364.000000	1.000000	1.000000	1.000000	1.000000	810.000000	843.000000	630.000000	806.000000	415.000000	404.000000	1.000000	1.000000	1.000000	1.000000	1.000000
1.000000	1.000000	1.000000	1.000000	1.000000	1.000000	1.000000	237.000000	445.000000	445.000000	245.000000	249.000000	1.000000	1.000000	1.000000	176.000000	178.000000	1.000000	1.000000	1.000000	1.000000
1.000000	1.000000	1.000000	1.000000	1.000000	1.000000	925.000000	1340.000000	1100.000000	890.000000	1163.000000	1236.000000	487.000000	1.000000	1.000000	176.000000	1.000000	1.000000	1.000000	1.000000	1.000000
1.000000	1.000000	1.000000	1.000000	1.000000	636.000000	643.000000	243.000000	210.000000	210.000000	211.000000	647.000000	924.000000	396.000000	383.000000	189.000000	1.000000	1.000000	1.000000	1.000000	1.000000
1.000000	1.000000	1.000000	1.000000	1.000000	1.000000	1.000000	1.000000	1.000000	173.000000	1.000000	1.000000	1.000000	187.000000	1.000000	1.000000	1.000000	1.000000	1.000000	1.000000	1.000000
1.000000	1.000000	1.000000	1.000000	1.000000	1.000000	1.000000	1.000000	1.000000	1.000000	1.000000	1.000000	1.000000	1.000000	1.000000	1.000000	1.000000	1.000000	1.000000	1.000000	1.000000
1.000000	1.000000	1.000000	1.000000	1.000000	1.000000	1.000000	1.000000	1.000000	1.000000	1.000000	1.000000	1.000000	1.000000	1.000000	1.000000	1.000000	1.000000	1.000000	1.000000	1.000000
1.000000	1.000000	1.000000	1.000000	1.000000	1.000000	1.000000	1.000000	1.000000	1.000000	1.000000	1.000000	1.000000	1.000000	1.000000	1.000000	1.000000	1.000000	1.000000	1.000000	1.000000
1.000000	1.000000	1.000000	1.000000	1.000000	1.000000	1.000000	1.000000	1.000000	1.000000	1.000000	1.000000	1.000000	1.000000	1.000000	1.000000	1.000000	1.000000	1.000000	1.000000	1.000000
1.000000	1.000000	1.000000	1.000000	1.000000	1.000000	1.000000	1.000000	1.000000	1.000000	1.000000	1.000000	1.000000	1.000000	1.000000	1.000000	1.000000	1.000000	1.000000	1.000000	1.000000
