21 25 0
1.000000	1.000000	1.000000	209.000000	1.000000	1.000000	1.000000	1.000000	203.000000	198.000000	1.000000	1.000000	1.000000	628.000000	904.000000	426.000000	1.000000	1.000000	1.000000	1.000000	1.000000
1.000000	1.000000	1.000000	1.000000	193.000000	1.000000	1.000000	1.000000	1.000000	1.000000	1.000000	1.000000	1.000000	1.000000	1.000000	386.000000	215.000000	1.000000	1.000000	1.000000	1.000000
1.000000	1.000000	1.000000	1.000000	207.000000	1.000000	1.000000	1.000000	1.000000	1.000000	1.000000	1.000000	1.000000	1.000000	1.000000	1.000000	674.000000	236.000000	1.000000	1.000000	1.000000
1.000000	1.000000	1.000000	1.000000	1.000000	1.000000	1.000000	1.000000	1.000000	1.000000	1.000000	1.000000	1.000000	1.000000	1.000000	1.000000	405.000000	434.000000	215.000000	1.000000	1.000000
1.000000	1.000000	1.000000	1.000000	1.000000	1.000000	1.000000	1.000000	1.000000	1.000000	191.000000	1.000000	1.000000	1.000000	1.000000	1.000000	1.000000	405.000000	194.000000	198.000000	1.000000
1.000000	1.000000	1.000000	1.000000	1.000000	1.000000	1.000000	426.000000	1.000000	1.000000	1.000000	1.000000	1.000000	1.000000	1.000000	1.000000	1.000000	1.000000	197.000000	1.000000	1.000000
1.000000	1.000000	1.000000	235.000000	1.000000	1.000000	1.000000	1.000000	1.000000	1.000000	1.000000	1.000000	1.000000	1.000000	1.000000	1.000000	1.000000	1.000000	1.000000	1.000000	1.000000
1.000000	1.000000	1.000000	237.000000	236.000000	1.000000	1.000000	1.000000	1.000000	197.000000	1.000000	1.000000	1.000000	1.000000	1.000000	1.000000	1.000000	1.000000	1.000000	1.000000	1.000000
1.000000	1.000000	1.000000	1.000000	677.000000	662.000000	440.000000	455.000000	214.000000	1.000000	197.000000	376.000000	1046.000000	457.000000	468.000000	675.000000	250.000000	1.000000	1.000000	1.000000	1.000000
1.000000	1.000000	1.000000	1.000000	209.000000	182.000000	662.000000	686.000000	432.000000	225.000000	176.000000	208.000000	815.000000	645.000000	457.000000	645.000000	1.000000	1.000000	1.000000	1.000000	1.000000
1.000000	1.000000	1.000000	1.000000	1.000000	1.000000	226.000000	400.000000	234.000000	1.000000	1.000000	1.000000	208.000000	206.000000	435.000000	440.000000	1.000000	214.000000	1.000000	1.000000	1.000000
1.000000	1.000000	1.000000	1.000000	1.000000	1.000000	1.000000	1.000000	1.000000	1.000000	1.000000	198.000000	200.000000	1.000000	1.000000	431.000000	191.000000	234.000000	1.000000	1.000000	1.000000
1.000000	1.000000	1.000000	1.000000	1.000000	1.000000	1.000000	1.000000	1.000000	1.000000	1.000000	1.000000	439.000000	1.000000	1.000000	1.000000	1.000000	1.000000	1.000000	1.000000	1.000000
1.000000	1.000000	1.000000	1.000000	1.000000	1.000000	1.000000	761.000000	489.000000	1.000000	1.000000	1.000000	444.000000	451.000000	469.000000	1.000000	1.000000	1.000000	1.000000	1.000000	1.000000
1.000000	1.000000	1.000000	1.000000	1.000000	1.000000	1.000000	408.000000	1005.000000	744.000000	1.000000	248.000000	1.000000	254.000000	653.000000	226.000000	1.000000	1.000000	1.000000	1.000000	1.000000
1.000000	1.000000	1.000000	210.000000	225.000000	189.000000	1.000000	207.000000	256.000000	257.000000	429.000000	1.000000	248.000000	1.000000	1.000000	383.000000	1.000000	192.000000	1.000000	1.000000	1.000000
1.000000	1.000000	1.000000	1.000000	414.000000	667.000000	890.000000	454.000000	1.000000	1.000000	1.000000	1.000000	1.000000	1.000000	1.000000	1.000000	180.000000	1.000000	1.000000	1.000000	1.000000
1.000000	1.000000	1.000000	1.000000	1.000000	204.000000	871.000000	1168.000000	463.000000	1.000000	1.000000	1.000000	1.000000	1.000000	1.000000	1.000000	1.000000	1.000000	1.000000	1.000000	1.000000
1.000000	1.000000	1.000000	1.000000	1.000000	1.000000	1.000000	443.000000	695.000000	1.000000	1.000000	1.000000	1.000000	1.000000	1.000000	1.000000	1.000000	1.000000	1.000000	1.000000	1.000000
1.000000	1.000000	1.000000	1.000000	1.000000	1.000000	1.000000	1.000000	1.000000	1.000000	1.000000	1.000000	1.000000	1.000000	1.000000	1.000000	1.000000	1.000000	1.000000	1.000000	1.000000
1.000000	1.000000	1.000000	1.000000	1.000000	1.000000	1.000000	1.000000	1.000000	1.000000	1.000000	1.000000	1.000000	1.000000	1.000000	1.000000	1.000000	1.000000	1.000000	1.000000	1.000000
1.000000	1.000000	1.000000	1.000000	1.000000	1.000000	1.000000	1.000000	1.000000	1.000000	1.000000	1.000000	1.000000	1.000000	1.000000	1.000000	1.000000	1.000000	1.000000	1.000000	1.000000
1.000000	1.000000	1.000000	1.000000	1.000000	1.000000	1.000000	1.000000	1.000000	1.000000	1.000000	1.000000	1.000000	1.000000	1.000000	1.000000	1.000000	1.000000	1.000000	1.000000	1.000000
1.000000	1.000000	1.000000	1.000000	1.000000	1.000000	1.000000	1.000000	1.000000	1.000000	1.000000	1.000000	1.000000	1.000000	1.000000	1.000000	1.000000	1.000000	1.000000	1.000000	1.000000
1.000000	1.000000	1.000000	1.000000	1.000000	1.000000	1.000000	1.000000	1.000000	1.000000	1.000000	1.000000	1.000000	1.000000	1.000000	1.000000	1.000000	1.000000	1.000000	1.000000	1.000000
