21 25 0
1.000000	1.000000	1.000000	1.000000	399.000000	193.000000	204.000000	1.000000	1.000000	1.000000	216.000000	217.000000	1.000000	1.000000	1.000000	1.000000	1.000000	247.000000	1.000000	1.000000	1.000000
1.000000	1.000000	1.000000	1.000000	1.000000	181.000000	1.000000	1.000000	1.000000	1.000000	203.000000	1.000000	1.000000	1.000000	1.000000	1.000000	1.000000	470.000000	222.000000	1.000000	1.000000
1.000000	1.000000	1.000000	1.000000	1.000000	1.000000	1.000000	1.000000	1.000000	1.000000	1.000000	1.000000	1.000000	1.000000	1.000000	1.000000	1.000000	1.000000	247.000000	1.000000	1.000000
1.000000	1.000000	1.000000	1.000000	1.000000	1.000000	1.000000	1.000000	1.000000	1.000000	1.000000	1.000000	1.000000	1.000000	1.000000	1.000000	1.000000	1.000000	1.000000	1.000000	1.000000
1.000000	1.000000	1.000000	1.000000	1.000000	1.000000	1.000000	1.000000	1.000000	1.000000	1.000000	1.000000	1.000000	1.000000	1.000000	234.000000	1.000000	1.000000	1.000000	1.000000	1.000000
1.000000	1.000000	1.000000	1.000000	1.000000	1.000000	1.000000	1.000000	1.000000	1.000000	1.000000	1.000000	1.000000	1.000000	1.000000	1.000000	1.000000	1.000000	207.000000	210.000000	1.000000
1.000000	1.000000	1.000000	1.000000	1.000000	1.000000	208.000000	1.000000	1.000000	1.000000	216.000000	206.000000	1.000000	1.000000	1.000000	1.000000	1.000000	224.000000	1.000000	1.000000	1.000000
1.000000	1.000000	1.000000	1.000000	1.000000	1.000000	208.000000	1.000000	209.000000	198.000000	216.000000	637.000000	1.000000	1.000000	1.000000	1.000000	912.000000	436.000000	251.000000	1.000000	1.000000
1.000000	1.000000	1.000000	1.000000	1.000000	1.000000	1.000000	452.000000	960.000000	674.000000	887.000000	667.000000	1.000000	1.000000	1.000000	1.000000	686.000000	836.000000	217.000000	1.000000	1.000000
1.000000	1.000000	1.000000	1.000000	1.000000	1.000000	1.000000	1.000000	928.000000	672.000000	831.000000	474.000000	1.000000	194.000000	1.000000	1.000000	214.000000	429.000000	1.000000	1.000000	1.000000
1.000000	1.000000	1.000000	1.000000	1.000000	1.000000	1.000000	1.000000	240.000000	594.000000	1.000000	187.000000	1.000000	205.000000	396.000000	1.000000	1.000000	1.000000	1.000000	1.000000	1.000000
1.000000	1.000000	1.000000	1.000000	1.000000	1.000000	1.000000	1.000000	1.000000	383.000000	1.000000	186.000000	1.000000	200.000000	409.000000	1.000000	1.000000	1.000000	1.000000	1.000000	1.000000
1.000000	1.000000	1.000000	1.000000	1.000000	1.000000	1.000000	1.000000	617.000000	383.000000	250.000000	1.000000	1.000000	199.000000	439.000000	207.000000	1.000000	1.000000	1.000000	1.000000	1.000000
1.000000	1.000000	1.000000	1.000000	1.000000	1.000000	1.000000	494.000000	693.000000	437.000000	503.000000	240.000000	1.000000	1.000000	401.000000	414.000000	1.000000	1.000000	1.000000	1.000000	1.000000
1.000000	1.000000	1.000000	1.000000	1.000000	1.000000	456.000000	484.000000	250.000000	462.000000	254.000000	236.000000	1.000000	249.000000	186.000000	201.000000	206.000000	1.000000	1.000000	1.000000	1.000000
1.000000	1.000000	1.000000	1.000000	1.000000	1.000000	491.000000	501.000000	1.000000	201.000000	1.000000	1.000000	1.000000	454.000000	1.000000	1.000000	204.000000	1.000000	1.000000	1.000000	1.000000
1.000000	1.000000	1.000000	1.000000	1.000000	1.000000	1.000000	250.000000	1.000000	217.000000	209.000000	1.000000	1.000000	194.000000	1.000000	181.000000	1.000000	1.000000	1.000000	1.000000	1.000000
1.000000	1.000000	1.000000	1.000000	1.000000	1.000000	254.000000	1.000000	1.000000	253.000000	1.000000	1.000000	1.000000	194.000000	203.000000	1.000000	1.000000	1.000000	1.000000	1.000000	1.000000
1.000000	1.000000	1.000000	1.000000	1.000000	1.000000	178.000000	1.000000	1.000000	1.000000	1.000000	194.000000	1.000000	1.000000	202.000000	1.000000	1.000000	1.000000	1.000000	1.000000	1.000000
1.000000	1.000000	1.000000	1.000000	1.000000	1.000000	1.000000	1.000000	1.000000	1.000000	1.000000	1.000000	1.000000	1.000000	1.000000	1.000000	1.000000	1.000000	1.000000	1.000000	1.000000
1.000000	1.000000	1.000000	1.000000	1.000000	1.000000	1.000000	1.000000	1.000000	1.000000	1.000000	1.000000	1.000000	1.000000	1.000000	1.000000	1.000000	1.000000	1.000000	1.000000	1.000000
1.000000	1.000000	1.000000	1.000000	1.000000	1.000000	1.000000	1.000000	1.000000	1.000000	1.000000	1.000000	1.000000	1.000000	1.000000	1.000000	1.000000	1.000000	1.000000	1.000000	1.000000
1.000000	1.000000	1.000000	1.000000	1.000000	1.000000	1.000000	1.000000	1.000000	1.000000	1.000000	1.000000	1.000000	1.000000	1.000000	1.000000	1.000000	1.000000	1.000000	1.000000	1.000000
1.000000	1.000000	1.000000	1.000000	1.000000	1.000000	1.000000	1.000000	1.000000	1.000000	1.000000	1.000000	1.000000	1.000000	1.000000	1.000000	1.000000	1.000000	1.000000	1.000000	1.000000
1.000000	1.000000	1.000000	1.000000	1.000000	1.000000	1.000000	1.000000	1.000000	1.000000	1.000000	1.000000	1.000000	1.000000	1.000000	1.000000	1.000000	1.000000	1.000000	1.000000	1.000000
