21 25 0
1.000000	1.000000	1.000000	1.000000	1.000000	1.000000	1.000000	1.000000	233.000000	1.000000	1.000000	1.000000	1.000000	668.000000	852.000000	196.000000	1.000000	1.000000	1.000000	1.000000	1.000000
1.000000	1.000000	1.000000	1.000000	1.000000	1.000000	1.000000	1.000000	1.000000	1.000000	1.000000	1.000000	1.000000	1.000000	569.000000	1.000000	222.000000	1.000000	1.000000	1.000000	1.000000
1.000000	1.000000	1.000000	1.000000	1.000000	1.000000	1.000000	1.000000	1.000000	1.000000	1.000000	1.000000	1.000000	1.000000	1.000000	1.000000	469.000000	216.000000	1.000000	1.000000	1.000000
1.000000	1.000000	1.000000	1.000000	1.000000	1.000000	1.000000	1.000000	1.000000	1.000000	1.000000	1.000000	1.000000	1.000000	1.000000	1.000000	425.000000	216.000000	187.000000	1.000000	1.000000
1.000000	1.000000	1.000000	1.000000	1.000000	1.000000	1.000000	1.000000	1.000000	1.000000	1.000000	1.000000	1.000000	1.000000	187.000000	1.000000	425.000000	427.000000	188.000000	1.000000	1.000000
1.000000	1.000000	1.000000	1.000000	1.000000	1.000000	1.000000	1.000000	1.000000	1.000000	1.000000	182.000000	1.000000	1.000000	1.000000	1.000000	234.000000	217.000000	188.000000	1.000000	1.000000
1.000000	1.000000	1.000000	238.000000	195.000000	1.000000	1.000000	1.000000	1.000000	1.000000	1.000000	184.000000	182.000000	1.000000	1.000000	222.000000	1.000000	1.000000	1.000000	1.000000	1.000000
1.000000	1.000000	1.000000	238.000000	450.000000	1.000000	1.000000	1.000000	1.000000	1.000000	196.000000	1.000000	633.000000	1.000000	471.000000	255.000000	252.000000	1.000000	1.000000	1.000000	1.000000
1.000000	1.000000	1.000000	1.000000	650.000000	183.000000	221.000000	1.000000	1.000000	1.000000	935.000000	1.000000	885.000000	231.000000	1.000000	255.000000	1.000000	1.000000	196.000000	1.000000	1.000000
1.000000	1.000000	1.000000	1.000000	214.000000	1.000000	467.000000	1.000000	1.000000	1.000000	897.000000	1.000000	1073.000000	474.000000	1.000000	234.000000	1.000000	1.000000	1.000000	200.000000	1.000000
1.000000	1.000000	1.000000	1.000000	1.000000	1.000000	1.000000	607.000000	1.000000	1.000000	1.000000	201.000000	629.000000	1.000000	1.000000	234.000000	1.000000	1.000000	178.000000	1.000000	1.000000
1.000000	1.000000	1.000000	1.000000	1.000000	1.000000	1.000000	616.000000	1.000000	1.000000	1.000000	201.000000	818.000000	1.000000	1.000000	1.000000	1.000000	1.000000	1.000000	1.000000	1.000000
1.000000	1.000000	1.000000	1.000000	1.000000	1.000000	1.000000	386.000000	1.000000	1.000000	197.000000	201.000000	640.000000	1.000000	1.000000	1.000000	1.000000	1.000000	1.000000	1.000000	1.000000
1.000000	1.000000	1.000000	1.000000	1.000000	1.000000	1.000000	466.000000	252.000000	450.000000	746.000000	1.000000	661.000000	190.000000	246.000000	1.000000	1.000000	1.000000	1.000000	1.000000	1.000000
1.000000	1.000000	1.000000	204.000000	1.000000	1.000000	1.000000	670.000000	506.000000	465.000000	257.000000	1.000000	1.000000	1.000000	679.000000	204.000000	1.000000	1.000000	1.000000	1.000000	1.000000
1.000000	1.000000	1.000000	211.000000	1.000000	1.000000	1.000000	432.000000	1.000000	184.000000	1.000000	1.000000	243.000000	465.000000	458.000000	1.000000	1.000000	1.000000	1.000000	1.000000	1.000000
1.000000	1.000000	1.000000	1.000000	1.000000	1.000000	1.000000	472.000000	1.000000	1.000000	1.000000	1.000000	243.000000	465.000000	1.000000	1.000000	1.000000	1.000000	1.000000	1.000000	1.000000
1.000000	1.000000	1.000000	1.000000	1.000000	1.000000	211.000000	740.000000	463.000000	1.000000	1.000000	223.000000	1.000000	1.000000	237.000000	220.000000	1.000000	181.000000	1.000000	1.000000	1.000000
1.000000	1.000000	1.000000	1.000000	1.000000	1.000000	1.000000	232.000000	221.000000	1.000000	211.000000	192.000000	1.000000	1.000000	1.000000	1.000000	181.000000	186.000000	1.000000	1.000000	1.000000
1.000000	1.000000	1.000000	1.000000	1.000000	1.000000	1.000000	1.000000	1.000000	1.000000	1.000000	1.000000	1.000000	1.000000	1.000000	1.000000	188.000000	203.000000	1.000000	1.000000	1.000000
1.000000	1.000000	1.000000	1.000000	1.000000	1.000000	1.000000	1.000000	1.000000	1.000000	1.000000	1.000000	1.000000	1.000000	1.000000	1.000000	1.000000	1.000000	1.000000	1.000000	1.000000
1.000000	1.000000	1.000000	1.000000	1.000000	1.000000	1.000000	1.000000	1.000000	1.000000	1.000000	1.000000	1.000000	1.000000	1.000000	1.000000	1.000000	1.000000	1.000000	1.000000	1.000000
1.000000	1.000000	1.000000	1.000000	1.000000	1.000000	1.000000	1.000000	1.000000	1.000000	1.000000	1.000000	1.000000	1.000000	1.000000	1.000000	1.000000	1.000000	1.000000	1.000000	1.000000
1.000000	1.000000	1.000000	1.000000	1.000000	1.000000	1.000000	1.000000	1.000000	1.000000	1.000000	1.000000	1.000000	1.000000	1.000000	1.000000	1.000000	1.000000	1.000000	1.000000	1.000000
1.000000	1.000000	1.000000	1.000000	1.000000	1.000000	1.000000	1.000000	1.000000	1.000000	1.000000	1.000000	1.000000	1.000000	1.000000	1.000000	1.000000	1.000000	1.000000	1.000000	1.000000
