21 25 0
1.000000	1.000000	1.000000	214.000000	213.000000	1.000000	1.000000	1.000000	180.000000	217.000000	207.000000	204.000000	1.000000	192.000000	607.000000	850.000000	442.000000	1.000000	1.000000	1.000000	1.000000
1.000000	1.000000	1.000000	205.000000	196.000000	204.000000	1.000000	1.000000	1.000000	1.000000	1.000000	1.000000	1.000000	1.000000	1.000000	212.000000	415.000000	231.000000	1.000000	1.000000	1.000000
1.000000	1.000000	1.000000	1.000000	399.000000	384.000000	1.000000	201.000000	1.000000	1.000000	1.000000	1.000000	1.000000	1.000000	1.000000	239.000000	650.000000	236.000000	1.000000	1.000000	1.000000
1.000000	1.000000	1.000000	1.000000	1.000000	1.000000	1.000000	199.000000	428.000000	1.000000	1.000000	1.000000	1.000000	464.000000	191.000000	192.000000	441.000000	450.000000	201.000000	1.000000	1.000000
1.000000	1.000000	1.000000	1.000000	255.000000	461.000000	225.000000	1.000000	1.000000	1.000000	1.000000	188.000000	405.000000	1.000000	1.000000	192.000000	235.000000	1.000000	1.000000	211.000000	1.000000
1.000000	1.000000	1.000000	1.000000	1.000000	1.000000	219.000000	1.000000	1.000000	1.000000	1.000000	1.000000	1.000000	1.000000	1.000000	414.000000	225.000000	588.000000	206.000000	192.000000	1.000000
1.000000	1.000000	1.000000	1.000000	1.000000	1.000000	1.000000	1.000000	219.000000	1.000000	1.000000	1.000000	1.000000	1.000000	1.000000	1.000000	1.000000	1.000000	1.000000	1.000000	1.000000
1.000000	1.000000	1.000000	213.000000	510.000000	501.000000	1.000000	1.000000	198.000000	409.000000	205.000000	680.000000	1.000000	1.000000	1.000000	1.000000	1.000000	212.000000	1.000000	1.000000	1.000000
1.000000	1.000000	1.000000	1.000000	237.000000	682.000000	708.000000	655.000000	408.000000	794.000000	828.000000	643.000000	189.000000	194.000000	662.000000	1423.000000	755.000000	882.000000	228.000000	1.000000	1.000000
1.000000	1.000000	1.000000	1.000000	1.000000	1.000000	835.000000	1318.000000	858.000000	238.000000	229.000000	398.000000	611.000000	601.000000	867.000000	1288.000000	849.000000	178.000000	1.000000	1.000000	1.000000
1.000000	1.000000	1.000000	1.000000	1.000000	182.000000	467.000000	397.000000	1.000000	1.000000	1.000000	1.000000	237.000000	837.000000	895.000000	1057.000000	603.000000	215.000000	1.000000	1.000000	1.000000
1.000000	1.000000	1.000000	1.000000	1.000000	1.000000	1.000000	1.000000	222.000000	1.000000	222.000000	231.000000	204.000000	1.000000	199.000000	437.000000	248.000000	235.000000	1.000000	1.000000	1.000000
1.000000	1.000000	1.000000	1.000000	1.000000	1.000000	1.000000	1.000000	440.000000	656.000000	840.000000	407.000000	221.000000	221.000000	1.000000	1.000000	1.000000	1.000000	1.000000	1.000000	1.000000
1.000000	1.000000	1.000000	1.000000	1.000000	198.000000	712.000000	753.000000	251.000000	1.000000	1.000000	1.000000	1.000000	470.000000	479.000000	213.000000	1.000000	1.000000	1.000000	1.000000	1.000000
1.000000	1.000000	1.000000	1.000000	1.000000	1.000000	451.000000	449.000000	748.000000	492.000000	491.000000	240.000000	421.000000	921.000000	674.000000	428.000000	1.000000	1.000000	1.000000	1.000000	1.000000
1.000000	1.000000	1.000000	1.000000	194.000000	1.000000	1.000000	443.000000	256.000000	497.000000	707.000000	976.000000	497.000000	212.000000	1.000000	1.000000	185.000000	394.000000	1.000000	1.000000	1.000000
1.000000	1.000000	1.000000	1.000000	205.000000	667.000000	983.000000	223.000000	1.000000	1.000000	1.000000	1.000000	1.000000	1.000000	228.000000	184.000000	198.000000	180.000000	1.000000	1.000000	1.000000
1.000000	1.000000	1.000000	1.000000	1.000000	214.000000	704.000000	1116.000000	870.000000	228.000000	225.000000	240.000000	244.000000	575.000000	985.000000	385.000000	1.000000	1.000000	1.000000	1.000000	1.000000
1.000000	1.000000	1.000000	1.000000	1.000000	1.000000	1.000000	445.000000	686.000000	206.000000	205.000000	192.000000	204.000000	390.000000	382.000000	1.000000	1.000000	1.000000	1.000000	1.000000	1.000000
1.000000	1.000000	1.000000	1.000000	1.000000	1.000000	1.000000	1.000000	1.000000	1.000000	225.000000	224.000000	214.000000	215.000000	215.000000	1.000000	1.000000	1.000000	1.000000	1.000000	1.000000
1.000000	1.000000	1.000000	1.000000	1.000000	1.000000	1.000000	1.000000	1.000000	1.000000	1.000000	1.000000	1.000000	1.000000	1.000000	1.000000	1.000000	1.000000	1.000000	1.000000	1.000000
1.000000	1.000000	1.000000	1.000000	1.000000	1.000000	1.000000	1.000000	1.000000	1.000000	1.000000	1.000000	1.000000	1.000000	1.000000	1.000000	1.000000	1.000000	1.000000	1.000000	1.000000
1.000000	1.000000	1.000000	1.000000	1.000000	1.000000	1.000000	1.000000	1.000000	1.000000	1.000000	1.000000	1.000000	1.000000	1.000000	1.000000	1.000000	1.000000	1.000000	1.000000	1.000000
1.000000	1.000000	1.000000	1.000000	1.000000	1.000000	1.000000	1.000000	1.000000	1.000000	1.000000	1.000000	1.000000	1.000000	1.000000	1.000000	1.000000	1.000000	1.000000	1.000000	1.000000
1.000000	1.000000	1.000000	1.000000	1.000000	1.000000	1.000000	1.000000	1.000000	1.000000	1.000000	1.000000	1.000000	1.000000	1.000000	1.000000	1.000000	1.000000	1.000000	1.000000	1.000000
