21 25 0
1.000000	1.000000	1.000000	1.000000	1.000000	1.000000	1.000000	1.000000	381.000000	423.000000	216.000000	199.000000	445.000000	239.000000	1.000000	1.000000	1.000000	1.000000	1.000000	1.000000	1.000000
1.000000	1.000000	1.000000	1.000000	1.000000	1.000000	213.000000	213.000000	187.000000	1.000000	206.000000	387.000000	800.000000	241.000000	1.000000	1.000000	1.000000	498.000000	497.000000	1.000000	1.000000
1.000000	1.000000	1.000000	1.000000	1.000000	1.000000	1.000000	1.000000	1.000000	191.000000	380.000000	185.000000	1.000000	1.000000	379.000000	218.000000	1.000000	1.000000	226.000000	1.000000	1.000000
1.000000	1.000000	1.000000	1.000000	422.000000	208.000000	1.000000	1.000000	1.000000	1.000000	1.000000	1.000000	1.000000	1.000000	1.000000	1.000000	1.000000	232.000000	1.000000	1.000000	1.000000
1.000000	1.000000	1.000000	1.000000	1.000000	1.000000	1.000000	200.000000	220.000000	197.000000	1.000000	1.000000	1.000000	1.000000	198.000000	187.000000	218.000000	218.000000	1.000000	1.000000	1.000000
1.000000	1.000000	1.000000	1.000000	510.000000	502.000000	228.000000	627.000000	656.000000	868.000000	207.000000	244.000000	857.000000	855.000000	243.000000	206.000000	1.000000	1.000000	1.000000	1.000000	1.000000
1.000000	1.000000	1.000000	1.000000	505.000000	951.000000	1161.000000	894.000000	213.000000	407.000000	618.000000	570.000000	432.000000	624.000000	903.000000	1623.000000	1198.000000	439.000000	188.000000	1.000000	1.000000
1.000000	1.000000	1.000000	1.000000	1.000000	1.000000	465.000000	881.000000	1.000000	1.000000	1.000000	1.000000	1.000000	1.000000	669.000000	1333.000000	1171.000000	631.000000	225.000000	1.000000	1.000000
1.000000	1.000000	1.000000	1.000000	1.000000	1.000000	1.000000	1.000000	1.000000	1.000000	1.000000	1.000000	1.000000	1.000000	1.000000	192.000000	1.000000	215.000000	1.000000	1.000000	1.000000
1.000000	1.000000	1.000000	1.000000	1.000000	1.000000	1.000000	1.000000	1.000000	1.000000	1.000000	215.000000	1.000000	1.000000	1.000000	1.000000	1.000000	213.000000	203.000000	193.000000	1.000000
1.000000	1.000000	1.000000	1.000000	1.000000	196.000000	1.000000	1.000000	200.000000	1.000000	1.000000	243.000000	1.000000	1.000000	1.000000	1.000000	1.000000	1.000000	207.000000	1.000000	1.000000
1.000000	1.000000	1.000000	1.000000	187.000000	629.000000	611.000000	245.000000	434.000000	230.000000	186.000000	186.000000	383.000000	640.000000	635.000000	393.000000	185.000000	1.000000	1.000000	1.000000	1.000000
1.000000	1.000000	1.000000	1.000000	192.000000	424.000000	249.000000	233.000000	493.000000	203.000000	1.000000	203.000000	202.000000	434.000000	1503.000000	1063.000000	410.000000	1.000000	1.000000	1.000000	1.000000
1.000000	1.000000	1.000000	1.000000	1.000000	1.000000	197.000000	420.000000	934.000000	1123.000000	1354.000000	1203.000000	869.000000	405.000000	615.000000	623.000000	647.000000	593.000000	189.000000	1.000000	1.000000
1.000000	1.000000	1.000000	1.000000	1.000000	236.000000	1.000000	1.000000	648.000000	711.000000	858.000000	436.000000	241.000000	200.000000	1.000000	1.000000	376.000000	201.000000	1.000000	1.000000	1.000000
1.000000	1.000000	1.000000	1.000000	1.000000	1.000000	927.000000	958.000000	619.000000	1.000000	1.000000	1.000000	1.000000	471.000000	482.000000	1.000000	1.000000	1.000000	1.000000	1.000000	1.000000
1.000000	1.000000	1.000000	1.000000	1.000000	1.000000	1.000000	685.000000	736.000000	489.000000	489.000000	928.000000	1137.000000	676.000000	451.000000	1.000000	1.000000	1.000000	1.000000	1.000000	1.000000
1.000000	1.000000	1.000000	1.000000	1.000000	1.000000	1.000000	1.000000	1.000000	463.000000	846.000000	654.000000	437.000000	1.000000	1.000000	1.000000	1.000000	1.000000	1.000000	1.000000	1.000000
1.000000	1.000000	1.000000	1.000000	1.000000	1.000000	1.000000	1.000000	1.000000	1.000000	419.000000	399.000000	1.000000	1.000000	1.000000	1.000000	1.000000	1.000000	1.000000	1.000000	1.000000
1.000000	1.000000	1.000000	1.000000	1.000000	1.000000	1.000000	239.000000	1.000000	1.000000	1.000000	1.000000	1.000000	1.000000	1.000000	1.000000	1.000000	185.000000	1.000000	1.000000	1.000000
1.000000	1.000000	1.000000	1.000000	1.000000	1.000000	1.000000	1.000000	1.000000	1.000000	1.000000	1.000000	1.000000	1.000000	1.000000	1.000000	1.000000	1.000000	1.000000	1.000000	1.000000
1.000000	1.000000	1.000000	1.000000	1.000000	1.000000	1.000000	1.000000	1.000000	1.000000	1.000000	1.000000	1.000000	1.000000	1.000000	1.000000	1.000000	1.000000	1.000000	1.000000	1.000000
1.000000	1.000000	1.000000	1.000000	1.000000	1.000000	1.000000	1.000000	1.000000	1.000000	1.000000	1.000000	1.000000	1.000000	1.000000	1.000000	1.000000	1.000000	1.000000	1.000000	1.000000
1.000000	1.000000	1.000000	1.000000	1.000000	1.000000	1.000000	1.000000	1.000000	1.000000	1.000000	1.000000	1.000000	1.000000	1.000000	1.000000	1.000000	1.000000	1.000000	1.000000	1.000000
1.000000	1.000000	1.000000	1.000000	1.000000	1.000000	1.000000	1.000000	1.000000	1.000000	1.000000	1.000000	1.000000	1.000000	1.000000	1.000000	1.000000	1.000000	1.000000	1.000000	1.000000
