21 25 0
1.000000	1.000000	1.000000	1.000000	1.000000	1.000000	1.000000	1.000000	1.000000	1.000000	1.000000	1.000000	1.000000	1.000000	1.000000	1.000000	1.000000	1.000000	1.000000	1.000000	1.000000
1.000000	1.000000	1.000000	1.000000	384.000000	558.000000	774.000000	982.000000	1132.000000	1199.000000	866.000000	869.000000	1096.000000	1284.000000	1112.000000	861.000000	400.000000	188.000000	223.000000	219.000000	1.000000
1.000000	1.000000	1.000000	1.000000	372.000000	588.000000	599.000000	571.000000	601.000000	417.000000	199.000000	193.000000	1.000000	178.000000	178.000000	848.000000	611.000000	203.000000	256.000000	1.000000	1.000000
1.000000	1.000000	1.000000	1.000000	361.000000	163.000000	161.000000	1.000000	1.000000	1.000000	1.000000	1.000000	1.000000	1.000000	231.000000	239.000000	489.000000	1.000000	1.000000	1.000000	1.000000
1.000000	1.000000	1.000000	1.000000	1.000000	1.000000	1.000000	1.000000	1.000000	1.000000	1.000000	1.000000	1.000000	1.000000	430.000000	1.000000	1.000000	1.000000	1.000000	1.000000	1.000000
1.000000	1.000000	1.000000	1.000000	1.000000	408.000000	671.000000	1005.000000	1.000000	1.000000	1.000000	1.000000	388.000000	856.000000	431.000000	1.000000	1.000000	1.000000	1.000000	1.000000	1.000000
1.000000	1.000000	1.000000	1.000000	1.000000	232.000000	436.000000	422.000000	188.000000	187.000000	1.000000	1.000000	1.000000	1.000000	1.000000	255.000000	252.000000	222.000000	1.000000	1.000000	1.000000
1.000000	1.000000	1.000000	1.000000	1.000000	244.000000	1.000000	1.000000	1.000000	1.000000	1.000000	1.000000	247.000000	1.000000	1.000000	1.000000	1.000000	1.000000	1.000000	1.000000	1.000000
1.000000	1.000000	1.000000	1.000000	1.000000	1.000000	254.000000	1.000000	1.000000	229.000000	662.000000	249.000000	1.000000	248.000000	255.000000	1.000000	1.000000	1.000000	1.000000	1.000000	1.000000
1.000000	1.000000	1.000000	1.000000	1.000000	422.000000	410.000000	885.000000	388.000000	175.000000	579.000000	1077.000000	1328.000000	931.000000	200.000000	784.000000	1081.000000	638.000000	204.000000	1.000000	1.000000
1.000000	1.000000	1.000000	1.000000	569.000000	820.000000	898.000000	1729.000000	1208.000000	680.000000	192.000000	1294.000000	1874.000000	1853.000000	1502.000000	1197.000000	416.000000	217.000000	1.000000	1.000000	1.000000
1.000000	1.000000	1.000000	1.000000	438.000000	419.000000	359.000000	427.000000	612.000000	1.000000	1.000000	1.000000	1.000000	396.000000	196.000000	1.000000	1.000000	1.000000	1.000000	1.000000	1.000000
1.000000	1.000000	1.000000	1.000000	1.000000	1.000000	1.000000	1.000000	1.000000	1.000000	1.000000	1.000000	1.000000	1.000000	1.000000	1.000000	1.000000	1.000000	1.000000	1.000000	1.000000
1.000000	1.000000	1.000000	1.000000	1.000000	1.000000	1.000000	1.000000	200.000000	814.000000	1035.000000	1520.000000	1415.000000	914.000000	599.000000	593.000000	198.000000	1.000000	1.000000	1.000000	1.000000
1.000000	1.000000	1.000000	1.000000	1.000000	1.000000	1.000000	1195.000000	1250.000000	1295.000000	643.000000	946.000000	1201.000000	914.000000	587.000000	358.000000	1.000000	1.000000	1.000000	1.000000	1.000000
1.000000	1.000000	1.000000	1.000000	1.000000	1.000000	1.000000	1.000000	1.000000	1.000000	1.000000	1.000000	1.000000	1.000000	1.000000	1.000000	1.000000	1.000000	1.000000	1.000000	1.000000
1.000000	1.000000	1.000000	1.000000	1.000000	1.000000	1.000000	210.000000	1.000000	1.000000	198.000000	408.000000	211.000000	440.000000	434.000000	433.000000	1.000000	1.000000	1.000000	1.000000	1.000000
1.000000	1.000000	1.000000	1.000000	1.000000	196.000000	1243.000000	1488.000000	1011.000000	621.000000	676.000000	494.000000	495.000000	1296.000000	1216.000000	654.000000	231.000000	1.000000	1.000000	1.000000	1.000000
1.000000	1.000000	1.000000	1.000000	1.000000	1.000000	1.000000	576.000000	357.000000	366.000000	387.000000	558.000000	392.000000	238.000000	1.000000	1.000000	1.000000	1.000000	1.000000	1.000000	1.000000
1.000000	1.000000	1.000000	1.000000	1.000000	1.000000	1.000000	1.000000	1.000000	1.000000	1.000000	1.000000	1.000000	1.000000	1.000000	1.000000	1.000000	1.000000	1.000000	1.000000	1.000000
1.000000	1.000000	1.000000	1.000000	1.000000	1.000000	1.000000	1.000000	1.000000	1.000000	1.000000	1.000000	1.000000	1.000000	1.000000	1.000000	1.000000	1.000000	1.000000	1.000000	1.000000
1.000000	1.000000	1.000000	1.000000	1.000000	1.000000	1.000000	1.000000	1.000000	1.000000	1.000000	1.000000	1.000000	1.000000	1.000000	1.000000	1.000000	1.000000	1.000000	1.000000	1.000000
1.000000	1.000000	1.000000	1.000000	1.000000	1.000000	1.000000	1.000000	1.000000	1.000000	1.000000	1.000000	1.000000	1.000000	1.000000	1.000000	1.000000	1.000000	1.000000	1.000000	1.000000
1.000000	1.000000	1.000000	1.000000	1.000000	1.000000	1.000000	1.000000	1.000000	1.000000	1.000000	1.000000	1.000000	1.000000	1.000000	1.000000	1.000000	1.000000	1.000000	1.000000	1.000000
1.000000	1.000000	1.000000	1.000000	1.000000	1.000000	1.000000	1.000000	1.000000	1.000000	1.000000	1.000000	1.000000	1.000000	1.000000	1.000000	1.000000	1.000000	1.000000	1.000000	1.000000
