21 25 0
1.000000	1.000000	1.000000	1.000000	1.000000	1.000000	1.000000	1.000000	1.000000	1.000000	1.000000	1.000000	1.000000	1.000000	1.000000	1.000000	1.000000	1.000000	1.000000	1.000000	1.000000
1.000000	1.000000	1.000000	1.000000	165.000000	162.000000	1.000000	1.000000	1.000000	1.000000	1.000000	1.000000	1.000000	1.000000	1.000000	1.000000	1.000000	1.000000	1.000000	1.000000	1.000000
1.000000	1.000000	1.000000	1.000000	1.000000	1.000000	202.000000	406.000000	207.000000	200.000000	456.000000	637.000000	1031.000000	1.000000	222.000000	463.000000	1.000000	1.000000	1.000000	1.000000	1.000000
1.000000	1.000000	1.000000	1.000000	1.000000	209.000000	373.000000	172.000000	1.000000	416.000000	683.000000	820.000000	429.000000	1.000000	1.000000	245.000000	1.000000	1.000000	1.000000	1.000000	1.000000
1.000000	1.000000	1.000000	1.000000	1.000000	186.000000	365.000000	448.000000	1.000000	1.000000	1.000000	1.000000	1.000000	1.000000	1.000000	255.000000	252.000000	1.000000	1.000000	1.000000	1.000000
1.000000	1.000000	1.000000	1.000000	1.000000	1.000000	1.000000	1.000000	1.000000	1.000000	1.000000	1.000000	1.000000	1.000000	231.000000	240.000000	1.000000	1.000000	218.000000	1.000000	1.000000
1.000000	1.000000	1.000000	1.000000	1.000000	191.000000	479.000000	424.000000	457.000000	1.000000	197.000000	1.000000	210.000000	1342.000000	1358.000000	896.000000	640.000000	1.000000	1.000000	1.000000	1.000000
1.000000	1.000000	1.000000	1.000000	374.000000	854.000000	1314.000000	1371.000000	819.000000	1.000000	167.000000	388.000000	1131.000000	1163.000000	1315.000000	1117.000000	1317.000000	683.000000	1.000000	1.000000	1.000000
1.000000	1.000000	1.000000	1.000000	593.000000	818.000000	930.000000	1110.000000	603.000000	187.000000	1.000000	1.000000	1.000000	189.000000	217.000000	217.000000	465.000000	250.000000	1.000000	1.000000	1.000000
1.000000	1.000000	1.000000	1.000000	1.000000	245.000000	1.000000	1.000000	1.000000	1.000000	1.000000	1.000000	248.000000	1.000000	1.000000	1.000000	1.000000	1.000000	1.000000	1.000000	1.000000
1.000000	1.000000	1.000000	1.000000	1.000000	1.000000	1.000000	1.000000	1.000000	1.000000	1.000000	1.000000	1.000000	1.000000	1.000000	1.000000	1.000000	1.000000	1.000000	1.000000	1.000000
1.000000	1.000000	1.000000	1.000000	1.000000	1.000000	209.000000	1.000000	1.000000	415.000000	1327.000000	1788.000000	718.000000	191.000000	399.000000	187.000000	768.000000	189.000000	1.000000	1.000000	1.000000
1.000000	1.000000	1.000000	1.000000	186.000000	356.000000	1.000000	370.000000	1489.000000	1803.000000	1600.000000	1676.000000	1693.000000	1303.000000	736.000000	352.000000	192.000000	1.000000	1.000000	1.000000	1.000000
1.000000	1.000000	1.000000	1.000000	1.000000	1.000000	168.000000	170.000000	179.000000	1.000000	1.000000	1.000000	1.000000	1.000000	1.000000	1.000000	1.000000	1.000000	1.000000	1.000000	1.000000
1.000000	1.000000	1.000000	1.000000	1.000000	1.000000	1.000000	1.000000	1.000000	1.000000	397.000000	413.000000	184.000000	1.000000	1.000000	202.000000	1.000000	1.000000	1.000000	1.000000	1.000000
1.000000	1.000000	1.000000	1.000000	1.000000	1.000000	617.000000	1224.000000	1225.000000	1442.000000	1471.000000	1540.000000	1685.000000	1689.000000	1650.000000	1025.000000	212.000000	1.000000	1.000000	1.000000	1.000000
1.000000	1.000000	1.000000	1.000000	1.000000	1.000000	613.000000	1250.000000	1005.000000	228.000000	192.000000	239.000000	470.000000	484.000000	416.000000	171.000000	1.000000	1.000000	1.000000	1.000000	1.000000
1.000000	1.000000	1.000000	1.000000	1.000000	1.000000	1.000000	1.000000	1.000000	1.000000	1.000000	1.000000	1.000000	1.000000	1.000000	1.000000	1.000000	1.000000	1.000000	1.000000	1.000000
1.000000	1.000000	1.000000	1.000000	1.000000	1.000000	1.000000	212.000000	1.000000	1.000000	1.000000	201.000000	188.000000	225.000000	218.000000	207.000000	1.000000	1.000000	1.000000	1.000000	1.000000
1.000000	1.000000	1.000000	1.000000	1.000000	1.000000	213.000000	1.000000	1.000000	1.000000	1.000000	1.000000	1.000000	1.000000	1.000000	1.000000	1.000000	1.000000	1.000000	1.000000	1.000000
1.000000	1.000000	1.000000	1.000000	1.000000	1.000000	1.000000	1.000000	1.000000	1.000000	1.000000	1.000000	1.000000	1.000000	1.000000	1.000000	1.000000	1.000000	1.000000	1.000000	1.000000
1.000000	1.000000	1.000000	1.000000	1.000000	1.000000	1.000000	1.000000	1.000000	1.000000	1.000000	1.000000	1.000000	1.000000	1.000000	1.000000	1.000000	1.000000	1.000000	1.000000	1.000000
1.000000	1.000000	1.000000	1.000000	1.000000	1.000000	1.000000	1.000000	1.000000	1.000000	1.000000	1.000000	1.000000	1.000000	1.000000	1.000000	1.000000	1.000000	1.000000	1.000000	1.000000
1.000000	1.000000	1.000000	1.000000	1.000000	1.000000	1.000000	1.000000	1.000000	1.000000	1.000000	1.000000	1.000000	1.000000	1.000000	1.000000	1.000000	1.000000	1.000000	1.000000	1.000000
1.000000	1.000000	1.000000	1.000000	1.000000	1.000000	1.000000	1.000000	1.000000	1.000000	1.000000	1.000000	1.000000	1.000000	1.000000	1.000000	1.000000	1.000000	1.000000	1.000000	1.000000
