21 25 0
1.000000	1.000000	1.000000	1.000000	1.000000	1.000000	1.000000	1.000000	1.000000	1.000000	1.000000	1.000000	1.000000	1.000000	1.000000	1.000000	1.000000	1.000000	1.000000	1.000000	1.000000
1.000000	1.000000	1.000000	1.000000	202.000000	1.000000	1.000000	159.000000	1.000000	1.000000	1.000000	1.000000	1.000000	195.000000	1.000000	364.000000	426.000000	1.000000	1.000000	229.000000	1.000000
1.000000	1.000000	1.000000	1.000000	1.000000	1.000000	1.000000	1.000000	1.000000	1.000000	1.000000	1.000000	1.000000	196.000000	1.000000	235.000000	753.000000	486.000000	231.000000	247.000000	1.000000
1.000000	1.000000	1.000000	1.000000	1.000000	1.000000	181.000000	176.000000	1.000000	1.000000	1.000000	1.000000	1.000000	1.000000	1.000000	1.000000	729.000000	245.000000	1.000000	218.000000	1.000000
1.000000	1.000000	1.000000	1.000000	1.000000	1.000000	1.000000	1.000000	1.000000	1.000000	1.000000	1.000000	1.000000	1.000000	1.000000	1.000000	232.000000	1.000000	1.000000	1.000000	1.000000
1.000000	1.000000	1.000000	1.000000	250.000000	1.000000	1.000000	1.000000	1.000000	1.000000	1.000000	1.000000	1.000000	1.000000	1.000000	1.000000	166.000000	1.000000	1.000000	1.000000	1.000000
1.000000	1.000000	1.000000	1.000000	251.000000	1.000000	1.000000	243.000000	230.000000	1.000000	1.000000	1.000000	1.000000	474.000000	1.000000	1.000000	1.000000	1.000000	1.000000	1.000000	1.000000
1.000000	1.000000	1.000000	1.000000	475.000000	469.000000	1.000000	1.000000	231.000000	1.000000	1.000000	1.000000	214.000000	741.000000	212.000000	1.000000	1.000000	1.000000	1.000000	1.000000	1.000000
1.000000	1.000000	1.000000	1.000000	476.000000	726.000000	673.000000	239.000000	187.000000	1.000000	194.000000	1330.000000	706.000000	507.000000	1.000000	1.000000	1.000000	1.000000	1.000000	1.000000	1.000000
1.000000	1.000000	1.000000	1.000000	219.000000	507.000000	413.000000	200.000000	1.000000	1.000000	194.000000	1393.000000	1181.000000	488.000000	1.000000	1.000000	1.000000	1.000000	1.000000	1.000000	1.000000
1.000000	1.000000	1.000000	1.000000	169.000000	1.000000	240.000000	1.000000	1.000000	1.000000	1.000000	582.000000	1370.000000	245.000000	1.000000	1.000000	1.000000	1.000000	1.000000	1.000000	1.000000
1.000000	1.000000	1.000000	1.000000	169.000000	1.000000	1.000000	1.000000	1.000000	1.000000	1.000000	220.000000	462.000000	445.000000	438.000000	1.000000	1.000000	219.000000	1.000000	1.000000	1.000000
1.000000	1.000000	1.000000	1.000000	163.000000	230.000000	1.000000	1.000000	580.000000	1.000000	1.000000	191.000000	214.000000	207.000000	1.000000	1.000000	1.000000	219.000000	1.000000	1.000000	1.000000
1.000000	1.000000	1.000000	1.000000	1.000000	1.000000	1.000000	1.000000	1042.000000	1.000000	1.000000	1.000000	1.000000	1.000000	1.000000	1.000000	1.000000	1.000000	1.000000	1.000000	1.000000
1.000000	1.000000	1.000000	1.000000	1.000000	1.000000	1.000000	1.000000	387.000000	1.000000	1.000000	1.000000	1.000000	184.000000	420.000000	1.000000	1.000000	1.000000	1.000000	1.000000	1.000000
1.000000	1.000000	1.000000	1.000000	1.000000	1.000000	1.000000	1.000000	232.000000	1.000000	1.000000	1.000000	1.000000	585.000000	421.000000	1.000000	1.000000	1.000000	1.000000	1.000000	1.000000
1.000000	1.000000	1.000000	1.000000	1.000000	452.000000	599.000000	1.000000	233.000000	195.000000	386.000000	1.000000	1.000000	1.000000	222.000000	208.000000	1.000000	1.000000	1.000000	1.000000	1.000000
1.000000	1.000000	1.000000	1.000000	1.000000	257.000000	407.000000	181.000000	1.000000	195.000000	185.000000	1.000000	1.000000	193.000000	218.000000	208.000000	1.000000	1.000000	1.000000	1.000000	1.000000
1.000000	1.000000	1.000000	1.000000	1.000000	257.000000	214.000000	181.000000	161.000000	161.000000	1.000000	1.000000	1.000000	189.000000	341.000000	1.000000	1.000000	1.000000	1.000000	1.000000	1.000000
1.000000	1.000000	1.000000	1.000000	1.000000	1.000000	1.000000	1.000000	1.000000	1.000000	1.000000	1.000000	1.000000	1.000000	1.000000	1.000000	1.000000	1.000000	1.000000	1.000000	1.000000
1.000000	1.000000	1.000000	1.000000	1.000000	1.000000	1.000000	1.000000	1.000000	1.000000	1.000000	1.000000	1.000000	1.000000	1.000000	1.000000	1.000000	1.000000	1.000000	1.000000	1.000000
1.000000	1.000000	1.000000	1.000000	1.000000	1.000000	1.000000	1.000000	1.000000	1.000000	1.000000	1.000000	1.000000	1.000000	1.000000	1.000000	1.000000	1.000000	1.000000	1.000000	1.000000
1.000000	1.000000	1.000000	1.000000	1.000000	1.000000	1.000000	1.000000	1.000000	1.000000	1.000000	1.000000	1.000000	1.000000	1.000000	1.000000	1.000000	1.000000	1.000000	1.000000	1.000000
1.000000	1.000000	1.000000	1.000000	1.000000	1.000000	1.000000	1.000000	1.000000	1.000000	1.000000	1.000000	1.000000	1.000000	1.000000	1.000000	1.000000	1.000000	1.000000	1.000000	1.000000
1.000000	1.000000	1.000000	1.000000	1.000000	1.000000	1.000000	1.000000	1.000000	1.000000	1.000000	1.000000	1.000000	1.000000	1.000000	1.000000	1.000000	1.000000	1.000000	1.000000	1.000000
