21 25 0
1.000000	1.000000	1.000000	1.000000	1.000000	1.000000	1.000000	1.000000	1.000000	1.000000	1.000000	1.000000	1.000000	1.000000	1.000000	1.000000	1.000000	1.000000	1.000000	1.000000	1.000000
1.000000	1.000000	1.000000	1.000000	1.000000	1.000000	210.000000	1.000000	1.000000	409.000000	413.000000	1.000000	1.000000	221.000000	191.000000	1.000000	1.000000	1.000000	1.000000	1.000000	1.000000
1.000000	1.000000	1.000000	1.000000	1.000000	203.000000	1.000000	1.000000	1.000000	409.000000	201.000000	1.000000	1.000000	181.000000	1.000000	1.000000	1.000000	245.000000	252.000000	1.000000	1.000000
1.000000	1.000000	1.000000	1.000000	1.000000	1.000000	1.000000	1.000000	1.000000	1.000000	1.000000	1.000000	1.000000	1.000000	1.000000	1.000000	1.000000	257.000000	257.000000	1.000000	1.000000
1.000000	1.000000	1.000000	1.000000	1.000000	1.000000	1.000000	1.000000	1.000000	1.000000	1.000000	1.000000	1.000000	1.000000	1.000000	1.000000	1.000000	457.000000	243.000000	1.000000	1.000000
1.000000	1.000000	1.000000	1.000000	1.000000	1.000000	1.000000	1.000000	1.000000	1.000000	1.000000	1.000000	1.000000	1.000000	1.000000	218.000000	491.000000	220.000000	237.000000	236.000000	1.000000
1.000000	1.000000	1.000000	1.000000	1.000000	1.000000	228.000000	201.000000	1.000000	1.000000	1.000000	1.000000	1.000000	1.000000	1.000000	1.000000	499.000000	469.000000	254.000000	257.000000	1.000000
1.000000	1.000000	1.000000	1.000000	1.000000	1.000000	191.000000	455.000000	196.000000	186.000000	1.000000	1.000000	1.000000	1.000000	183.000000	250.000000	726.000000	461.000000	256.000000	254.000000	1.000000
1.000000	1.000000	1.000000	1.000000	1.000000	1.000000	206.000000	254.000000	1348.000000	1397.000000	411.000000	1.000000	1.000000	201.000000	199.000000	206.000000	692.000000	435.000000	254.000000	236.000000	1.000000
1.000000	1.000000	1.000000	1.000000	1.000000	1.000000	1.000000	251.000000	830.000000	1522.000000	663.000000	1.000000	1.000000	240.000000	1.000000	1.000000	460.000000	1.000000	254.000000	235.000000	1.000000
1.000000	1.000000	1.000000	1.000000	1.000000	1.000000	1.000000	1.000000	462.000000	1120.000000	717.000000	1.000000	1.000000	1.000000	1.000000	1.000000	183.000000	1.000000	218.000000	194.000000	1.000000
1.000000	1.000000	1.000000	1.000000	186.000000	1.000000	1.000000	175.000000	224.000000	441.000000	650.000000	248.000000	1.000000	1.000000	182.000000	218.000000	187.000000	1.000000	1.000000	1.000000	1.000000
1.000000	1.000000	1.000000	1.000000	1.000000	1.000000	168.000000	175.000000	1.000000	409.000000	451.000000	241.000000	243.000000	1.000000	1.000000	218.000000	1.000000	1.000000	1.000000	1.000000	1.000000
1.000000	1.000000	1.000000	1.000000	1.000000	1.000000	1.000000	1.000000	1.000000	207.000000	451.000000	234.000000	485.000000	1.000000	1.000000	1.000000	1.000000	1.000000	1.000000	1.000000	1.000000
1.000000	1.000000	1.000000	1.000000	1.000000	1.000000	1.000000	1.000000	1.000000	208.000000	416.000000	1.000000	481.000000	1.000000	1.000000	165.000000	1.000000	1.000000	1.000000	1.000000	1.000000
1.000000	1.000000	1.000000	1.000000	1.000000	1.000000	1.000000	213.000000	1.000000	1.000000	1.000000	230.000000	1.000000	1.000000	1.000000	174.000000	417.000000	1.000000	1.000000	1.000000	1.000000
1.000000	1.000000	1.000000	1.000000	1.000000	1.000000	1.000000	466.000000	1.000000	1.000000	1.000000	1.000000	163.000000	1.000000	1.000000	548.000000	617.000000	1.000000	1.000000	254.000000	1.000000
1.000000	1.000000	1.000000	1.000000	1.000000	1.000000	1.000000	667.000000	1.000000	1.000000	1.000000	1.000000	377.000000	193.000000	1.000000	190.000000	611.000000	1.000000	200.000000	190.000000	1.000000
1.000000	1.000000	1.000000	1.000000	411.000000	1.000000	1.000000	174.000000	1.000000	1.000000	1.000000	161.000000	1.000000	1.000000	1.000000	1.000000	373.000000	196.000000	453.000000	1.000000	1.000000
1.000000	1.000000	1.000000	1.000000	1.000000	1.000000	1.000000	1.000000	1.000000	1.000000	1.000000	209.000000	1.000000	1.000000	1.000000	1.000000	1.000000	1.000000	255.000000	1.000000	1.000000
1.000000	1.000000	1.000000	1.000000	1.000000	1.000000	1.000000	1.000000	1.000000	1.000000	1.000000	1.000000	1.000000	1.000000	1.000000	1.000000	1.000000	1.000000	1.000000	1.000000	1.000000
1.000000	1.000000	1.000000	1.000000	1.000000	1.000000	1.000000	1.000000	1.000000	1.000000	1.000000	1.000000	1.000000	1.000000	1.000000	1.000000	1.000000	1.000000	1.000000	1.000000	1.000000
1.000000	1.000000	1.000000	1.000000	1.000000	1.000000	1.000000	1.000000	1.000000	1.000000	1.000000	1.000000	1.000000	1.000000	1.000000	1.000000	1.000000	1.000000	1.000000	1.000000	1.000000
1.000000	1.000000	1.000000	1.000000	1.000000	1.000000	1.000000	1.000000	1.000000	1.000000	1.000000	1.000000	1.000000	1.000000	1.000000	1.000000	1.000000	1.000000	1.000000	1.000000	1.000000
1.000000	1.000000	1.000000	1.000000	1.000000	1.000000	1.000000	1.000000	1.000000	1.000000	1.000000	1.000000	1.000000	1.000000	1.000000	1.000000	1.000000	1.000000	1.000000	1.000000	1.000000
