21 25 0
1.000000	1.000000	1.000000	1.000000	1.000000	1.000000	1.000000	1.000000	1.000000	1.000000	1.000000	1.000000	1.000000	1.000000	1.000000	1.000000	1.000000	1.000000	1.000000	1.000000	1.000000
1.000000	1.000000	1.000000	1.000000	1.000000	1.000000	1.000000	1.000000	1.000000	1.000000	1.000000	1.000000	1.000000	1.000000	1.000000	1.000000	1.000000	1.000000	1.000000	1.000000	1.000000
1.000000	1.000000	1.000000	1.000000	1.000000	1.000000	1.000000	179.000000	177.000000	1.000000	1.000000	1.000000	1.000000	1.000000	1.000000	1.000000	1.000000	1.000000	1.000000	1.000000	1.000000
1.000000	1.000000	1.000000	1.000000	1.000000	1.000000	1.000000	1.000000	1.000000	1.000000	1.000000	1.000000	1.000000	1.000000	1.000000	1.000000	1.000000	1.000000	1.000000	1.000000	1.000000
1.000000	1.000000	1.000000	1.000000	1.000000	189.000000	210.000000	1.000000	1.000000	1.000000	178.000000	178.000000	580.000000	1225.000000	1420.000000	1255.000000	377.000000	1.000000	1.000000	1.000000	1.000000
1.000000	1.000000	1.000000	602.000000	1076.000000	1446.000000	1750.000000	1494.000000	1178.000000	777.000000	381.000000	389.000000	562.000000	408.000000	224.000000	1.000000	1.000000	1.000000	1.000000	1.000000	1.000000
1.000000	1.000000	1.000000	1.000000	1.000000	1.000000	1.000000	1.000000	1.000000	205.000000	447.000000	559.000000	201.000000	191.000000	725.000000	473.000000	423.000000	1.000000	1.000000	1.000000	1.000000
1.000000	1.000000	1.000000	253.000000	633.000000	659.000000	192.000000	1.000000	1.000000	171.000000	341.000000	226.000000	422.000000	205.000000	672.000000	1202.000000	490.000000	1.000000	1.000000	1.000000	1.000000
1.000000	1.000000	1.000000	251.000000	1439.000000	783.000000	409.000000	1.000000	1.000000	1.000000	1.000000	1.000000	1.000000	1.000000	256.000000	256.000000	206.000000	1.000000	1.000000	1.000000	1.000000
1.000000	1.000000	1.000000	1.000000	1.000000	1.000000	1.000000	1.000000	1.000000	1.000000	1.000000	1.000000	1.000000	1.000000	1.000000	1.000000	229.000000	1.000000	1.000000	1.000000	1.000000
1.000000	1.000000	1.000000	1.000000	1.000000	1.000000	1.000000	1.000000	185.000000	1.000000	1.000000	1.000000	169.000000	191.000000	191.000000	199.000000	194.000000	1.000000	1.000000	1.000000	1.000000
1.000000	1.000000	1.000000	180.000000	967.000000	1202.000000	933.000000	244.000000	1.000000	231.000000	180.000000	1.000000	1.000000	441.000000	1006.000000	567.000000	193.000000	1.000000	1.000000	1.000000	1.000000
1.000000	1.000000	1.000000	1.000000	1.000000	373.000000	182.000000	370.000000	676.000000	1490.000000	1376.000000	1546.000000	1359.000000	228.000000	211.000000	228.000000	1.000000	1.000000	1.000000	1.000000	1.000000
1.000000	1.000000	1.000000	1.000000	1.000000	1.000000	1.000000	1.000000	405.000000	671.000000	887.000000	391.000000	1.000000	1.000000	1.000000	1.000000	1.000000	1.000000	1.000000	1.000000	1.000000
1.000000	1.000000	1.000000	643.000000	394.000000	378.000000	400.000000	209.000000	1.000000	208.000000	1.000000	1.000000	175.000000	574.000000	942.000000	723.000000	178.000000	1.000000	1.000000	1.000000	1.000000
1.000000	1.000000	1.000000	209.000000	215.000000	1229.000000	1714.000000	1734.000000	871.000000	853.000000	647.000000	404.000000	891.000000	1300.000000	1721.000000	1424.000000	573.000000	1.000000	1.000000	1.000000	1.000000
1.000000	1.000000	1.000000	1.000000	435.000000	417.000000	208.000000	1.000000	1.000000	1.000000	1.000000	1.000000	1.000000	1.000000	235.000000	235.000000	203.000000	1.000000	1.000000	1.000000	1.000000
1.000000	1.000000	1.000000	1.000000	1.000000	1.000000	1.000000	1.000000	201.000000	219.000000	218.000000	232.000000	1.000000	1.000000	1.000000	1.000000	1.000000	1.000000	1.000000	1.000000	1.000000
1.000000	1.000000	1.000000	1.000000	1.000000	189.000000	652.000000	888.000000	1271.000000	1336.000000	1415.000000	1367.000000	1279.000000	1061.000000	776.000000	172.000000	1.000000	1.000000	1.000000	1.000000	1.000000
1.000000	1.000000	1.000000	1.000000	1.000000	214.000000	415.000000	676.000000	645.000000	225.000000	225.000000	204.000000	639.000000	620.000000	390.000000	187.000000	1.000000	1.000000	1.000000	1.000000	1.000000
1.000000	1.000000	1.000000	1.000000	1.000000	1.000000	1.000000	1.000000	1.000000	1.000000	1.000000	1.000000	1.000000	1.000000	1.000000	1.000000	1.000000	1.000000	1.000000	1.000000	1.000000
1.000000	1.000000	1.000000	1.000000	1.000000	1.000000	1.000000	1.000000	1.000000	1.000000	1.000000	1.000000	1.000000	1.000000	1.000000	1.000000	1.000000	1.000000	1.000000	1.000000	1.000000
1.000000	1.000000	1.000000	1.000000	1.000000	1.000000	1.000000	1.000000	1.000000	1.000000	1.000000	1.000000	1.000000	1.000000	1.000000	1.000000	1.000000	1.000000	1.000000	1.000000	1.000000
1.000000	1.000000	1.000000	1.000000	1.000000	1.000000	1.000000	1.000000	1.000000	1.000000	1.000000	1.000000	1.000000	1.000000	1.000000	1.000000	1.000000	1.000000	1.000000	1.000000	1.000000
1.000000	1.000000	1.000000	1.000000	1.000000	1.000000	1.000000	1.000000	1.000000	1.000000	1.000000	1.000000	1.000000	1.000000	1.000000	1.000000	1.000000	1.000000	1.000000	1.000000	1.000000
