21 25 0
1.000000	1.000000	1.000000	1.000000	1.000000	1.000000	1.000000	1.000000	1.000000	1.000000	1.000000	1.000000	1.000000	1.000000	1.000000	1.000000	1.000000	1.000000	1.000000	1.000000	1.000000
1.000000	1.000000	1.000000	1.000000	1.000000	1.000000	1.000000	1.000000	1.000000	1.000000	180.000000	1.000000	1.000000	1.000000	1.000000	1.000000	478.000000	1.000000	1.000000	1.000000	1.000000
1.000000	1.000000	1.000000	1.000000	221.000000	1.000000	1.000000	1.000000	1.000000	1.000000	1.000000	1.000000	1.000000	1.000000	1.000000	1.000000	238.000000	1.000000	1.000000	1.000000	1.000000
1.000000	1.000000	1.000000	1.000000	229.000000	1.000000	1.000000	178.000000	1.000000	1.000000	1.000000	1.000000	1.000000	1.000000	1.000000	1.000000	192.000000	1.000000	1.000000	1.000000	1.000000
1.000000	1.000000	1.000000	1.000000	1.000000	1.000000	1.000000	205.000000	1.000000	1.000000	174.000000	649.000000	1.000000	1.000000	239.000000	1.000000	1.000000	1.000000	1.000000	1.000000	1.000000
1.000000	1.000000	1.000000	1.000000	1.000000	381.000000	1.000000	208.000000	1.000000	1.000000	175.000000	638.000000	1.000000	1.000000	240.000000	1.000000	1.000000	1.000000	1.000000	1.000000	1.000000
1.000000	1.000000	1.000000	1.000000	225.000000	726.000000	1.000000	1.000000	1.000000	1.000000	361.000000	409.000000	1.000000	197.000000	1.000000	1.000000	1.000000	1.000000	1.000000	1.000000	1.000000
1.000000	1.000000	1.000000	1.000000	481.000000	938.000000	1.000000	1.000000	496.000000	1.000000	596.000000	409.000000	195.000000	197.000000	1.000000	1.000000	1.000000	1.000000	1.000000	1.000000	1.000000
1.000000	1.000000	1.000000	1.000000	495.000000	657.000000	1.000000	1.000000	719.000000	182.000000	726.000000	637.000000	243.000000	1.000000	1.000000	1.000000	1.000000	1.000000	1.000000	1.000000	1.000000
1.000000	1.000000	1.000000	390.000000	239.000000	209.000000	1.000000	475.000000	669.000000	241.000000	733.000000	926.000000	253.000000	400.000000	231.000000	1.000000	1.000000	1.000000	1.000000	1.000000	1.000000
1.000000	1.000000	1.000000	639.000000	1.000000	189.000000	1.000000	932.000000	639.000000	182.000000	902.000000	467.000000	249.000000	1.000000	224.000000	395.000000	1.000000	1.000000	1.000000	1.000000	1.000000
1.000000	1.000000	1.000000	1.000000	422.000000	1.000000	1.000000	369.000000	613.000000	1.000000	378.000000	476.000000	602.000000	1.000000	225.000000	629.000000	210.000000	1.000000	1.000000	1.000000	1.000000
1.000000	1.000000	1.000000	217.000000	862.000000	1.000000	1.000000	177.000000	623.000000	1.000000	583.000000	923.000000	461.000000	1.000000	213.000000	178.000000	197.000000	1.000000	1.000000	1.000000	1.000000
1.000000	1.000000	1.000000	634.000000	1121.000000	1.000000	1.000000	614.000000	976.000000	1.000000	187.000000	732.000000	1.000000	1.000000	1.000000	363.000000	206.000000	1.000000	1.000000	1.000000	1.000000
1.000000	1.000000	1.000000	426.000000	799.000000	1.000000	1.000000	855.000000	1322.000000	228.000000	1.000000	391.000000	1.000000	1.000000	1.000000	187.000000	1.000000	1.000000	1.000000	1.000000	1.000000
1.000000	1.000000	1.000000	409.000000	557.000000	1.000000	1.000000	380.000000	212.000000	1.000000	1.000000	1.000000	1.000000	1.000000	1.000000	1.000000	1.000000	1.000000	1.000000	1.000000	1.000000
1.000000	1.000000	1.000000	377.000000	983.000000	1.000000	1.000000	1.000000	1.000000	1.000000	1.000000	1073.000000	1.000000	230.000000	1093.000000	230.000000	1.000000	1.000000	1.000000	1.000000	1.000000
1.000000	1.000000	1.000000	171.000000	793.000000	359.000000	1.000000	1.000000	210.000000	1.000000	1.000000	237.000000	1.000000	463.000000	1509.000000	413.000000	192.000000	1.000000	1.000000	1.000000	1.000000
1.000000	1.000000	1.000000	1.000000	1.000000	183.000000	1.000000	1.000000	201.000000	1.000000	1.000000	1.000000	1.000000	233.000000	1242.000000	173.000000	192.000000	1.000000	1.000000	1.000000	1.000000
1.000000	1.000000	1.000000	1.000000	214.000000	1.000000	1.000000	196.000000	1.000000	212.000000	1.000000	1.000000	1.000000	1.000000	1.000000	184.000000	1.000000	1.000000	1.000000	1.000000	1.000000
1.000000	1.000000	1.000000	1.000000	1.000000	1.000000	1.000000	1.000000	1.000000	1.000000	1.000000	1.000000	1.000000	1.000000	1.000000	1.000000	1.000000	1.000000	1.000000	1.000000	1.000000
1.000000	1.000000	1.000000	1.000000	1.000000	1.000000	1.000000	1.000000	1.000000	1.000000	1.000000	1.000000	1.000000	1.000000	1.000000	1.000000	1.000000	1.000000	1.000000	1.000000	1.000000
1.000000	1.000000	1.000000	1.000000	1.000000	1.000000	1.000000	1.000000	1.000000	1.000000	1.000000	1.000000	1.000000	1.000000	1.000000	1.000000	1.000000	1.000000	1.000000	1.000000	1.000000
1.000000	1.000000	1.000000	1.000000	1.000000	1.000000	1.000000	1.000000	1.000000	1.000000	1.000000	1.000000	1.000000	1.000000	1.000000	1.000000	1.000000	1.000000	1.000000	1.000000	1.000000
1.000000	1.000000	1.000000	1.000000	1.000000	1.000000	1.000000	1.000000	1.000000	1.000000	1.000000	1.000000	1.000000	1.000000	1.000000	1.000000	1.000000	1.000000	1.000000	1.000000	1.000000
