21 25 0
1.000000	1.000000	1.000000	1.000000	1.000000	1.000000	1.000000	1.000000	1.000000	1.000000	1.000000	1.000000	1.000000	1.000000	1.000000	1.000000	1.000000	1.000000	1.000000	1.000000	1.000000
1.000000	1.000000	1.000000	1.000000	1.000000	1.000000	1.000000	1.000000	1.000000	1.000000	1.000000	1.000000	1.000000	1.000000	1.000000	1.000000	172.000000	1.000000	1.000000	1.000000	1.000000
1.000000	1.000000	1.000000	1.000000	1.000000	1.000000	1.000000	1.000000	1.000000	1.000000	1.000000	1.000000	1.000000	1.000000	1.000000	1.000000	1.000000	1.000000	1.000000	1.000000	1.000000
1.000000	1.000000	1.000000	1.000000	1.000000	791.000000	1029.000000	785.000000	1.000000	1.000000	567.000000	178.000000	197.000000	1060.000000	890.000000	216.000000	240.000000	1.000000	1.000000	1.000000	1.000000
1.000000	1.000000	1.000000	1.000000	600.000000	431.000000	415.000000	562.000000	416.000000	379.000000	178.000000	1.000000	172.000000	413.000000	403.000000	1.000000	1.000000	1.000000	1.000000	1.000000	1.000000
1.000000	1.000000	1.000000	1.000000	1.000000	1.000000	1.000000	1.000000	1.000000	170.000000	1.000000	1.000000	187.000000	1.000000	256.000000	249.000000	246.000000	1.000000	1.000000	1.000000	1.000000
1.000000	1.000000	1.000000	250.000000	1434.000000	209.000000	209.000000	1.000000	1.000000	1.000000	1.000000	1.000000	1.000000	1.000000	426.000000	1.000000	1.000000	1.000000	1.000000	1.000000	1.000000
1.000000	1.000000	1.000000	1.000000	1.000000	1.000000	1.000000	232.000000	655.000000	231.000000	1.000000	1.000000	1.000000	1.000000	1.000000	1.000000	1.000000	1.000000	1.000000	1.000000	1.000000
1.000000	1.000000	1.000000	1.000000	1.000000	1.000000	1.000000	1.000000	1.000000	1.000000	236.000000	416.000000	1046.000000	1031.000000	1135.000000	1167.000000	703.000000	1.000000	1.000000	1.000000	1.000000
1.000000	1.000000	1.000000	757.000000	1762.000000	1879.000000	1578.000000	1267.000000	408.000000	454.000000	452.000000	213.000000	221.000000	635.000000	1038.000000	433.000000	405.000000	1.000000	1.000000	1.000000	1.000000
1.000000	1.000000	1.000000	1.000000	412.000000	380.000000	378.000000	176.000000	1.000000	1.000000	1.000000	1.000000	1.000000	179.000000	211.000000	456.000000	467.000000	1.000000	1.000000	1.000000	1.000000
1.000000	1.000000	1.000000	1.000000	1.000000	1.000000	1.000000	1.000000	250.000000	196.000000	237.000000	1.000000	199.000000	1.000000	1.000000	1.000000	1.000000	1.000000	1.000000	1.000000	1.000000
1.000000	1.000000	1.000000	1.000000	1.000000	1.000000	1.000000	1.000000	1.000000	1.000000	1.000000	1.000000	1.000000	199.000000	752.000000	734.000000	194.000000	1.000000	1.000000	1.000000	1.000000
1.000000	1.000000	1.000000	180.000000	936.000000	975.000000	1479.000000	649.000000	227.000000	227.000000	209.000000	178.000000	205.000000	443.000000	1012.000000	601.000000	192.000000	1.000000	1.000000	1.000000	1.000000
1.000000	1.000000	1.000000	1.000000	1.000000	184.000000	1.000000	1.000000	441.000000	955.000000	385.000000	1.000000	1.000000	1.000000	1.000000	1.000000	1.000000	1.000000	1.000000	1.000000	1.000000
1.000000	1.000000	1.000000	1.000000	1.000000	1.000000	1.000000	1.000000	1.000000	1.000000	665.000000	247.000000	1.000000	1.000000	1.000000	1.000000	1.000000	1.000000	1.000000	1.000000	1.000000
1.000000	1.000000	1.000000	1.000000	1.000000	186.000000	389.000000	673.000000	1080.000000	1326.000000	1677.000000	1636.000000	1698.000000	1513.000000	984.000000	177.000000	1.000000	1.000000	1.000000	1.000000	1.000000
1.000000	1.000000	1.000000	1.000000	213.000000	606.000000	1254.000000	1347.000000	1406.000000	1053.000000	202.000000	632.000000	1277.000000	1478.000000	1632.000000	639.000000	199.000000	1.000000	1.000000	1.000000	1.000000
1.000000	1.000000	1.000000	1.000000	172.000000	181.000000	207.000000	1.000000	1.000000	1.000000	190.000000	1.000000	1.000000	1.000000	1.000000	1.000000	1.000000	1.000000	1.000000	1.000000	1.000000
1.000000	1.000000	1.000000	1.000000	1.000000	1.000000	1.000000	1.000000	196.000000	195.000000	1.000000	1.000000	1.000000	1.000000	1.000000	1.000000	1.000000	1.000000	1.000000	1.000000	1.000000
1.000000	1.000000	1.000000	1.000000	1.000000	1.000000	1.000000	1.000000	1.000000	1.000000	1.000000	1.000000	1.000000	1.000000	1.000000	1.000000	1.000000	1.000000	1.000000	1.000000	1.000000
1.000000	1.000000	1.000000	1.000000	1.000000	1.000000	1.000000	1.000000	1.000000	1.000000	1.000000	1.000000	1.000000	1.000000	1.000000	1.000000	1.000000	1.000000	1.000000	1.000000	1.000000
1.000000	1.000000	1.000000	1.000000	1.000000	1.000000	1.000000	1.000000	1.000000	1.000000	1.000000	1.000000	1.000000	1.000000	1.000000	1.000000	1.000000	1.000000	1.000000	1.000000	1.000000
1.000000	1.000000	1.000000	1.000000	1.000000	1.000000	1.000000	1.000000	1.000000	1.000000	1.000000	1.000000	1.000000	1.000000	1.000000	1.000000	1.000000	1.000000	1.000000	1.000000	1.000000
1.000000	1.000000	1.000000	1.000000	1.000000	1.000000	1.000000	1.000000	1.000000	1.000000	1.000000	1.000000	1.000000	1.000000	1.000000	1.000000	1.000000	1.000000	1.000000	1.000000	1.000000
