21 25 0
1.000000	1.000000	1.000000	1.000000	1.000000	1.000000	1.000000	1.000000	1.000000	1.000000	1.000000	1.000000	1.000000	1.000000	1.000000	1.000000	1.000000	1.000000	1.000000	1.000000	1.000000
1.000000	1.000000	1.000000	1.000000	1.000000	1.000000	1.000000	1.000000	180.000000	1.000000	1.000000	1.000000	1.000000	1.000000	1.000000	1.000000	1.000000	1.000000	1.000000	1.000000	1.000000
1.000000	1.000000	1.000000	1.000000	1.000000	1.000000	1.000000	1.000000	1.000000	1.000000	1.000000	1.000000	1.000000	1.000000	1.000000	1.000000	1.000000	1.000000	1.000000	1.000000	1.000000
1.000000	1.000000	1.000000	1.000000	1.000000	1.000000	1.000000	1.000000	1.000000	177.000000	1.000000	1.000000	1.000000	1.000000	1.000000	1.000000	245.000000	1.000000	1.000000	1.000000	1.000000
1.000000	1.000000	1.000000	1.000000	186.000000	198.000000	1.000000	1.000000	1.000000	178.000000	1.000000	1.000000	1.000000	1.000000	1.000000	1.000000	243.000000	1.000000	1.000000	1.000000	1.000000
1.000000	1.000000	1.000000	1.000000	1.000000	198.000000	1.000000	1.000000	1.000000	179.000000	1.000000	1.000000	1.000000	1.000000	248.000000	255.000000	230.000000	1.000000	1.000000	1.000000	1.000000
1.000000	1.000000	1.000000	191.000000	1.000000	1.000000	1.000000	1.000000	181.000000	518.000000	1.000000	1.000000	1.000000	172.000000	741.000000	510.000000	1.000000	1.000000	1.000000	1.000000	1.000000
1.000000	1.000000	1.000000	192.000000	168.000000	1.000000	510.000000	176.000000	182.000000	607.000000	211.000000	1.000000	1.000000	1.000000	422.000000	460.000000	1.000000	1.000000	1.000000	1.000000	1.000000
1.000000	1.000000	1.000000	1.000000	1.000000	1.000000	1177.000000	1.000000	1.000000	700.000000	469.000000	233.000000	469.000000	1.000000	1.000000	191.000000	1.000000	1.000000	1.000000	1.000000	1.000000
1.000000	1.000000	1.000000	1.000000	1.000000	1.000000	853.000000	1.000000	1.000000	1311.000000	431.000000	663.000000	784.000000	201.000000	1.000000	1.000000	250.000000	1.000000	1.000000	1.000000	1.000000
1.000000	1.000000	1.000000	1.000000	1.000000	1.000000	239.000000	1.000000	491.000000	834.000000	559.000000	184.000000	373.000000	1.000000	198.000000	1.000000	250.000000	1.000000	1.000000	1.000000	1.000000
1.000000	1.000000	1.000000	1.000000	1.000000	1.000000	182.000000	1.000000	718.000000	871.000000	681.000000	217.000000	1.000000	198.000000	593.000000	1.000000	417.000000	1.000000	1.000000	1.000000	1.000000
1.000000	1.000000	1.000000	1.000000	1.000000	1.000000	634.000000	1.000000	1.000000	486.000000	721.000000	1.000000	1.000000	462.000000	373.000000	1.000000	621.000000	1.000000	1.000000	1.000000	1.000000
1.000000	1.000000	1.000000	1.000000	1.000000	173.000000	661.000000	1.000000	1.000000	479.000000	969.000000	1.000000	230.000000	1603.000000	1.000000	1.000000	193.000000	1.000000	1.000000	1.000000	1.000000
1.000000	1.000000	1.000000	1.000000	1.000000	739.000000	775.000000	1.000000	1.000000	209.000000	181.000000	1.000000	419.000000	1223.000000	1.000000	1.000000	1.000000	1.000000	1.000000	1.000000	1.000000
1.000000	1.000000	1.000000	1.000000	1.000000	566.000000	1.000000	1.000000	1.000000	210.000000	1.000000	1.000000	1.000000	216.000000	179.000000	368.000000	1.000000	1.000000	1.000000	1.000000	1.000000
1.000000	1.000000	1.000000	1.000000	1.000000	215.000000	649.000000	216.000000	1.000000	860.000000	215.000000	1.000000	1.000000	236.000000	1.000000	207.000000	1.000000	1.000000	1.000000	1.000000	1.000000
1.000000	1.000000	1.000000	1.000000	1.000000	395.000000	1283.000000	425.000000	1.000000	460.000000	216.000000	1.000000	1.000000	236.000000	1.000000	227.000000	361.000000	1.000000	1.000000	1.000000	1.000000
1.000000	1.000000	1.000000	1.000000	1.000000	1.000000	1048.000000	614.000000	1.000000	1.000000	1.000000	1.000000	1.000000	1.000000	1.000000	1.000000	368.000000	1.000000	1.000000	1.000000	1.000000
1.000000	1.000000	1.000000	1.000000	1.000000	1.000000	1.000000	227.000000	1.000000	1.000000	1.000000	1.000000	1.000000	185.000000	1.000000	169.000000	174.000000	1.000000	1.000000	1.000000	1.000000
1.000000	1.000000	1.000000	1.000000	1.000000	1.000000	1.000000	1.000000	1.000000	1.000000	1.000000	1.000000	1.000000	1.000000	1.000000	1.000000	1.000000	1.000000	1.000000	1.000000	1.000000
1.000000	1.000000	1.000000	1.000000	1.000000	1.000000	1.000000	1.000000	1.000000	1.000000	1.000000	1.000000	1.000000	1.000000	1.000000	1.000000	1.000000	1.000000	1.000000	1.000000	1.000000
1.000000	1.000000	1.000000	1.000000	1.000000	1.000000	1.000000	1.000000	1.000000	1.000000	1.000000	1.000000	1.000000	1.000000	1.000000	1.000000	1.000000	1.000000	1.000000	1.000000	1.000000
1.000000	1.000000	1.000000	1.000000	1.000000	1.000000	1.000000	1.000000	1.000000	1.000000	1.000000	1.000000	1.000000	1.000000	1.000000	1.000000	1.000000	1.000000	1.000000	1.000000	1.000000
1.000000	1.000000	1.000000	1.000000	1.000000	1.000000	1.000000	1.000000	1.000000	1.000000	1.000000	1.000000	1.000000	1.000000	1.000000	1.000000	1.000000	1.000000	1.000000	1.000000	1.000000
