21 25 0
1.000000	1.000000	1.000000	1.000000	1.000000	1.000000	1.000000	1.000000	1.000000	1.000000	1.000000	1.000000	1.000000	1.000000	1.000000	1.000000	1.000000	1.000000	1.000000	1.000000	1.000000
1.000000	1.000000	1.000000	1.000000	1.000000	1.000000	1.000000	444.000000	643.000000	219.000000	1.000000	1.000000	1.000000	1.000000	1.000000	1.000000	1.000000	1.000000	1.000000	1.000000	1.000000
1.000000	1.000000	1.000000	1.000000	485.000000	699.000000	482.000000	888.000000	659.000000	358.000000	184.000000	788.000000	789.000000	181.000000	1.000000	1.000000	1.000000	1.000000	1.000000	1.000000	1.000000
1.000000	1.000000	1.000000	1.000000	437.000000	1.000000	1.000000	1.000000	180.000000	387.000000	416.000000	786.000000	582.000000	559.000000	1.000000	399.000000	1.000000	1.000000	1.000000	1.000000	1.000000
1.000000	1.000000	1.000000	1.000000	1.000000	1.000000	1.000000	1.000000	1.000000	1.000000	1.000000	1.000000	1.000000	1.000000	1.000000	1.000000	1.000000	1.000000	1.000000	1.000000	1.000000
1.000000	1.000000	1.000000	1.000000	1.000000	348.000000	172.000000	401.000000	233.000000	1.000000	1.000000	1.000000	1.000000	1.000000	1.000000	1.000000	1.000000	1.000000	1.000000	1.000000	1.000000
1.000000	1.000000	1.000000	209.000000	390.000000	883.000000	1145.000000	1779.000000	1904.000000	1158.000000	1.000000	1.000000	867.000000	1633.000000	1158.000000	386.000000	385.000000	182.000000	1.000000	1.000000	1.000000
1.000000	1.000000	1.000000	1.000000	230.000000	651.000000	894.000000	1031.000000	843.000000	586.000000	1.000000	1.000000	1003.000000	1698.000000	1748.000000	1743.000000	1480.000000	618.000000	184.000000	1.000000	1.000000
1.000000	1.000000	1.000000	1.000000	1.000000	1.000000	1.000000	1.000000	1.000000	1.000000	1.000000	1.000000	1.000000	1.000000	1.000000	220.000000	219.000000	212.000000	1.000000	1.000000	1.000000
1.000000	1.000000	1.000000	1.000000	1.000000	228.000000	196.000000	1.000000	1.000000	1.000000	1.000000	248.000000	1.000000	1.000000	1.000000	1.000000	1.000000	1.000000	1.000000	1.000000	1.000000
1.000000	1.000000	1.000000	1.000000	1.000000	246.000000	863.000000	412.000000	1.000000	1.000000	1.000000	233.000000	241.000000	449.000000	404.000000	688.000000	1.000000	1.000000	1.000000	1.000000	1.000000
1.000000	1.000000	1.000000	1.000000	1.000000	170.000000	196.000000	370.000000	811.000000	425.000000	386.000000	384.000000	207.000000	395.000000	205.000000	444.000000	199.000000	184.000000	1.000000	1.000000	1.000000
1.000000	1.000000	1.000000	1.000000	1.000000	1.000000	191.000000	203.000000	707.000000	1932.000000	1984.000000	1239.000000	409.000000	205.000000	1.000000	171.000000	190.000000	369.000000	197.000000	1.000000	1.000000
1.000000	1.000000	1.000000	1.000000	1.000000	1.000000	1.000000	1.000000	1.000000	202.000000	247.000000	1.000000	1.000000	1.000000	1.000000	1.000000	184.000000	1.000000	1.000000	1.000000	1.000000
1.000000	1.000000	1.000000	1.000000	1.000000	178.000000	257.000000	212.000000	191.000000	1.000000	1.000000	1.000000	1.000000	1.000000	1.000000	1.000000	1.000000	1.000000	1.000000	1.000000	1.000000
1.000000	1.000000	1.000000	1.000000	1.000000	1.000000	199.000000	1505.000000	1659.000000	1925.000000	1727.000000	1872.000000	1685.000000	1172.000000	386.000000	1.000000	1.000000	1.000000	182.000000	1.000000	1.000000
1.000000	1.000000	1.000000	1.000000	1.000000	1.000000	178.000000	178.000000	1.000000	254.000000	231.000000	392.000000	615.000000	189.000000	181.000000	1.000000	180.000000	1.000000	1.000000	1.000000	1.000000
1.000000	1.000000	1.000000	1.000000	1.000000	1.000000	1.000000	1.000000	1.000000	1.000000	1.000000	1.000000	1.000000	1.000000	1.000000	1.000000	1.000000	1.000000	1.000000	1.000000	1.000000
1.000000	1.000000	1.000000	1.000000	1.000000	1.000000	1.000000	1.000000	1.000000	1.000000	1.000000	1.000000	1.000000	1.000000	1.000000	1.000000	1.000000	1.000000	1.000000	1.000000	1.000000
1.000000	1.000000	1.000000	1.000000	1.000000	1.000000	1.000000	1.000000	1.000000	1.000000	1.000000	1.000000	1.000000	1.000000	1.000000	1.000000	1.000000	1.000000	1.000000	1.000000	1.000000
1.000000	1.000000	1.000000	1.000000	1.000000	1.000000	1.000000	1.000000	1.000000	1.000000	1.000000	1.000000	1.000000	1.000000	1.000000	1.000000	1.000000	1.000000	1.000000	1.000000	1.000000
1.000000	1.000000	1.000000	1.000000	1.000000	1.000000	1.000000	1.000000	1.000000	1.000000	1.000000	1.000000	1.000000	1.000000	1.000000	1.000000	1.000000	1.000000	1.000000	1.000000	1.000000
1.000000	1.000000	1.000000	1.000000	1.000000	1.000000	1.000000	1.000000	1.000000	1.000000	1.000000	1.000000	1.000000	1.000000	1.000000	1.000000	1.000000	1.000000	1.000000	1.000000	1.000000
1.000000	1.000000	1.000000	1.000000	1.000000	1.000000	1.000000	1.000000	1.000000	1.000000	1.000000	1.000000	1.000000	1.000000	1.000000	1.000000	1.000000	1.000000	1.000000	1.000000	1.000000
1.000000	1.000000	1.000000	1.000000	1.000000	1.000000	1.000000	1.000000	1.000000	1.000000	1.000000	1.000000	1.000000	1.000000	1.000000	1.000000	1.000000	1.000000	1.000000	1.000000	1.000000
