21 25 0
1.000000	1.000000	1.000000	218.000000	484.000000	968.000000	1565.000000	1840.000000	1740.000000	1714.000000	1466.000000	1348.000000	1115.000000	577.000000	361.000000	373.000000	1121.000000	748.000000	204.000000	1.000000	1.000000
1.000000	1.000000	1.000000	219.000000	694.000000	1167.000000	935.000000	801.000000	575.000000	597.000000	786.000000	1082.000000	1260.000000	1163.000000	751.000000	792.000000	1167.000000	1031.000000	414.000000	194.000000	1.000000
1.000000	1.000000	1.000000	1.000000	216.000000	1.000000	1.000000	1.000000	1.000000	1.000000	1.000000	1.000000	173.000000	173.000000	1.000000	1.000000	1.000000	1.000000	214.000000	1.000000	1.000000
1.000000	1.000000	1.000000	1.000000	1.000000	1.000000	1.000000	1.000000	1.000000	1.000000	1.000000	1.000000	1.000000	1.000000	1.000000	1.000000	1.000000	1.000000	1.000000	1.000000	1.000000
1.000000	1.000000	1.000000	1.000000	1.000000	208.000000	827.000000	626.000000	360.000000	1.000000	1.000000	1.000000	1.000000	1.000000	1.000000	1.000000	1.000000	1.000000	1.000000	1.000000	1.000000
1.000000	1.000000	1.000000	1.000000	1.000000	434.000000	603.000000	213.000000	222.000000	205.000000	1.000000	1.000000	203.000000	1008.000000	838.000000	848.000000	838.000000	385.000000	1.000000	1.000000	1.000000
1.000000	1.000000	1.000000	1.000000	1.000000	1.000000	1.000000	1.000000	1.000000	1.000000	1.000000	1.000000	1.000000	1.000000	1.000000	1.000000	197.000000	1.000000	1.000000	1.000000	1.000000
1.000000	1.000000	1.000000	1.000000	1.000000	228.000000	225.000000	416.000000	405.000000	197.000000	424.000000	246.000000	1.000000	1.000000	1.000000	1.000000	1.000000	1.000000	1.000000	1.000000	1.000000
1.000000	1.000000	1.000000	215.000000	389.000000	1319.000000	1590.000000	1808.000000	1859.000000	1787.000000	1222.000000	221.000000	1568.000000	1638.000000	1193.000000	720.000000	636.000000	181.000000	1.000000	1.000000	1.000000
1.000000	1.000000	1.000000	1.000000	412.000000	874.000000	859.000000	821.000000	592.000000	190.000000	1.000000	1.000000	619.000000	1527.000000	1743.000000	1740.000000	1040.000000	414.000000	1.000000	1.000000	1.000000
1.000000	1.000000	1.000000	1.000000	1.000000	1.000000	1.000000	1.000000	1.000000	252.000000	230.000000	1.000000	1.000000	181.000000	181.000000	397.000000	813.000000	435.000000	197.000000	1.000000	1.000000
1.000000	1.000000	1.000000	1.000000	1.000000	1.000000	1.000000	1.000000	441.000000	447.000000	692.000000	219.000000	1.000000	1.000000	1.000000	1.000000	1.000000	1.000000	1.000000	1.000000	1.000000
1.000000	1.000000	1.000000	1.000000	1.000000	1.000000	177.000000	1.000000	1.000000	1.000000	1.000000	1.000000	1.000000	1.000000	1.000000	1.000000	1.000000	1.000000	1.000000	1.000000	1.000000
1.000000	1.000000	1.000000	1.000000	1.000000	170.000000	209.000000	575.000000	999.000000	679.000000	481.000000	464.000000	611.000000	1.000000	1.000000	1.000000	1.000000	1.000000	1.000000	1.000000	1.000000
1.000000	1.000000	1.000000	1.000000	1.000000	1.000000	175.000000	593.000000	1158.000000	1504.000000	1678.000000	1395.000000	198.000000	197.000000	197.000000	1.000000	1.000000	1.000000	1.000000	1.000000	1.000000
1.000000	1.000000	1.000000	1.000000	1.000000	1.000000	1.000000	1.000000	1.000000	1.000000	1.000000	1.000000	1.000000	1.000000	1.000000	1.000000	1.000000	1.000000	1.000000	1.000000	1.000000
1.000000	1.000000	1.000000	1.000000	1.000000	170.000000	256.000000	446.000000	687.000000	1164.000000	922.000000	421.000000	387.000000	195.000000	1.000000	1.000000	1.000000	1.000000	1.000000	1.000000	1.000000
1.000000	1.000000	1.000000	1.000000	1.000000	1.000000	178.000000	476.000000	751.000000	236.000000	199.000000	709.000000	671.000000	199.000000	1.000000	1.000000	1.000000	1.000000	1.000000	1.000000	1.000000
1.000000	1.000000	1.000000	1.000000	1.000000	1.000000	1.000000	1.000000	1.000000	1.000000	1.000000	1.000000	1.000000	1.000000	1.000000	1.000000	1.000000	1.000000	1.000000	1.000000	1.000000
1.000000	1.000000	1.000000	1.000000	1.000000	1.000000	1.000000	1.000000	1.000000	1.000000	1.000000	1.000000	1.000000	1.000000	1.000000	1.000000	1.000000	1.000000	1.000000	1.000000	1.000000
1.000000	1.000000	1.000000	1.000000	1.000000	1.000000	1.000000	1.000000	1.000000	1.000000	1.000000	1.000000	1.000000	1.000000	1.000000	1.000000	1.000000	1.000000	1.000000	1.000000	1.000000
1.000000	1.000000	1.000000	1.000000	1.000000	1.000000	1.000000	1.000000	1.000000	1.000000	1.000000	1.000000	1.000000	1.000000	1.000000	1.000000	1.000000	1.000000	1.000000	1.000000	1.000000
1.000000	1.000000	1.000000	1.000000	1.000000	1.000000	1.000000	1.000000	1.000000	1.000000	1.000000	1.000000	1.000000	1.000000	1.000000	1.000000	1.000000	1.000000	1.000000	1.000000	1.000000
1.000000	1.000000	1.000000	1.000000	1.000000	1.000000	1.000000	1.000000	1.000000	1.000000	1.000000	1.000000	1.000000	1.000000	1.000000	1.000000	1.000000	1.000000	1.000000	1.000000	1.000000
1.000000	1.000000	1.000000	1.000000	1.000000	1.000000	1.000000	1.000000	1.000000	1.000000	1.000000	1.000000	1.000000	1.000000	1.000000	1.000000	1.000000	1.000000	1.000000	1.000000	1.000000
