21 25 0
1.000000	1.000000	1.000000	389.000000	1.000000	169.000000	182.000000	1.000000	1.000000	1.000000	1.000000	1.000000	1.000000	169.000000	778.000000	800.000000	414.000000	1.000000	1.000000	1.000000	1.000000
1.000000	1.000000	186.000000	1.000000	1.000000	1.000000	1.000000	1.000000	1.000000	1.000000	1.000000	1.000000	1.000000	1.000000	1.000000	402.000000	584.000000	352.000000	1.000000	1.000000	1.000000
1.000000	1.000000	1.000000	1.000000	1.000000	1.000000	1.000000	1.000000	1.000000	184.000000	379.000000	615.000000	210.000000	205.000000	197.000000	1.000000	187.000000	200.000000	1.000000	1.000000	1.000000
1.000000	1.000000	1.000000	1.000000	1.000000	173.000000	321.000000	1.000000	243.000000	388.000000	580.000000	1018.000000	1545.000000	1272.000000	803.000000	433.000000	218.000000	1.000000	1.000000	1.000000	1.000000
1.000000	1.000000	178.000000	398.000000	177.000000	662.000000	612.000000	1.000000	1.000000	1.000000	1.000000	217.000000	869.000000	1569.000000	1579.000000	921.000000	1110.000000	687.000000	194.000000	1.000000	1.000000
1.000000	1.000000	431.000000	376.000000	208.000000	1.000000	1.000000	1.000000	1.000000	1.000000	1.000000	1.000000	1.000000	1.000000	452.000000	585.000000	788.000000	1078.000000	838.000000	222.000000	186.000000
1.000000	1.000000	1.000000	1.000000	1.000000	1.000000	1.000000	1.000000	1.000000	1.000000	214.000000	1.000000	1.000000	1.000000	1.000000	1.000000	1.000000	178.000000	210.000000	178.000000	177.000000
1.000000	1.000000	1.000000	1.000000	1.000000	1.000000	1.000000	214.000000	213.000000	429.000000	225.000000	821.000000	388.000000	1.000000	1.000000	1.000000	1.000000	1.000000	1.000000	1.000000	202.000000
1.000000	1.000000	1.000000	1.000000	187.000000	775.000000	1202.000000	1069.000000	1356.000000	622.000000	1.000000	402.000000	797.000000	1448.000000	1795.000000	925.000000	381.000000	178.000000	1.000000	1.000000	1.000000
1.000000	1.000000	1.000000	424.000000	454.000000	912.000000	1358.000000	1065.000000	695.000000	617.000000	1.000000	1.000000	470.000000	1549.000000	1440.000000	1018.000000	751.000000	164.000000	159.000000	1.000000	226.000000
1.000000	1.000000	1.000000	1.000000	1.000000	1.000000	196.000000	414.000000	187.000000	1.000000	1.000000	1.000000	1.000000	207.000000	206.000000	1023.000000	613.000000	1.000000	1.000000	1.000000	199.000000
1.000000	1.000000	1.000000	1.000000	1.000000	1.000000	1.000000	1.000000	1.000000	1.000000	1.000000	246.000000	248.000000	247.000000	1.000000	1.000000	1.000000	1.000000	1.000000	1.000000	1.000000
1.000000	1.000000	1.000000	1.000000	1.000000	1.000000	1.000000	1.000000	1.000000	1.000000	1.000000	1.000000	241.000000	1.000000	1.000000	1.000000	1.000000	1.000000	1.000000	1.000000	1.000000
1.000000	1.000000	1.000000	1.000000	1.000000	1.000000	233.000000	211.000000	343.000000	1.000000	1.000000	1.000000	1.000000	178.000000	1.000000	1.000000	1.000000	1.000000	1.000000	1.000000	1.000000
1.000000	1.000000	1.000000	1.000000	177.000000	535.000000	965.000000	800.000000	638.000000	898.000000	483.000000	469.000000	538.000000	777.000000	759.000000	1.000000	1.000000	1.000000	1.000000	1.000000	1.000000
1.000000	1.000000	1.000000	180.000000	179.000000	1.000000	1.000000	1.000000	659.000000	653.000000	807.000000	368.000000	187.000000	1.000000	1.000000	234.000000	1.000000	1.000000	1.000000	1.000000	1.000000
1.000000	1.000000	1.000000	1.000000	1.000000	1.000000	182.000000	182.000000	253.000000	1.000000	240.000000	1.000000	1.000000	1.000000	1.000000	1.000000	1.000000	1.000000	1.000000	1.000000	1.000000
1.000000	1.000000	1.000000	1.000000	1.000000	1.000000	448.000000	955.000000	1637.000000	937.000000	884.000000	474.000000	397.000000	1093.000000	718.000000	1.000000	1.000000	1.000000	1.000000	1.000000	1.000000
1.000000	1.000000	1.000000	1.000000	1.000000	1.000000	1.000000	257.000000	469.000000	451.000000	445.000000	190.000000	189.000000	1.000000	1.000000	1.000000	1.000000	1.000000	1.000000	1.000000	1.000000
1.000000	1.000000	1.000000	1.000000	1.000000	1.000000	1.000000	1.000000	1.000000	1.000000	1.000000	1.000000	1.000000	1.000000	1.000000	1.000000	1.000000	1.000000	1.000000	1.000000	1.000000
1.000000	1.000000	1.000000	1.000000	1.000000	1.000000	1.000000	1.000000	1.000000	1.000000	1.000000	1.000000	1.000000	1.000000	1.000000	1.000000	1.000000	1.000000	1.000000	1.000000	1.000000
1.000000	1.000000	1.000000	1.000000	1.000000	1.000000	1.000000	1.000000	1.000000	1.000000	1.000000	1.000000	1.000000	1.000000	1.000000	1.000000	1.000000	1.000000	1.000000	1.000000	1.000000
1.000000	1.000000	1.000000	1.000000	1.000000	1.000000	1.000000	1.000000	1.000000	1.000000	1.000000	1.000000	1.000000	1.000000	1.000000	1.000000	1.000000	1.000000	1.000000	1.000000	1.000000
1.000000	1.000000	1.000000	1.000000	1.000000	1.000000	1.000000	1.000000	1.000000	1.000000	1.000000	1.000000	1.000000	1.000000	1.000000	1.000000	1.000000	1.000000	1.000000	1.000000	1.000000
1.000000	1.000000	1.000000	1.000000	1.000000	1.000000	1.000000	1.000000	1.000000	1.000000	1.000000	1.000000	1.000000	1.000000	1.000000	1.000000	1.000000	1.000000	1.000000	1.000000	1.000000
