21 25 0
1.000000	1.000000	465.000000	406.000000	1.000000	1.000000	410.000000	383.000000	242.000000	1.000000	189.000000	1.000000	1.000000	1.000000	1.000000	187.000000	370.000000	1.000000	1.000000	1.000000	1.000000
1.000000	1.000000	1.000000	1.000000	1.000000	1.000000	1.000000	1.000000	1.000000	1.000000	1.000000	1.000000	1.000000	1.000000	1.000000	1.000000	1.000000	174.000000	1.000000	1.000000	1.000000
1.000000	1.000000	1.000000	1.000000	1.000000	174.000000	1.000000	1.000000	1.000000	1.000000	1.000000	1.000000	1.000000	1.000000	1.000000	1.000000	168.000000	1.000000	1.000000	1.000000	1.000000
1.000000	1.000000	1.000000	208.000000	1.000000	174.000000	1.000000	1.000000	1.000000	1.000000	1.000000	1.000000	611.000000	401.000000	404.000000	187.000000	1.000000	1.000000	1.000000	1.000000	1.000000
1.000000	1.000000	401.000000	392.000000	178.000000	343.000000	1.000000	1.000000	1.000000	1.000000	1.000000	1.000000	241.000000	221.000000	404.000000	193.000000	1.000000	1.000000	1.000000	194.000000	1.000000
1.000000	1.000000	1.000000	1.000000	397.000000	1.000000	1.000000	1.000000	1.000000	1.000000	1.000000	1.000000	1.000000	1.000000	1.000000	1.000000	1.000000	1.000000	1.000000	223.000000	1.000000
1.000000	1.000000	1.000000	1.000000	1.000000	1.000000	1.000000	1.000000	1.000000	432.000000	1.000000	1.000000	1.000000	1.000000	1.000000	1.000000	1.000000	1.000000	1.000000	1.000000	172.000000
1.000000	1.000000	1.000000	1.000000	1.000000	1.000000	1.000000	1.000000	1006.000000	1337.000000	892.000000	1.000000	1.000000	1.000000	1.000000	1.000000	1.000000	1.000000	1.000000	1.000000	202.000000
1.000000	1.000000	1.000000	1.000000	1.000000	176.000000	172.000000	665.000000	1216.000000	1184.000000	480.000000	1.000000	206.000000	560.000000	598.000000	710.000000	1.000000	1.000000	1.000000	1.000000	1.000000
1.000000	1.000000	1.000000	193.000000	431.000000	186.000000	423.000000	227.000000	922.000000	610.000000	1.000000	206.000000	466.000000	635.000000	559.000000	1.000000	159.000000	165.000000	1.000000	1.000000	1.000000
1.000000	1.000000	1.000000	191.000000	1.000000	1.000000	1.000000	427.000000	384.000000	1.000000	237.000000	247.000000	213.000000	466.000000	1.000000	1.000000	191.000000	1.000000	1.000000	1.000000	1.000000
1.000000	1.000000	1.000000	1.000000	1.000000	1.000000	1.000000	1.000000	684.000000	238.000000	195.000000	1.000000	1.000000	1.000000	199.000000	1.000000	1.000000	1.000000	1.000000	1.000000	1.000000
1.000000	1.000000	1.000000	1.000000	1.000000	1.000000	1.000000	242.000000	205.000000	171.000000	1.000000	1.000000	1.000000	1.000000	1.000000	1.000000	1.000000	1.000000	1.000000	1.000000	1.000000
1.000000	1.000000	1.000000	1.000000	1.000000	1.000000	166.000000	211.000000	408.000000	1.000000	1.000000	1.000000	1.000000	1.000000	1.000000	1.000000	1.000000	1.000000	1.000000	1.000000	1.000000
1.000000	1.000000	1.000000	1.000000	1.000000	191.000000	597.000000	405.000000	181.000000	1.000000	1.000000	598.000000	959.000000	172.000000	1.000000	1.000000	1.000000	1.000000	1.000000	1.000000	1.000000
1.000000	1.000000	1.000000	1.000000	346.000000	1.000000	1.000000	1.000000	1.000000	1.000000	433.000000	1.000000	1.000000	1.000000	1.000000	1.000000	1.000000	1.000000	1.000000	1.000000	1.000000
1.000000	1.000000	1.000000	1.000000	1.000000	1.000000	1.000000	1.000000	252.000000	253.000000	1.000000	1.000000	1.000000	1.000000	1.000000	1.000000	1.000000	1.000000	1.000000	1.000000	1.000000
1.000000	1.000000	1.000000	1.000000	1.000000	1.000000	1.000000	506.000000	975.000000	218.000000	235.000000	1.000000	1.000000	910.000000	183.000000	1.000000	1.000000	1.000000	1.000000	1.000000	1.000000
1.000000	1.000000	1.000000	1.000000	1.000000	1.000000	1.000000	239.000000	1.000000	1.000000	1.000000	1.000000	1.000000	1.000000	1.000000	1.000000	1.000000	1.000000	1.000000	1.000000	1.000000
1.000000	1.000000	1.000000	1.000000	1.000000	1.000000	1.000000	1.000000	1.000000	1.000000	1.000000	1.000000	1.000000	1.000000	1.000000	1.000000	1.000000	1.000000	1.000000	1.000000	189.000000
1.000000	1.000000	1.000000	1.000000	1.000000	1.000000	1.000000	1.000000	1.000000	1.000000	1.000000	1.000000	1.000000	1.000000	1.000000	1.000000	1.000000	1.000000	1.000000	1.000000	1.000000
1.000000	1.000000	1.000000	1.000000	1.000000	1.000000	1.000000	1.000000	1.000000	1.000000	1.000000	1.000000	1.000000	1.000000	1.000000	1.000000	1.000000	1.000000	1.000000	1.000000	1.000000
1.000000	1.000000	1.000000	1.000000	1.000000	1.000000	1.000000	1.000000	1.000000	1.000000	1.000000	1.000000	1.000000	1.000000	1.000000	1.000000	1.000000	1.000000	1.000000	1.000000	1.000000
1.000000	1.000000	1.000000	1.000000	1.000000	1.000000	1.000000	1.000000	1.000000	1.000000	1.000000	1.000000	1.000000	1.000000	1.000000	1.000000	1.000000	1.000000	1.000000	1.000000	1.000000
1.000000	1.000000	1.000000	1.000000	1.000000	1.000000	1.000000	1.000000	1.000000	1.000000	1.000000	1.000000	1.000000	1.000000	1.000000	1.000000	1.000000	1.000000	1.000000	1.000000	1.000000
