21 25 0
1.000000	1.000000	1.000000	1.000000	1.000000	1.000000	182.000000	1.000000	188.000000	810.000000	536.000000	1.000000	1.000000	1.000000	580.000000	731.000000	369.000000	1.000000	1.000000	1.000000	1.000000
1.000000	1.000000	1.000000	1.000000	1.000000	1.000000	1.000000	1.000000	1.000000	615.000000	805.000000	342.000000	1.000000	1.000000	1.000000	363.000000	401.000000	200.000000	1.000000	1.000000	1.000000
1.000000	1.000000	1.000000	1.000000	1.000000	1.000000	1.000000	1.000000	1.000000	157.000000	756.000000	1412.000000	955.000000	1.000000	1.000000	1.000000	1.000000	215.000000	1.000000	1.000000	1.000000
1.000000	1.000000	1.000000	1.000000	1.000000	1.000000	1.000000	1.000000	1.000000	1.000000	412.000000	805.000000	1489.000000	1421.000000	443.000000	230.000000	220.000000	1.000000	1.000000	1.000000	1.000000
1.000000	1.000000	1.000000	1.000000	1.000000	1.000000	1.000000	1.000000	1.000000	1.000000	1.000000	217.000000	628.000000	1491.000000	1472.000000	1005.000000	1120.000000	693.000000	186.000000	1.000000	1.000000
1.000000	1.000000	200.000000	1.000000	1.000000	1.000000	1.000000	1.000000	1.000000	1.000000	1.000000	1.000000	1.000000	1.000000	424.000000	423.000000	601.000000	1048.000000	623.000000	1.000000	235.000000
1.000000	1.000000	1.000000	1.000000	1.000000	1.000000	1.000000	1.000000	1.000000	191.000000	406.000000	191.000000	1.000000	1.000000	1.000000	1.000000	1.000000	175.000000	217.000000	173.000000	1.000000
1.000000	1.000000	1.000000	1.000000	1.000000	1.000000	236.000000	1.000000	1.000000	1.000000	682.000000	1313.000000	427.000000	1.000000	1.000000	1.000000	1.000000	1.000000	1.000000	1.000000	1.000000
1.000000	1.000000	209.000000	184.000000	1.000000	394.000000	413.000000	205.000000	172.000000	1.000000	219.000000	705.000000	1462.000000	571.000000	245.000000	195.000000	193.000000	1.000000	1.000000	1.000000	1.000000
1.000000	1.000000	1.000000	193.000000	448.000000	815.000000	779.000000	1.000000	665.000000	172.000000	1.000000	1.000000	869.000000	877.000000	810.000000	1.000000	347.000000	352.000000	1.000000	1.000000	226.000000
1.000000	1.000000	1.000000	1.000000	193.000000	1.000000	1.000000	1.000000	1.000000	1.000000	236.000000	176.000000	167.000000	213.000000	354.000000	463.000000	180.000000	172.000000	1.000000	1.000000	199.000000
1.000000	1.000000	1.000000	1.000000	1.000000	1.000000	1.000000	1.000000	1.000000	1.000000	1.000000	469.000000	480.000000	247.000000	1.000000	1.000000	1.000000	170.000000	1.000000	1.000000	1.000000
1.000000	1.000000	1.000000	1.000000	1.000000	1.000000	1.000000	1.000000	1.000000	1.000000	1.000000	1.000000	488.000000	485.000000	1.000000	1.000000	1.000000	1.000000	1.000000	1.000000	1.000000
1.000000	1.000000	1.000000	1.000000	1.000000	1.000000	1.000000	1.000000	448.000000	224.000000	252.000000	1.000000	1.000000	246.000000	1.000000	1.000000	1.000000	1.000000	1.000000	1.000000	1.000000
1.000000	1.000000	1.000000	1.000000	1.000000	1.000000	1.000000	461.000000	393.000000	926.000000	448.000000	1.000000	1.000000	233.000000	841.000000	378.000000	1.000000	1.000000	1.000000	1.000000	1.000000
1.000000	1.000000	1.000000	1.000000	1.000000	1.000000	1.000000	1.000000	681.000000	1.000000	240.000000	413.000000	186.000000	1.000000	233.000000	231.000000	1.000000	1.000000	1.000000	1.000000	1.000000
1.000000	1.000000	1.000000	1.000000	1.000000	1.000000	1.000000	1.000000	1.000000	1.000000	1.000000	188.000000	239.000000	175.000000	1.000000	1.000000	1.000000	209.000000	1.000000	1.000000	1.000000
1.000000	1.000000	1.000000	1.000000	1.000000	1.000000	421.000000	488.000000	643.000000	858.000000	232.000000	181.000000	204.000000	1.000000	175.000000	1.000000	1.000000	1.000000	1.000000	1.000000	1.000000
1.000000	1.000000	1.000000	1.000000	1.000000	1.000000	1.000000	1.000000	211.000000	1.000000	1.000000	1.000000	1.000000	190.000000	1.000000	1.000000	1.000000	1.000000	1.000000	1.000000	1.000000
1.000000	1.000000	1.000000	1.000000	1.000000	1.000000	1.000000	1.000000	1.000000	1.000000	1.000000	1.000000	1.000000	1.000000	1.000000	1.000000	1.000000	1.000000	1.000000	1.000000	1.000000
1.000000	1.000000	1.000000	1.000000	1.000000	1.000000	1.000000	1.000000	1.000000	1.000000	1.000000	1.000000	1.000000	1.000000	1.000000	1.000000	1.000000	1.000000	1.000000	1.000000	1.000000
1.000000	1.000000	1.000000	1.000000	1.000000	1.000000	1.000000	1.000000	1.000000	1.000000	1.000000	1.000000	1.000000	1.000000	1.000000	1.000000	1.000000	1.000000	1.000000	1.000000	1.000000
1.000000	1.000000	1.000000	1.000000	1.000000	1.000000	1.000000	1.000000	1.000000	1.000000	1.000000	1.000000	1.000000	1.000000	1.000000	1.000000	1.000000	1.000000	1.000000	1.000000	1.000000
1.000000	1.000000	1.000000	1.000000	1.000000	1.000000	1.000000	1.000000	1.000000	1.000000	1.000000	1.000000	1.000000	1.000000	1.000000	1.000000	1.000000	1.000000	1.000000	1.000000	1.000000
1.000000	1.000000	1.000000	1.000000	1.000000	1.000000	1.000000	1.000000	1.000000	1.000000	1.000000	1.000000	1.000000	1.000000	1.000000	1.000000	1.000000	1.000000	1.000000	1.000000	1.000000
