21 25 0
1.000000	1.000000	1.000000	1.000000	1.000000	1.000000	1.000000	225.000000	190.000000	205.000000	559.000000	189.000000	416.000000	1.000000	1.000000	1.000000	1.000000	1.000000	1.000000	1.000000	1.000000
1.000000	1.000000	1.000000	194.000000	358.000000	1.000000	1.000000	225.000000	246.000000	829.000000	813.000000	199.000000	1.000000	1.000000	1.000000	1.000000	1.000000	1.000000	1.000000	1.000000	1.000000
1.000000	1.000000	509.000000	395.000000	1.000000	1.000000	1.000000	1.000000	195.000000	1.000000	1.000000	1.000000	1.000000	183.000000	1.000000	196.000000	195.000000	1.000000	1.000000	1.000000	1.000000
1.000000	1.000000	418.000000	1.000000	1.000000	1.000000	1.000000	1.000000	1.000000	1.000000	1.000000	1.000000	1.000000	1.000000	1.000000	1.000000	1.000000	168.000000	1.000000	1.000000	1.000000
1.000000	1.000000	1.000000	1.000000	1.000000	1.000000	1.000000	1.000000	181.000000	1.000000	1.000000	1.000000	1.000000	1.000000	1.000000	1.000000	1.000000	1.000000	1.000000	1.000000	1.000000
1.000000	1.000000	1.000000	1.000000	1.000000	222.000000	563.000000	793.000000	565.000000	536.000000	1.000000	198.000000	179.000000	209.000000	233.000000	1.000000	1.000000	1.000000	1.000000	1.000000	1.000000
1.000000	1.000000	1.000000	1.000000	168.000000	860.000000	1280.000000	829.000000	387.000000	188.000000	1.000000	401.000000	197.000000	1240.000000	1400.000000	675.000000	171.000000	1.000000	1.000000	1.000000	195.000000
1.000000	1.000000	1.000000	363.000000	421.000000	679.000000	426.000000	1.000000	1.000000	1.000000	429.000000	906.000000	889.000000	409.000000	1.000000	1.000000	1.000000	1.000000	1.000000	1.000000	200.000000
1.000000	1.000000	210.000000	1.000000	1.000000	1.000000	1.000000	1.000000	1.000000	1.000000	881.000000	666.000000	252.000000	1.000000	1.000000	1.000000	1.000000	1.000000	1.000000	1.000000	241.000000
1.000000	1.000000	1.000000	1.000000	1.000000	1.000000	1.000000	1.000000	1.000000	208.000000	252.000000	1.000000	1.000000	1.000000	1.000000	1.000000	1.000000	1.000000	1.000000	1.000000	1.000000
1.000000	1.000000	1.000000	1.000000	1.000000	1.000000	1.000000	208.000000	229.000000	405.000000	1.000000	1.000000	1.000000	1.000000	1.000000	1.000000	193.000000	1.000000	1.000000	1.000000	1.000000
1.000000	1.000000	1.000000	1.000000	1.000000	167.000000	604.000000	174.000000	630.000000	1.000000	1.000000	229.000000	1.000000	1.000000	1.000000	1.000000	704.000000	163.000000	1.000000	1.000000	1.000000
1.000000	1.000000	1.000000	1.000000	178.000000	554.000000	539.000000	561.000000	1.000000	237.000000	501.000000	439.000000	1.000000	1.000000	1.000000	581.000000	185.000000	170.000000	176.000000	1.000000	1.000000
1.000000	1.000000	1.000000	192.000000	368.000000	1.000000	202.000000	1.000000	252.000000	922.000000	496.000000	603.000000	210.000000	170.000000	1.000000	1.000000	1.000000	1.000000	1.000000	1.000000	1.000000
1.000000	1.000000	1.000000	1.000000	1.000000	1.000000	1.000000	1.000000	524.000000	497.000000	210.000000	1.000000	1.000000	1.000000	1.000000	1.000000	1.000000	1.000000	1.000000	1.000000	1.000000
1.000000	1.000000	1.000000	1.000000	1.000000	1.000000	1.000000	455.000000	249.000000	1.000000	1.000000	1.000000	1.000000	207.000000	371.000000	1.000000	1.000000	1.000000	1.000000	1.000000	1.000000
1.000000	1.000000	1.000000	1.000000	1.000000	181.000000	463.000000	235.000000	1.000000	1.000000	1.000000	1.000000	997.000000	581.000000	1.000000	1.000000	1.000000	1.000000	1.000000	1.000000	1.000000
1.000000	1.000000	1.000000	1.000000	1.000000	1.000000	1.000000	1.000000	1.000000	1.000000	1.000000	182.000000	1.000000	1.000000	1.000000	1.000000	1.000000	226.000000	1.000000	1.000000	1.000000
1.000000	1.000000	1.000000	1.000000	1.000000	1.000000	1.000000	1.000000	1.000000	1.000000	1.000000	1.000000	1.000000	1.000000	1.000000	1.000000	1.000000	1.000000	1.000000	1.000000	1.000000
1.000000	1.000000	1.000000	1.000000	1.000000	1.000000	1.000000	1.000000	221.000000	235.000000	232.000000	1.000000	1.000000	1.000000	1.000000	1.000000	1.000000	1.000000	184.000000	1.000000	1.000000
1.000000	1.000000	1.000000	1.000000	1.000000	1.000000	1.000000	1.000000	1.000000	1.000000	1.000000	1.000000	1.000000	1.000000	1.000000	1.000000	1.000000	1.000000	1.000000	1.000000	1.000000
1.000000	1.000000	1.000000	1.000000	1.000000	1.000000	1.000000	1.000000	1.000000	1.000000	1.000000	1.000000	1.000000	1.000000	1.000000	1.000000	1.000000	1.000000	1.000000	1.000000	1.000000
1.000000	1.000000	1.000000	1.000000	1.000000	1.000000	1.000000	1.000000	1.000000	1.000000	1.000000	1.000000	1.000000	1.000000	1.000000	1.000000	1.000000	1.000000	1.000000	1.000000	1.000000
1.000000	1.000000	1.000000	1.000000	1.000000	1.000000	1.000000	1.000000	1.000000	1.000000	1.000000	1.000000	1.000000	1.000000	1.000000	1.000000	1.000000	1.000000	1.000000	1.000000	1.000000
1.000000	1.000000	1.000000	1.000000	1.000000	1.000000	1.000000	1.000000	1.000000	1.000000	1.000000	1.000000	1.000000	1.000000	1.000000	1.000000	1.000000	1.000000	1.000000	1.000000	1.000000
