21 25 0
1.000000	1.000000	1.000000	1.000000	1.000000	1.000000	1.000000	434.000000	394.000000	1.000000	189.000000	382.000000	1.000000	1.000000	1.000000	1.000000	1.000000	176.000000	1.000000	1.000000	1.000000
1.000000	1.000000	1.000000	1.000000	1.000000	180.000000	194.000000	185.000000	1.000000	1.000000	1.000000	1.000000	1.000000	191.000000	198.000000	182.000000	1.000000	1.000000	1.000000	1.000000	1.000000
1.000000	1.000000	1.000000	1.000000	1.000000	357.000000	1.000000	1.000000	1.000000	1.000000	1.000000	1.000000	1.000000	173.000000	198.000000	179.000000	1.000000	1.000000	1.000000	1.000000	1.000000
1.000000	1.000000	1.000000	1.000000	178.000000	1.000000	1.000000	1.000000	1.000000	181.000000	227.000000	228.000000	1.000000	1.000000	1.000000	1.000000	200.000000	179.000000	1.000000	1.000000	1.000000
1.000000	1.000000	1.000000	408.000000	1.000000	1.000000	1.000000	1.000000	1.000000	1.000000	186.000000	356.000000	1.000000	1.000000	1.000000	1.000000	1.000000	1.000000	1.000000	247.000000	1.000000
1.000000	1.000000	1.000000	194.000000	1.000000	1.000000	1.000000	1.000000	216.000000	1.000000	162.000000	195.000000	1.000000	1.000000	1.000000	1.000000	1.000000	1.000000	1.000000	247.000000	1.000000
1.000000	1.000000	1.000000	1.000000	1.000000	1.000000	1.000000	210.000000	973.000000	850.000000	1.000000	1.000000	1.000000	1.000000	1.000000	1.000000	1.000000	243.000000	1.000000	250.000000	1.000000
1.000000	1.000000	1.000000	1.000000	1.000000	1.000000	1.000000	236.000000	996.000000	1612.000000	973.000000	1.000000	1.000000	1.000000	390.000000	358.000000	1.000000	399.000000	1.000000	1.000000	232.000000
1.000000	1.000000	1.000000	1.000000	1.000000	1.000000	1.000000	1.000000	950.000000	929.000000	924.000000	209.000000	1.000000	1.000000	357.000000	178.000000	1.000000	1.000000	1.000000	1.000000	169.000000
1.000000	1.000000	1.000000	1.000000	1.000000	1.000000	207.000000	1.000000	719.000000	176.000000	617.000000	625.000000	187.000000	1.000000	342.000000	1.000000	1.000000	1.000000	1.000000	1.000000	1.000000
1.000000	1.000000	1.000000	1.000000	1.000000	1.000000	1.000000	1.000000	702.000000	1.000000	581.000000	868.000000	966.000000	474.000000	415.000000	1.000000	1.000000	1.000000	1.000000	199.000000	1.000000
1.000000	1.000000	1.000000	176.000000	1.000000	1.000000	1.000000	1.000000	876.000000	254.000000	226.000000	618.000000	601.000000	465.000000	439.000000	1.000000	1.000000	1.000000	1.000000	1.000000	169.000000
1.000000	1.000000	1.000000	1.000000	1.000000	1.000000	1.000000	253.000000	863.000000	257.000000	242.000000	501.000000	380.000000	617.000000	242.000000	1.000000	1.000000	1.000000	1.000000	1.000000	1.000000
1.000000	1.000000	1.000000	1.000000	1.000000	1.000000	167.000000	1.000000	435.000000	1.000000	242.000000	1099.000000	404.000000	418.000000	200.000000	1.000000	1.000000	1.000000	1.000000	1.000000	1.000000
1.000000	1.000000	1.000000	1.000000	1.000000	201.000000	167.000000	1.000000	225.000000	1.000000	1.000000	247.000000	633.000000	419.000000	166.000000	1.000000	1.000000	173.000000	1.000000	1.000000	1.000000
1.000000	1.000000	1.000000	1.000000	1.000000	201.000000	199.000000	1.000000	226.000000	1.000000	1.000000	1.000000	404.000000	1.000000	166.000000	1.000000	1.000000	1.000000	1.000000	1.000000	1.000000
1.000000	1.000000	1.000000	1.000000	1.000000	1.000000	1.000000	1.000000	1.000000	1.000000	187.000000	1.000000	1.000000	1.000000	1.000000	1.000000	1.000000	199.000000	176.000000	1.000000	1.000000
1.000000	1.000000	1.000000	1.000000	1.000000	1.000000	172.000000	1.000000	1.000000	218.000000	205.000000	1.000000	1.000000	1.000000	1.000000	1.000000	225.000000	232.000000	176.000000	1.000000	243.000000
1.000000	1.000000	1.000000	1.000000	1.000000	1.000000	1.000000	1.000000	1.000000	1.000000	1.000000	1.000000	1.000000	1.000000	1.000000	1.000000	1.000000	1.000000	1.000000	1.000000	250.000000
1.000000	1.000000	1.000000	1.000000	1.000000	1.000000	1.000000	1.000000	1.000000	1.000000	1.000000	1.000000	1.000000	1.000000	1.000000	1.000000	1.000000	1.000000	235.000000	1.000000	246.000000
1.000000	1.000000	1.000000	1.000000	1.000000	1.000000	1.000000	1.000000	1.000000	1.000000	1.000000	1.000000	1.000000	1.000000	1.000000	1.000000	1.000000	1.000000	1.000000	1.000000	1.000000
1.000000	1.000000	1.000000	1.000000	1.000000	1.000000	1.000000	1.000000	1.000000	1.000000	1.000000	1.000000	1.000000	1.000000	1.000000	1.000000	1.000000	1.000000	1.000000	1.000000	1.000000
1.000000	1.000000	1.000000	1.000000	1.000000	1.000000	1.000000	1.000000	1.000000	1.000000	1.000000	1.000000	1.000000	1.000000	1.000000	1.000000	1.000000	1.000000	1.000000	1.000000	1.000000
1.000000	1.000000	1.000000	1.000000	1.000000	1.000000	1.000000	1.000000	1.000000	1.000000	1.000000	1.000000	1.000000	1.000000	1.000000	1.000000	1.000000	1.000000	1.000000	1.000000	1.000000
1.000000	1.000000	1.000000	1.000000	1.000000	1.000000	1.000000	1.000000	1.000000	1.000000	1.000000	1.000000	1.000000	1.000000	1.000000	1.000000	1.000000	1.000000	1.000000	1.000000	1.000000
