21 25 0
1.000000	1.000000	1.000000	1.000000	1.000000	1.000000	1.000000	1.000000	202.000000	1038.000000	823.000000	1.000000	1.000000	370.000000	204.000000	1.000000	1.000000	1.000000	1.000000	1.000000	1.000000
1.000000	1.000000	1.000000	170.000000	1.000000	1.000000	1.000000	226.000000	337.000000	983.000000	1041.000000	192.000000	1.000000	1.000000	1.000000	1.000000	1.000000	1.000000	1.000000	1.000000	1.000000
1.000000	1.000000	209.000000	1.000000	1.000000	1.000000	1.000000	1.000000	1.000000	200.000000	861.000000	770.000000	201.000000	1.000000	1.000000	1.000000	1.000000	1.000000	1.000000	1.000000	1.000000
1.000000	1.000000	179.000000	1.000000	1.000000	1.000000	1.000000	1.000000	1.000000	1.000000	1.000000	353.000000	623.000000	428.000000	228.000000	1.000000	1.000000	1.000000	1.000000	1.000000	1.000000
1.000000	1.000000	1.000000	1.000000	1.000000	1.000000	1.000000	1.000000	1.000000	1.000000	1.000000	1.000000	387.000000	231.000000	234.000000	184.000000	414.000000	693.000000	223.000000	1.000000	1.000000
1.000000	1.000000	1.000000	1.000000	1.000000	1.000000	623.000000	411.000000	1.000000	1.000000	1.000000	1.000000	204.000000	231.000000	1.000000	1.000000	209.000000	447.000000	224.000000	1.000000	227.000000
1.000000	1.000000	229.000000	1.000000	1.000000	1.000000	438.000000	1.000000	1.000000	1.000000	438.000000	357.000000	1.000000	1.000000	1.000000	1.000000	1.000000	1.000000	1.000000	1.000000	195.000000
1.000000	1.000000	228.000000	1.000000	1.000000	1.000000	254.000000	1.000000	1.000000	1.000000	938.000000	1107.000000	669.000000	1.000000	241.000000	1.000000	1.000000	1.000000	1.000000	1.000000	195.000000
1.000000	1.000000	210.000000	1.000000	1.000000	1.000000	1.000000	1.000000	1.000000	1.000000	741.000000	942.000000	896.000000	184.000000	245.000000	196.000000	1.000000	1.000000	1.000000	1.000000	241.000000
1.000000	1.000000	211.000000	1.000000	1.000000	192.000000	1.000000	1.000000	1.000000	208.000000	709.000000	439.000000	459.000000	213.000000	1.000000	1.000000	1.000000	1.000000	1.000000	1.000000	208.000000
1.000000	1.000000	1.000000	1.000000	1.000000	1.000000	1.000000	216.000000	229.000000	400.000000	672.000000	477.000000	483.000000	1.000000	215.000000	231.000000	1.000000	1.000000	1.000000	1.000000	1.000000
1.000000	1.000000	1.000000	1.000000	1.000000	1.000000	407.000000	189.000000	374.000000	647.000000	644.000000	492.000000	440.000000	244.000000	1.000000	1.000000	369.000000	683.000000	179.000000	1.000000	1.000000
1.000000	1.000000	1.000000	1.000000	1.000000	1.000000	386.000000	346.000000	187.000000	497.000000	505.000000	452.000000	413.000000	503.000000	1.000000	1.000000	1.000000	1.000000	177.000000	1.000000	1.000000
1.000000	1.000000	1.000000	1.000000	1.000000	1.000000	1.000000	1.000000	219.000000	419.000000	682.000000	245.000000	218.000000	403.000000	1.000000	1.000000	1.000000	1.000000	177.000000	1.000000	1.000000
1.000000	1.000000	1.000000	1.000000	1.000000	1.000000	1.000000	202.000000	394.000000	494.000000	237.000000	1.000000	1.000000	1.000000	635.000000	200.000000	1.000000	1.000000	1.000000	1.000000	1.000000
1.000000	1.000000	1.000000	1.000000	1.000000	1.000000	1.000000	433.000000	479.000000	219.000000	447.000000	1.000000	1.000000	1.000000	239.000000	1.000000	1.000000	1.000000	1.000000	1.000000	1.000000
1.000000	1.000000	1.000000	1.000000	1.000000	1.000000	1.000000	1.000000	1.000000	1.000000	1.000000	1.000000	239.000000	1.000000	1.000000	1.000000	1.000000	1.000000	1.000000	1.000000	1.000000
1.000000	1.000000	235.000000	1.000000	1.000000	1.000000	1.000000	1.000000	213.000000	1.000000	1.000000	182.000000	368.000000	1.000000	1.000000	1.000000	1.000000	210.000000	1.000000	1.000000	1.000000
1.000000	1.000000	1.000000	1.000000	1.000000	1.000000	1.000000	1.000000	213.000000	1.000000	1.000000	1.000000	1.000000	1.000000	1.000000	1.000000	1.000000	1.000000	1.000000	1.000000	1.000000
1.000000	1.000000	1.000000	1.000000	1.000000	1.000000	1.000000	1.000000	222.000000	1.000000	1.000000	1.000000	1.000000	1.000000	1.000000	1.000000	1.000000	1.000000	179.000000	1.000000	1.000000
1.000000	1.000000	1.000000	1.000000	1.000000	1.000000	1.000000	1.000000	1.000000	1.000000	1.000000	1.000000	1.000000	1.000000	1.000000	1.000000	1.000000	1.000000	1.000000	1.000000	1.000000
1.000000	1.000000	1.000000	1.000000	1.000000	1.000000	1.000000	1.000000	1.000000	1.000000	1.000000	1.000000	1.000000	1.000000	1.000000	1.000000	1.000000	1.000000	1.000000	1.000000	1.000000
1.000000	1.000000	1.000000	1.000000	1.000000	1.000000	1.000000	1.000000	1.000000	1.000000	1.000000	1.000000	1.000000	1.000000	1.000000	1.000000	1.000000	1.000000	1.000000	1.000000	1.000000
1.000000	1.000000	1.000000	1.000000	1.000000	1.000000	1.000000	1.000000	1.000000	1.000000	1.000000	1.000000	1.000000	1.000000	1.000000	1.000000	1.000000	1.000000	1.000000	1.000000	1.000000
1.000000	1.000000	1.000000	1.000000	1.000000	1.000000	1.000000	1.000000	1.000000	1.000000	1.000000	1.000000	1.000000	1.000000	1.000000	1.000000	1.000000	1.000000	1.000000	1.000000	1.000000
