21 25 0
1.000000	1.000000	1.000000	1.000000	1.000000	1.000000	1.000000	1.000000	1.000000	1.000000	219.000000	788.000000	383.000000	1.000000	1.000000	1.000000	1.000000	1.000000	1.000000	1.000000	1.000000
1.000000	1.000000	1.000000	179.000000	396.000000	169.000000	1.000000	225.000000	216.000000	394.000000	1.000000	199.000000	763.000000	935.000000	356.000000	1.000000	1.000000	1.000000	1.000000	1.000000	1.000000
1.000000	1.000000	477.000000	222.000000	1.000000	1.000000	196.000000	1.000000	408.000000	1.000000	1.000000	1.000000	191.000000	584.000000	1378.000000	801.000000	984.000000	184.000000	1.000000	1.000000	1.000000
1.000000	1.000000	433.000000	1.000000	1.000000	1.000000	1.000000	1.000000	1.000000	1.000000	1.000000	1.000000	1.000000	1.000000	444.000000	401.000000	627.000000	1017.000000	187.000000	187.000000	1.000000
1.000000	1.000000	1.000000	1.000000	1.000000	1.000000	1.000000	1.000000	342.000000	371.000000	402.000000	229.000000	215.000000	1.000000	1.000000	1.000000	1.000000	201.000000	211.000000	172.000000	1.000000
1.000000	1.000000	1.000000	1.000000	1.000000	174.000000	770.000000	1029.000000	987.000000	985.000000	986.000000	1513.000000	1332.000000	859.000000	472.000000	232.000000	1.000000	1.000000	1.000000	1.000000	1.000000
1.000000	1.000000	1.000000	1.000000	168.000000	911.000000	1110.000000	1058.000000	1055.000000	373.000000	183.000000	564.000000	1098.000000	1674.000000	1917.000000	1411.000000	977.000000	727.000000	1.000000	1.000000	1.000000
1.000000	1.000000	1.000000	391.000000	466.000000	741.000000	497.000000	1.000000	1.000000	1.000000	1.000000	1.000000	205.000000	245.000000	627.000000	645.000000	600.000000	597.000000	333.000000	1.000000	250.000000
1.000000	1.000000	1.000000	1.000000	1.000000	1.000000	1.000000	1.000000	1.000000	1.000000	1.000000	1.000000	1.000000	1.000000	1.000000	1.000000	1.000000	1.000000	1.000000	1.000000	417.000000
1.000000	1.000000	1.000000	1.000000	1.000000	1.000000	1.000000	1.000000	1.000000	252.000000	247.000000	1.000000	1.000000	1.000000	1.000000	1.000000	1.000000	1.000000	1.000000	1.000000	1.000000
1.000000	1.000000	1.000000	1.000000	1.000000	1.000000	1.000000	1.000000	1.000000	1.000000	175.000000	220.000000	226.000000	1.000000	1.000000	1.000000	1.000000	1.000000	1.000000	1.000000	1.000000
1.000000	1.000000	1.000000	199.000000	1.000000	1.000000	371.000000	172.000000	377.000000	1.000000	1.000000	1.000000	349.000000	810.000000	768.000000	349.000000	163.000000	163.000000	1.000000	1.000000	1.000000
1.000000	1.000000	1.000000	1.000000	178.000000	780.000000	817.000000	420.000000	355.000000	433.000000	214.000000	501.000000	1.000000	572.000000	1149.000000	1222.000000	795.000000	1.000000	1.000000	1.000000	1.000000
1.000000	1.000000	1.000000	192.000000	366.000000	181.000000	181.000000	1.000000	747.000000	925.000000	1567.000000	859.000000	420.000000	1.000000	188.000000	235.000000	179.000000	1.000000	1.000000	1.000000	1.000000
1.000000	1.000000	1.000000	1.000000	1.000000	1.000000	1.000000	1.000000	1.000000	216.000000	216.000000	220.000000	220.000000	1.000000	1.000000	1.000000	1.000000	1.000000	1.000000	1.000000	1.000000
1.000000	1.000000	1.000000	1.000000	1.000000	1.000000	482.000000	966.000000	909.000000	490.000000	1.000000	1.000000	189.000000	970.000000	788.000000	1.000000	1.000000	1.000000	1.000000	1.000000	1.000000
1.000000	1.000000	1.000000	1.000000	1.000000	1.000000	432.000000	490.000000	711.000000	469.000000	591.000000	233.000000	815.000000	825.000000	804.000000	1.000000	1.000000	1.000000	1.000000	1.000000	1.000000
1.000000	1.000000	1.000000	1.000000	1.000000	1.000000	1.000000	1.000000	1.000000	1.000000	1.000000	1.000000	1.000000	1.000000	1.000000	1.000000	1.000000	1.000000	1.000000	1.000000	1.000000
1.000000	1.000000	1.000000	1.000000	1.000000	1.000000	1.000000	1.000000	1.000000	1.000000	1.000000	1.000000	1.000000	1.000000	1.000000	1.000000	1.000000	1.000000	1.000000	1.000000	1.000000
1.000000	1.000000	1.000000	1.000000	1.000000	1.000000	225.000000	239.000000	472.000000	482.000000	478.000000	226.000000	225.000000	1.000000	1.000000	1.000000	1.000000	1.000000	1.000000	1.000000	1.000000
1.000000	1.000000	1.000000	1.000000	1.000000	1.000000	1.000000	1.000000	1.000000	1.000000	1.000000	1.000000	1.000000	1.000000	1.000000	1.000000	1.000000	1.000000	1.000000	1.000000	1.000000
1.000000	1.000000	1.000000	1.000000	1.000000	1.000000	1.000000	1.000000	1.000000	1.000000	1.000000	1.000000	1.000000	1.000000	1.000000	1.000000	1.000000	1.000000	1.000000	1.000000	1.000000
1.000000	1.000000	1.000000	1.000000	1.000000	1.000000	1.000000	1.000000	1.000000	1.000000	1.000000	1.000000	1.000000	1.000000	1.000000	1.000000	1.000000	1.000000	1.000000	1.000000	1.000000
1.000000	1.000000	1.000000	1.000000	1.000000	1.000000	1.000000	1.000000	1.000000	1.000000	1.000000	1.000000	1.000000	1.000000	1.000000	1.000000	1.000000	1.000000	1.000000	1.000000	1.000000
1.000000	1.000000	1.000000	1.000000	1.000000	1.000000	1.000000	1.000000	1.000000	1.000000	1.000000	1.000000	1.000000	1.000000	1.000000	1.000000	1.000000	1.000000	1.000000	1.000000	1.000000
