21 25 0
1.000000	1.000000	1.000000	1.000000	1.000000	1.000000	1.000000	1.000000	236.000000	1.000000	190.000000	951.000000	557.000000	168.000000	1.000000	1.000000	1.000000	187.000000	1.000000	1.000000	1.000000
1.000000	1.000000	1.000000	1.000000	187.000000	186.000000	1.000000	1.000000	396.000000	1.000000	1.000000	379.000000	797.000000	1085.000000	518.000000	1.000000	1.000000	1.000000	1.000000	1.000000	1.000000
1.000000	1.000000	1.000000	1.000000	1.000000	1.000000	362.000000	1.000000	1.000000	1.000000	1.000000	1.000000	190.000000	373.000000	1102.000000	795.000000	800.000000	180.000000	1.000000	1.000000	1.000000
1.000000	1.000000	1.000000	1.000000	1.000000	1.000000	1.000000	1.000000	1.000000	186.000000	215.000000	1.000000	1.000000	1.000000	398.000000	226.000000	603.000000	920.000000	1.000000	1.000000	1.000000
1.000000	1.000000	1.000000	1.000000	1.000000	1.000000	1.000000	1.000000	1.000000	365.000000	370.000000	452.000000	197.000000	1.000000	1.000000	1.000000	1.000000	201.000000	185.000000	1.000000	1.000000
1.000000	1.000000	1.000000	1.000000	1.000000	1.000000	363.000000	174.000000	216.000000	192.000000	409.000000	1187.000000	1537.000000	675.000000	208.000000	1.000000	1.000000	1.000000	1.000000	1.000000	1.000000
1.000000	1.000000	1.000000	1.000000	1.000000	1.000000	172.000000	782.000000	1492.000000	618.000000	1.000000	410.000000	950.000000	1348.000000	1825.000000	1074.000000	664.000000	1.000000	1.000000	1.000000	1.000000
1.000000	1.000000	1.000000	1.000000	194.000000	1.000000	1.000000	250.000000	942.000000	902.000000	256.000000	1.000000	1.000000	175.000000	250.000000	596.000000	587.000000	583.000000	1.000000	1.000000	1.000000
1.000000	1.000000	1.000000	1.000000	1.000000	1.000000	1.000000	1.000000	253.000000	188.000000	843.000000	1.000000	1.000000	1.000000	1.000000	1.000000	1.000000	1.000000	335.000000	1.000000	1.000000
1.000000	1.000000	1.000000	1.000000	1.000000	1.000000	1.000000	1.000000	1.000000	1.000000	191.000000	366.000000	1.000000	1.000000	1.000000	1.000000	1.000000	1.000000	1.000000	1.000000	1.000000
1.000000	1.000000	1.000000	1.000000	1.000000	1.000000	1.000000	1.000000	1.000000	1.000000	1.000000	621.000000	1047.000000	464.000000	1.000000	1.000000	1.000000	1.000000	1.000000	1.000000	1.000000
1.000000	1.000000	1.000000	197.000000	191.000000	169.000000	1.000000	216.000000	1.000000	1.000000	1.000000	1.000000	622.000000	1242.000000	897.000000	1.000000	1.000000	1.000000	1.000000	1.000000	1.000000
1.000000	1.000000	1.000000	1.000000	176.000000	554.000000	378.000000	1.000000	428.000000	218.000000	227.000000	254.000000	171.000000	343.000000	1082.000000	392.000000	199.000000	1.000000	1.000000	1.000000	1.000000
1.000000	1.000000	1.000000	191.000000	176.000000	1.000000	1.000000	1.000000	747.000000	1.000000	677.000000	870.000000	187.000000	1.000000	172.000000	386.000000	199.000000	1.000000	1.000000	1.000000	1.000000
1.000000	1.000000	1.000000	1.000000	1.000000	1.000000	1.000000	1.000000	1.000000	505.000000	1.000000	417.000000	169.000000	172.000000	1.000000	1.000000	184.000000	1.000000	1.000000	1.000000	1.000000
1.000000	1.000000	1.000000	1.000000	1.000000	1.000000	422.000000	211.000000	710.000000	243.000000	1.000000	1.000000	189.000000	819.000000	197.000000	1.000000	1.000000	1.000000	1.000000	1.000000	1.000000
1.000000	1.000000	1.000000	1.000000	1.000000	1.000000	1.000000	423.000000	1.000000	188.000000	216.000000	1.000000	1.000000	596.000000	728.000000	1.000000	1.000000	1.000000	1.000000	1.000000	1.000000
1.000000	1.000000	1.000000	1.000000	1.000000	1.000000	1.000000	1.000000	1.000000	1.000000	1.000000	1.000000	1.000000	1.000000	1.000000	1.000000	1.000000	1.000000	1.000000	1.000000	1.000000
1.000000	1.000000	1.000000	1.000000	1.000000	1.000000	1.000000	1.000000	1.000000	1.000000	1.000000	1.000000	1.000000	1.000000	1.000000	1.000000	1.000000	1.000000	1.000000	1.000000	1.000000
1.000000	1.000000	1.000000	1.000000	1.000000	1.000000	1.000000	1.000000	1.000000	1.000000	1.000000	1.000000	194.000000	1.000000	1.000000	1.000000	1.000000	1.000000	1.000000	1.000000	1.000000
1.000000	1.000000	1.000000	1.000000	1.000000	1.000000	1.000000	1.000000	1.000000	1.000000	1.000000	1.000000	1.000000	1.000000	1.000000	1.000000	1.000000	1.000000	1.000000	1.000000	1.000000
1.000000	1.000000	1.000000	1.000000	1.000000	1.000000	1.000000	1.000000	1.000000	1.000000	1.000000	1.000000	1.000000	1.000000	1.000000	1.000000	1.000000	1.000000	1.000000	1.000000	1.000000
1.000000	1.000000	1.000000	1.000000	1.000000	1.000000	1.000000	1.000000	1.000000	1.000000	1.000000	1.000000	1.000000	1.000000	1.000000	1.000000	1.000000	1.000000	1.000000	1.000000	1.000000
1.000000	1.000000	1.000000	1.000000	1.000000	1.000000	1.000000	1.000000	1.000000	1.000000	1.000000	1.000000	1.000000	1.000000	1.000000	1.000000	1.000000	1.000000	1.000000	1.000000	1.000000
1.000000	1.000000	1.000000	1.000000	1.000000	1.000000	1.000000	1.000000	1.000000	1.000000	1.000000	1.000000	1.000000	1.000000	1.000000	1.000000	1.000000	1.000000	1.000000	1.000000	1.000000
