21 25 0
1.000000	1.000000	1.000000	1.000000	1.000000	1.000000	1.000000	1.000000	1.000000	1.000000	1.000000	1.000000	1.000000	1.000000	215.000000	1.000000	1.000000	208.000000	1.000000	1.000000	1.000000
1.000000	1.000000	1.000000	1.000000	1.000000	1.000000	1.000000	1.000000	1.000000	1.000000	1.000000	1.000000	1.000000	1.000000	1.000000	1.000000	1.000000	1.000000	1.000000	1.000000	220.000000
1.000000	1.000000	1.000000	1.000000	1.000000	1.000000	1.000000	1.000000	1.000000	1.000000	1.000000	1.000000	1.000000	1.000000	1.000000	1.000000	1.000000	1.000000	1.000000	1.000000	1.000000
1.000000	1.000000	1.000000	1.000000	1.000000	1.000000	1.000000	1.000000	1.000000	1.000000	1.000000	1.000000	1.000000	1.000000	1.000000	1.000000	1.000000	1.000000	1.000000	1.000000	1.000000
1.000000	1.000000	1.000000	1.000000	1.000000	1.000000	1.000000	1.000000	1.000000	1.000000	1.000000	1.000000	1.000000	232.000000	1.000000	1.000000	1.000000	1.000000	1.000000	1.000000	1.000000
1.000000	1.000000	1.000000	1.000000	1.000000	1.000000	201.000000	987.000000	807.000000	184.000000	1.000000	1.000000	413.000000	1107.000000	1321.000000	441.000000	454.000000	1.000000	1.000000	1.000000	1.000000
1.000000	1.000000	1.000000	1.000000	1.000000	1.000000	193.000000	435.000000	1262.000000	1046.000000	1.000000	1.000000	1.000000	239.000000	480.000000	424.000000	205.000000	192.000000	238.000000	189.000000	1.000000
1.000000	1.000000	1.000000	1.000000	1.000000	252.000000	1.000000	1.000000	243.000000	1318.000000	440.000000	1.000000	1.000000	243.000000	741.000000	200.000000	1.000000	1.000000	192.000000	1.000000	1.000000
1.000000	1.000000	1.000000	1.000000	1.000000	1.000000	252.000000	1.000000	1.000000	444.000000	221.000000	1.000000	1.000000	1.000000	245.000000	925.000000	238.000000	1.000000	1.000000	1.000000	1.000000
1.000000	1.000000	1.000000	1.000000	1.000000	1.000000	1.000000	1.000000	1.000000	1.000000	1.000000	224.000000	216.000000	1.000000	1.000000	246.000000	245.000000	1.000000	1.000000	1.000000	1.000000
1.000000	1.000000	1.000000	1.000000	1.000000	1.000000	1.000000	1.000000	1.000000	1.000000	1.000000	1.000000	847.000000	635.000000	1.000000	1.000000	1.000000	1.000000	1.000000	1.000000	1.000000
1.000000	1.000000	1.000000	195.000000	1.000000	1.000000	1.000000	1.000000	234.000000	1.000000	1.000000	1.000000	597.000000	805.000000	402.000000	1.000000	1.000000	1.000000	1.000000	1.000000	1.000000
1.000000	1.000000	184.000000	1.000000	1.000000	1.000000	1.000000	1.000000	996.000000	1415.000000	446.000000	1.000000	398.000000	792.000000	629.000000	204.000000	1.000000	1.000000	1.000000	1.000000	1.000000
1.000000	1.000000	188.000000	1.000000	1.000000	1.000000	1.000000	246.000000	254.000000	1253.000000	994.000000	465.000000	1.000000	645.000000	572.000000	418.000000	206.000000	1.000000	1.000000	1.000000	1.000000
1.000000	1.000000	1.000000	210.000000	1.000000	1.000000	225.000000	235.000000	252.000000	256.000000	257.000000	1.000000	1.000000	201.000000	226.000000	196.000000	1.000000	1.000000	1.000000	1.000000	1.000000
1.000000	1.000000	1.000000	1.000000	1.000000	1.000000	378.000000	891.000000	1.000000	250.000000	1.000000	1.000000	206.000000	445.000000	1.000000	192.000000	196.000000	1.000000	1.000000	1.000000	1.000000
1.000000	1.000000	1.000000	1.000000	1.000000	1.000000	1.000000	212.000000	916.000000	440.000000	1.000000	1.000000	210.000000	417.000000	466.000000	1.000000	1.000000	1.000000	1.000000	1.000000	1.000000
1.000000	1.000000	1.000000	1.000000	1.000000	1.000000	1.000000	1.000000	1.000000	453.000000	1.000000	1.000000	1.000000	1.000000	212.000000	1.000000	1.000000	1.000000	1.000000	1.000000	1.000000
1.000000	1.000000	1.000000	1.000000	1.000000	1.000000	1.000000	1.000000	1.000000	1.000000	1.000000	1.000000	1.000000	1.000000	1.000000	1.000000	1.000000	1.000000	1.000000	1.000000	1.000000
1.000000	1.000000	1.000000	1.000000	1.000000	1.000000	1.000000	1.000000	1.000000	1.000000	1.000000	1.000000	1.000000	1.000000	1.000000	1.000000	1.000000	1.000000	1.000000	1.000000	1.000000
1.000000	1.000000	1.000000	1.000000	1.000000	1.000000	1.000000	1.000000	1.000000	1.000000	1.000000	1.000000	1.000000	1.000000	1.000000	1.000000	1.000000	1.000000	1.000000	1.000000	1.000000
1.000000	1.000000	1.000000	1.000000	1.000000	1.000000	1.000000	1.000000	1.000000	1.000000	1.000000	1.000000	1.000000	1.000000	1.000000	1.000000	1.000000	1.000000	1.000000	1.000000	1.000000
1.000000	1.000000	1.000000	1.000000	1.000000	1.000000	1.000000	1.000000	1.000000	1.000000	1.000000	1.000000	1.000000	1.000000	1.000000	1.000000	1.000000	1.000000	1.000000	1.000000	1.000000
1.000000	1.000000	1.000000	1.000000	1.000000	1.000000	1.000000	1.000000	1.000000	1.000000	1.000000	1.000000	1.000000	1.000000	1.000000	1.000000	1.000000	1.000000	1.000000	1.000000	1.000000
1.000000	1.000000	1.000000	1.000000	1.000000	1.000000	1.000000	1.000000	1.000000	1.000000	1.000000	1.000000	1.000000	1.000000	1.000000	1.000000	1.000000	1.000000	1.000000	1.000000	1.000000
