21 25 0
1.000000	1.000000	482.000000	735.000000	724.000000	943.000000	1386.000000	1559.000000	1058.000000	629.000000	416.000000	444.000000	232.000000	197.000000	1.000000	1.000000	1.000000	1.000000	202.000000	1.000000	1.000000
1.000000	1.000000	467.000000	659.000000	219.000000	1.000000	238.000000	203.000000	202.000000	1.000000	1.000000	1.000000	1.000000	1.000000	1.000000	1.000000	1.000000	1.000000	1.000000	1.000000	1.000000
1.000000	1.000000	1.000000	1.000000	1.000000	1.000000	1.000000	1.000000	1.000000	1.000000	1.000000	1.000000	1.000000	1.000000	1.000000	1.000000	1.000000	1.000000	1.000000	1.000000	1.000000
1.000000	1.000000	1.000000	1.000000	1.000000	1.000000	192.000000	551.000000	406.000000	1.000000	1.000000	1.000000	1.000000	827.000000	673.000000	203.000000	1.000000	1.000000	1.000000	1.000000	1.000000
1.000000	1.000000	191.000000	422.000000	439.000000	434.000000	235.000000	1.000000	1.000000	1.000000	1.000000	1.000000	1.000000	225.000000	655.000000	680.000000	438.000000	439.000000	1.000000	1.000000	1.000000
1.000000	1.000000	1.000000	1.000000	1.000000	1.000000	1.000000	1.000000	1.000000	1.000000	1.000000	1.000000	1.000000	219.000000	233.000000	194.000000	1.000000	1.000000	1.000000	1.000000	1.000000
1.000000	1.000000	1.000000	1.000000	1.000000	1.000000	485.000000	1.000000	1.000000	1.000000	1.000000	1.000000	1.000000	1.000000	493.000000	750.000000	1.000000	1.000000	1.000000	1.000000	1.000000
1.000000	1.000000	1.000000	1.000000	1.000000	1.000000	250.000000	250.000000	204.000000	1.000000	587.000000	621.000000	225.000000	417.000000	255.000000	507.000000	231.000000	1.000000	1.000000	1.000000	1.000000
1.000000	1.000000	1.000000	185.000000	183.000000	183.000000	398.000000	827.000000	1075.000000	446.000000	1.000000	1.000000	418.000000	405.000000	197.000000	1.000000	1.000000	1.000000	1.000000	1.000000	1.000000
1.000000	1.000000	1.000000	206.000000	206.000000	593.000000	696.000000	877.000000	216.000000	1.000000	1.000000	1.000000	445.000000	1250.000000	1136.000000	870.000000	448.000000	429.000000	211.000000	1.000000	1.000000
1.000000	1.000000	1.000000	1.000000	1.000000	1.000000	1.000000	1.000000	1.000000	1.000000	1.000000	1.000000	1.000000	1.000000	488.000000	882.000000	624.000000	407.000000	199.000000	1.000000	1.000000
1.000000	1.000000	1.000000	1.000000	1.000000	1.000000	1.000000	1.000000	206.000000	1037.000000	976.000000	706.000000	456.000000	1.000000	1.000000	1.000000	1.000000	1.000000	1.000000	1.000000	1.000000
1.000000	1.000000	1.000000	1.000000	1.000000	1.000000	1.000000	1.000000	190.000000	245.000000	216.000000	215.000000	1.000000	1.000000	187.000000	188.000000	1.000000	1.000000	1.000000	1.000000	1.000000
1.000000	1.000000	1.000000	1.000000	1.000000	1.000000	1.000000	1.000000	1.000000	1.000000	1.000000	1.000000	1.000000	1.000000	1.000000	1.000000	1.000000	1.000000	1.000000	1.000000	1.000000
1.000000	1.000000	1.000000	1.000000	1.000000	1.000000	399.000000	897.000000	1161.000000	1216.000000	711.000000	489.000000	887.000000	410.000000	1.000000	1.000000	1.000000	1.000000	213.000000	1.000000	1.000000
1.000000	1.000000	210.000000	182.000000	1.000000	217.000000	1.000000	253.000000	243.000000	700.000000	933.000000	672.000000	207.000000	1.000000	1.000000	226.000000	226.000000	1.000000	1.000000	1.000000	1.000000
1.000000	1.000000	1.000000	398.000000	578.000000	392.000000	200.000000	207.000000	238.000000	248.000000	398.000000	1.000000	1.000000	201.000000	427.000000	227.000000	1.000000	1.000000	1.000000	1.000000	242.000000
1.000000	1.000000	1.000000	1.000000	1.000000	1.000000	191.000000	212.000000	207.000000	1.000000	1.000000	383.000000	612.000000	637.000000	440.000000	192.000000	1.000000	1.000000	1.000000	1.000000	1.000000
1.000000	1.000000	1.000000	1.000000	1.000000	1.000000	1.000000	1.000000	1.000000	1.000000	1.000000	1.000000	1.000000	1.000000	1.000000	1.000000	1.000000	1.000000	1.000000	1.000000	1.000000
1.000000	1.000000	1.000000	1.000000	1.000000	1.000000	1.000000	1.000000	1.000000	1.000000	1.000000	1.000000	1.000000	1.000000	1.000000	1.000000	1.000000	1.000000	1.000000	1.000000	1.000000
1.000000	1.000000	1.000000	1.000000	1.000000	1.000000	1.000000	1.000000	1.000000	1.000000	1.000000	1.000000	1.000000	1.000000	1.000000	1.000000	1.000000	1.000000	1.000000	1.000000	1.000000
1.000000	1.000000	1.000000	1.000000	1.000000	1.000000	1.000000	1.000000	1.000000	1.000000	1.000000	1.000000	1.000000	1.000000	1.000000	1.000000	1.000000	1.000000	1.000000	1.000000	1.000000
1.000000	1.000000	1.000000	1.000000	1.000000	1.000000	1.000000	1.000000	1.000000	1.000000	1.000000	1.000000	1.000000	1.000000	1.000000	1.000000	1.000000	1.000000	1.000000	1.000000	1.000000
1.000000	1.000000	1.000000	1.000000	1.000000	1.000000	1.000000	1.000000	1.000000	1.000000	1.000000	1.000000	1.000000	1.000000	1.000000	1.000000	1.000000	1.000000	1.000000	1.000000	1.000000
1.000000	1.000000	1.000000	1.000000	1.000000	1.000000	1.000000	1.000000	1.000000	1.000000	1.000000	1.000000	1.000000	1.000000	1.000000	1.000000	1.000000	1.000000	1.000000	1.000000	1.000000
