21 25 0
1.000000	1.000000	1.000000	1.000000	1.000000	1.000000	1.000000	1.000000	1.000000	1.000000	1.000000	1.000000	1.000000	1.000000	1.000000	1.000000	1.000000	1.000000	1.000000	1.000000	234.000000
1.000000	1.000000	1.000000	1.000000	1.000000	1.000000	1.000000	1.000000	1.000000	1.000000	1.000000	1.000000	1.000000	1.000000	1.000000	1.000000	1.000000	1.000000	1.000000	1.000000	1.000000
1.000000	1.000000	1.000000	1.000000	1.000000	1.000000	1.000000	1.000000	1.000000	1.000000	1.000000	1.000000	1.000000	1.000000	1.000000	1.000000	1.000000	1.000000	1.000000	1.000000	1.000000
1.000000	1.000000	1.000000	1.000000	1.000000	1.000000	1.000000	1.000000	1.000000	192.000000	1.000000	1.000000	1.000000	1.000000	1.000000	1.000000	1.000000	1.000000	1.000000	1.000000	1.000000
1.000000	1.000000	1.000000	1.000000	1.000000	1.000000	1.000000	1.000000	1.000000	1.000000	1.000000	1.000000	1.000000	1.000000	1.000000	1.000000	1.000000	1.000000	1.000000	1.000000	1.000000
1.000000	1.000000	1.000000	1.000000	1.000000	207.000000	242.000000	1.000000	1.000000	1.000000	1.000000	1.000000	1.000000	1.000000	1.000000	1.000000	1.000000	1.000000	1.000000	1.000000	1.000000
1.000000	1.000000	1.000000	1.000000	1.000000	1.000000	246.000000	244.000000	1.000000	1.000000	1.000000	1309.000000	894.000000	1.000000	1.000000	1.000000	1.000000	1.000000	1.000000	1.000000	1.000000
1.000000	1.000000	242.000000	1.000000	243.000000	1.000000	246.000000	1.000000	1.000000	1.000000	213.000000	1802.000000	697.000000	229.000000	1.000000	1.000000	1.000000	1.000000	1.000000	1.000000	1.000000
1.000000	1.000000	242.000000	1.000000	186.000000	1.000000	247.000000	1.000000	194.000000	1.000000	213.000000	1872.000000	492.000000	229.000000	1.000000	1.000000	1.000000	1.000000	1.000000	1.000000	1.000000
1.000000	1.000000	210.000000	1.000000	1.000000	1.000000	1.000000	1.000000	607.000000	1.000000	631.000000	1416.000000	252.000000	1.000000	1103.000000	1.000000	1.000000	1.000000	1.000000	1.000000	1.000000
1.000000	1.000000	1.000000	211.000000	1.000000	1.000000	1.000000	1.000000	581.000000	184.000000	877.000000	662.000000	223.000000	1.000000	417.000000	203.000000	1.000000	1.000000	412.000000	1.000000	1.000000
1.000000	1.000000	1.000000	400.000000	1.000000	1.000000	198.000000	1.000000	1.000000	1.000000	701.000000	692.000000	234.000000	1.000000	191.000000	203.000000	1.000000	1.000000	425.000000	1.000000	1.000000
1.000000	1.000000	1.000000	1.000000	1.000000	1.000000	195.000000	196.000000	1.000000	1.000000	980.000000	965.000000	234.000000	1.000000	197.000000	1.000000	1.000000	1.000000	424.000000	1.000000	1.000000
1.000000	1.000000	1.000000	1.000000	1.000000	180.000000	1.000000	1.000000	434.000000	250.000000	756.000000	716.000000	222.000000	1.000000	1.000000	1.000000	1.000000	1.000000	225.000000	1.000000	1.000000
1.000000	1.000000	190.000000	1.000000	1.000000	198.000000	1.000000	250.000000	707.000000	250.000000	247.000000	1.000000	1.000000	1.000000	199.000000	1.000000	1.000000	1.000000	226.000000	1.000000	1.000000
1.000000	1.000000	420.000000	1.000000	1.000000	424.000000	221.000000	224.000000	222.000000	1.000000	1.000000	1.000000	1.000000	1.000000	200.000000	1.000000	1.000000	188.000000	1.000000	1.000000	1.000000
1.000000	1.000000	1.000000	1.000000	1.000000	181.000000	411.000000	229.000000	1.000000	1.000000	427.000000	439.000000	223.000000	1.000000	1.000000	1.000000	446.000000	1.000000	1.000000	1.000000	1.000000
1.000000	1.000000	1.000000	1.000000	1.000000	1.000000	635.000000	1.000000	1.000000	1.000000	231.000000	683.000000	1.000000	1.000000	1.000000	1.000000	1.000000	198.000000	191.000000	1.000000	1.000000
1.000000	1.000000	1.000000	1.000000	1.000000	1.000000	1.000000	1.000000	1.000000	1.000000	1.000000	1.000000	1.000000	1.000000	1.000000	1.000000	1.000000	1.000000	1.000000	1.000000	1.000000
1.000000	1.000000	1.000000	1.000000	1.000000	1.000000	1.000000	1.000000	1.000000	1.000000	1.000000	1.000000	1.000000	1.000000	1.000000	1.000000	1.000000	1.000000	1.000000	1.000000	1.000000
1.000000	1.000000	1.000000	1.000000	1.000000	1.000000	1.000000	1.000000	1.000000	1.000000	1.000000	1.000000	1.000000	1.000000	1.000000	1.000000	1.000000	1.000000	1.000000	1.000000	1.000000
1.000000	1.000000	1.000000	1.000000	1.000000	1.000000	1.000000	1.000000	1.000000	1.000000	1.000000	1.000000	1.000000	1.000000	1.000000	1.000000	1.000000	1.000000	1.000000	1.000000	1.000000
1.000000	1.000000	1.000000	1.000000	1.000000	1.000000	1.000000	1.000000	1.000000	1.000000	1.000000	1.000000	1.000000	1.000000	1.000000	1.000000	1.000000	1.000000	1.000000	1.000000	1.000000
1.000000	1.000000	1.000000	1.000000	1.000000	1.000000	1.000000	1.000000	1.000000	1.000000	1.000000	1.000000	1.000000	1.000000	1.000000	1.000000	1.000000	1.000000	1.000000	1.000000	1.000000
1.000000	1.000000	1.000000	1.000000	1.000000	1.000000	1.000000	1.000000	1.000000	1.000000	1.000000	1.000000	1.000000	1.000000	1.000000	1.000000	1.000000	1.000000	1.000000	1.000000	1.000000
