21 25 0
1.000000	1.000000	249.000000	486.000000	1.000000	466.000000	241.000000	704.000000	447.000000	224.000000	1.000000	1.000000	245.000000	417.000000	1.000000	1.000000	1.000000	1.000000	1.000000	1.000000	1.000000
1.000000	1.000000	250.000000	487.000000	1.000000	1.000000	1.000000	245.000000	230.000000	1.000000	1.000000	1.000000	1.000000	1.000000	1.000000	1.000000	1.000000	1.000000	1.000000	1.000000	1.000000
1.000000	1.000000	1.000000	1.000000	1.000000	1.000000	1.000000	1.000000	1.000000	1.000000	1.000000	1.000000	1.000000	1.000000	1.000000	1.000000	1.000000	1.000000	1.000000	1.000000	1.000000
1.000000	1.000000	1.000000	1.000000	1.000000	1.000000	1.000000	1.000000	1.000000	1.000000	1.000000	1.000000	1.000000	1.000000	1.000000	1.000000	1.000000	1.000000	1.000000	1.000000	1.000000
1.000000	1.000000	1.000000	1.000000	1.000000	1.000000	187.000000	1.000000	1.000000	1.000000	1.000000	1.000000	1.000000	1.000000	1.000000	1.000000	1.000000	1.000000	1.000000	1.000000	1.000000
1.000000	1.000000	1.000000	1.000000	1.000000	1.000000	1.000000	1.000000	208.000000	1.000000	1.000000	1.000000	1.000000	1.000000	1.000000	1.000000	1.000000	1.000000	1.000000	189.000000	1.000000
1.000000	1.000000	1.000000	1.000000	1.000000	206.000000	1.000000	1.000000	212.000000	1164.000000	204.000000	1.000000	1.000000	1.000000	216.000000	246.000000	1.000000	1.000000	238.000000	213.000000	1.000000
1.000000	1.000000	1.000000	1.000000	1.000000	206.000000	1.000000	1.000000	212.000000	1684.000000	661.000000	1.000000	1.000000	181.000000	222.000000	491.000000	1.000000	1.000000	436.000000	401.000000	1.000000
1.000000	1.000000	1.000000	1.000000	1.000000	1.000000	193.000000	1.000000	237.000000	1486.000000	490.000000	1.000000	194.000000	189.000000	1.000000	488.000000	1.000000	1.000000	251.000000	217.000000	1.000000
1.000000	1.000000	1.000000	1.000000	1.000000	1.000000	193.000000	212.000000	238.000000	1378.000000	445.000000	1.000000	1068.000000	192.000000	1.000000	1.000000	193.000000	199.000000	249.000000	196.000000	1.000000
1.000000	1.000000	1.000000	1.000000	1.000000	1.000000	1.000000	1.000000	1.000000	190.000000	194.000000	1.000000	1294.000000	214.000000	1.000000	1.000000	1.000000	395.000000	1.000000	1.000000	1.000000
1.000000	1.000000	1.000000	1.000000	1.000000	1.000000	1.000000	1.000000	450.000000	881.000000	1.000000	1.000000	641.000000	407.000000	214.000000	1.000000	1.000000	190.000000	1.000000	1.000000	1.000000
1.000000	1.000000	179.000000	1.000000	1.000000	1.000000	1.000000	1.000000	729.000000	1002.000000	694.000000	248.000000	633.000000	1202.000000	444.000000	1.000000	1.000000	1.000000	1.000000	1.000000	1.000000
1.000000	1.000000	1.000000	1.000000	1.000000	1.000000	218.000000	198.000000	252.000000	969.000000	694.000000	248.000000	414.000000	1028.000000	196.000000	1.000000	1.000000	1.000000	1.000000	1.000000	1.000000
1.000000	1.000000	1.000000	1.000000	1.000000	1.000000	1.000000	211.000000	252.000000	249.000000	1.000000	239.000000	1.000000	1.000000	221.000000	1.000000	1.000000	1.000000	1.000000	1.000000	1.000000
1.000000	1.000000	1.000000	1.000000	1.000000	1.000000	1.000000	200.000000	1.000000	1.000000	1.000000	1.000000	1.000000	239.000000	435.000000	1.000000	1.000000	1.000000	1.000000	1.000000	1.000000
1.000000	1.000000	1.000000	1.000000	1.000000	1.000000	1.000000	1.000000	222.000000	211.000000	1.000000	1.000000	1.000000	646.000000	653.000000	1.000000	1.000000	1.000000	1.000000	1.000000	1.000000
1.000000	1.000000	1.000000	1.000000	1.000000	1.000000	1.000000	1.000000	1.000000	1.000000	1.000000	1.000000	1.000000	808.000000	215.000000	1.000000	1.000000	1.000000	1.000000	1.000000	1.000000
1.000000	1.000000	1.000000	1.000000	1.000000	1.000000	1.000000	1.000000	1.000000	1.000000	1.000000	1.000000	1.000000	1.000000	1.000000	1.000000	1.000000	1.000000	1.000000	1.000000	1.000000
1.000000	1.000000	1.000000	1.000000	1.000000	1.000000	1.000000	1.000000	1.000000	1.000000	1.000000	1.000000	1.000000	1.000000	1.000000	1.000000	1.000000	1.000000	1.000000	1.000000	1.000000
1.000000	1.000000	1.000000	1.000000	1.000000	1.000000	1.000000	1.000000	1.000000	1.000000	1.000000	1.000000	1.000000	1.000000	1.000000	1.000000	1.000000	1.000000	1.000000	1.000000	1.000000
1.000000	1.000000	1.000000	1.000000	1.000000	1.000000	1.000000	1.000000	1.000000	1.000000	1.000000	1.000000	1.000000	1.000000	1.000000	1.000000	1.000000	1.000000	1.000000	1.000000	1.000000
1.000000	1.000000	1.000000	1.000000	1.000000	1.000000	1.000000	1.000000	1.000000	1.000000	1.000000	1.000000	1.000000	1.000000	1.000000	1.000000	1.000000	1.000000	1.000000	1.000000	1.000000
1.000000	1.000000	1.000000	1.000000	1.000000	1.000000	1.000000	1.000000	1.000000	1.000000	1.000000	1.000000	1.000000	1.000000	1.000000	1.000000	1.000000	1.000000	1.000000	1.000000	1.000000
1.000000	1.000000	1.000000	1.000000	1.000000	1.000000	1.000000	1.000000	1.000000	1.000000	1.000000	1.000000	1.000000	1.000000	1.000000	1.000000	1.000000	1.000000	1.000000	1.000000	1.000000
