21 25 0
1.000000	1.000000	1.000000	1.000000	1.000000	1.000000	1.000000	1.000000	1.000000	1.000000	186.000000	618.000000	687.000000	834.000000	228.000000	228.000000	418.000000	627.000000	207.000000	1.000000	1.000000
1.000000	1.000000	1.000000	1.000000	1.000000	1.000000	211.000000	448.000000	838.000000	402.000000	617.000000	431.000000	223.000000	224.000000	224.000000	1.000000	225.000000	225.000000	192.000000	220.000000	1.000000
1.000000	1.000000	483.000000	718.000000	469.000000	664.000000	450.000000	389.000000	231.000000	229.000000	1.000000	1.000000	1.000000	1.000000	1.000000	1.000000	1.000000	1.000000	1.000000	1.000000	1.000000
1.000000	1.000000	1.000000	1.000000	1.000000	1.000000	1.000000	1.000000	1.000000	1.000000	1.000000	1.000000	1.000000	1.000000	1.000000	1.000000	1.000000	1.000000	1.000000	1.000000	1.000000
1.000000	1.000000	1.000000	1.000000	1.000000	1.000000	1.000000	202.000000	197.000000	1.000000	1.000000	1.000000	1.000000	219.000000	217.000000	1.000000	1.000000	1.000000	1.000000	1.000000	1.000000
1.000000	1.000000	1.000000	185.000000	181.000000	596.000000	1110.000000	1400.000000	1291.000000	389.000000	184.000000	1.000000	1045.000000	1386.000000	1689.000000	737.000000	631.000000	204.000000	1.000000	1.000000	1.000000
1.000000	1.000000	1.000000	191.000000	439.000000	438.000000	449.000000	471.000000	661.000000	1.000000	1.000000	1.000000	198.000000	672.000000	634.000000	227.000000	213.000000	213.000000	1.000000	1.000000	1.000000
1.000000	1.000000	1.000000	1.000000	1.000000	1.000000	253.000000	1.000000	202.000000	1.000000	1.000000	1.000000	209.000000	220.000000	233.000000	200.000000	195.000000	1.000000	1.000000	1.000000	1.000000
1.000000	1.000000	1.000000	1.000000	1.000000	196.000000	485.000000	1.000000	1.000000	1.000000	1.000000	1.000000	1.000000	1.000000	1123.000000	998.000000	687.000000	200.000000	1.000000	1.000000	1.000000
1.000000	1.000000	1.000000	1.000000	1.000000	1.000000	1.000000	1.000000	1.000000	195.000000	212.000000	662.000000	1.000000	1.000000	1.000000	247.000000	1.000000	1.000000	1.000000	1.000000	1.000000
1.000000	1.000000	1.000000	1.000000	1.000000	1.000000	1.000000	788.000000	390.000000	202.000000	218.000000	410.000000	414.000000	411.000000	1.000000	1.000000	1.000000	1.000000	1.000000	1.000000	1.000000
1.000000	1.000000	1.000000	1.000000	1.000000	1.000000	1.000000	1.000000	1.000000	1.000000	1.000000	1.000000	1.000000	187.000000	446.000000	1.000000	1.000000	1.000000	201.000000	1.000000	1.000000
1.000000	1.000000	184.000000	211.000000	1.000000	1.000000	1.000000	400.000000	739.000000	1212.000000	1404.000000	1160.000000	915.000000	833.000000	418.000000	394.000000	1.000000	190.000000	200.000000	1.000000	1.000000
1.000000	1.000000	189.000000	1.000000	1.000000	1.000000	205.000000	454.000000	234.000000	1408.000000	1670.000000	1201.000000	445.000000	207.000000	205.000000	396.000000	232.000000	204.000000	191.000000	1.000000	1.000000
1.000000	1.000000	1.000000	1.000000	179.000000	1.000000	1.000000	1.000000	250.000000	257.000000	246.000000	203.000000	1.000000	1.000000	226.000000	196.000000	1.000000	187.000000	1.000000	1.000000	1.000000
1.000000	1.000000	1.000000	1.000000	1.000000	1.000000	208.000000	717.000000	722.000000	1.000000	1.000000	204.000000	422.000000	645.000000	1.000000	193.000000	198.000000	197.000000	197.000000	1.000000	1.000000
1.000000	1.000000	1.000000	1.000000	1.000000	1.000000	1.000000	614.000000	679.000000	684.000000	205.000000	423.000000	645.000000	221.000000	1.000000	1.000000	1.000000	1.000000	1.000000	1.000000	1.000000
1.000000	1.000000	1.000000	1.000000	1.000000	1.000000	1.000000	1.000000	1.000000	1.000000	1.000000	1.000000	1.000000	1.000000	1.000000	1.000000	1.000000	1.000000	1.000000	1.000000	1.000000
1.000000	1.000000	1.000000	1.000000	1.000000	1.000000	1.000000	1.000000	1.000000	1.000000	1.000000	1.000000	1.000000	1.000000	1.000000	1.000000	1.000000	1.000000	1.000000	1.000000	1.000000
1.000000	1.000000	1.000000	1.000000	1.000000	1.000000	1.000000	1.000000	1.000000	1.000000	1.000000	1.000000	1.000000	1.000000	1.000000	1.000000	1.000000	1.000000	1.000000	1.000000	1.000000
1.000000	1.000000	1.000000	1.000000	1.000000	1.000000	1.000000	1.000000	1.000000	1.000000	1.000000	1.000000	1.000000	1.000000	1.000000	1.000000	1.000000	1.000000	1.000000	1.000000	1.000000
1.000000	1.000000	1.000000	1.000000	1.000000	1.000000	1.000000	1.000000	1.000000	1.000000	1.000000	1.000000	1.000000	1.000000	1.000000	1.000000	1.000000	1.000000	1.000000	1.000000	1.000000
1.000000	1.000000	1.000000	1.000000	1.000000	1.000000	1.000000	1.000000	1.000000	1.000000	1.000000	1.000000	1.000000	1.000000	1.000000	1.000000	1.000000	1.000000	1.000000	1.000000	1.000000
1.000000	1.000000	1.000000	1.000000	1.000000	1.000000	1.000000	1.000000	1.000000	1.000000	1.000000	1.000000	1.000000	1.000000	1.000000	1.000000	1.000000	1.000000	1.000000	1.000000	1.000000
1.000000	1.000000	1.000000	1.000000	1.000000	1.000000	1.000000	1.000000	1.000000	1.000000	1.000000	1.000000	1.000000	1.000000	1.000000	1.000000	1.000000	1.000000	1.000000	1.000000	1.000000
