21 25 0
1.000000	1.000000	230.000000	1.000000	225.000000	465.000000	453.000000	437.000000	192.000000	219.000000	222.000000	1.000000	1.000000	1.000000	1.000000	1.000000	1.000000	1.000000	217.000000	1.000000	1.000000
1.000000	1.000000	1.000000	1.000000	1.000000	1.000000	1.000000	1.000000	1.000000	1.000000	1.000000	1.000000	1.000000	1.000000	1.000000	1.000000	1.000000	1.000000	1.000000	1.000000	1.000000
1.000000	1.000000	1.000000	1.000000	1.000000	1.000000	1.000000	1.000000	1.000000	1.000000	1.000000	1.000000	1.000000	1.000000	1.000000	1.000000	1.000000	1.000000	1.000000	1.000000	1.000000
1.000000	1.000000	1.000000	1.000000	1.000000	1.000000	1.000000	1.000000	1.000000	1.000000	1.000000	1.000000	1.000000	1.000000	1.000000	1.000000	1.000000	1.000000	1.000000	1.000000	1.000000
1.000000	1.000000	1.000000	1.000000	1.000000	1.000000	1.000000	1.000000	1.000000	1.000000	1.000000	1.000000	1.000000	1.000000	1.000000	1.000000	1.000000	203.000000	1.000000	1.000000	1.000000
1.000000	1.000000	1.000000	1.000000	1.000000	1.000000	1.000000	1.000000	1.000000	1.000000	1.000000	1.000000	1.000000	1.000000	1.000000	1.000000	1.000000	1.000000	192.000000	1.000000	192.000000
1.000000	1.000000	1.000000	1.000000	1.000000	244.000000	482.000000	202.000000	1.000000	1.000000	1.000000	428.000000	1.000000	1.000000	1.000000	1.000000	1.000000	1.000000	1.000000	1.000000	1.000000
1.000000	1.000000	1.000000	1.000000	1.000000	1.000000	247.000000	920.000000	236.000000	1.000000	212.000000	1536.000000	859.000000	411.000000	1.000000	1.000000	1.000000	1.000000	1.000000	1.000000	1.000000
1.000000	1.000000	392.000000	1.000000	1.000000	1.000000	211.000000	402.000000	1.000000	1.000000	1.000000	889.000000	1126.000000	1331.000000	209.000000	1.000000	1.000000	1.000000	1.000000	1.000000	1.000000
1.000000	1.000000	1.000000	1.000000	191.000000	190.000000	1.000000	193.000000	1.000000	1.000000	1.000000	1.000000	194.000000	854.000000	1317.000000	403.000000	1.000000	1.000000	1.000000	1.000000	1.000000
1.000000	1.000000	1.000000	210.000000	1.000000	1.000000	1.000000	1.000000	1.000000	1.000000	223.000000	444.000000	1.000000	1.000000	441.000000	877.000000	199.000000	1.000000	190.000000	1.000000	1.000000
1.000000	1.000000	1.000000	1.000000	1.000000	1.000000	1.000000	1.000000	1.000000	1.000000	219.000000	852.000000	232.000000	1.000000	1.000000	215.000000	1.000000	1.000000	1.000000	1.000000	1.000000
1.000000	1.000000	1.000000	1.000000	1.000000	1.000000	1.000000	1.000000	1.000000	1.000000	201.000000	224.000000	213.000000	233.000000	1.000000	1.000000	1.000000	1.000000	1.000000	1.000000	1.000000
1.000000	1.000000	1.000000	1.000000	1.000000	1.000000	1.000000	900.000000	243.000000	1.000000	1.000000	1.000000	1.000000	1.000000	1.000000	221.000000	1.000000	1.000000	1.000000	1.000000	1.000000
1.000000	1.000000	1.000000	1.000000	1.000000	1.000000	1.000000	427.000000	1446.000000	930.000000	219.000000	1.000000	1.000000	1.000000	1.000000	1.000000	1.000000	1.000000	213.000000	1.000000	1.000000
1.000000	1.000000	409.000000	1.000000	1.000000	242.000000	248.000000	248.000000	696.000000	929.000000	878.000000	416.000000	1.000000	1.000000	412.000000	1.000000	1.000000	1.000000	1.000000	1.000000	1.000000
1.000000	1.000000	1.000000	613.000000	1.000000	365.000000	232.000000	221.000000	237.000000	204.000000	229.000000	198.000000	201.000000	1.000000	1.000000	1.000000	1.000000	1.000000	233.000000	1.000000	1.000000
1.000000	1.000000	1.000000	1.000000	1.000000	1.000000	588.000000	624.000000	1.000000	1.000000	1.000000	427.000000	205.000000	186.000000	1.000000	1.000000	1.000000	199.000000	1.000000	1.000000	1.000000
1.000000	1.000000	1.000000	1.000000	1.000000	1.000000	1.000000	1.000000	1.000000	1.000000	1.000000	1.000000	1.000000	1.000000	1.000000	1.000000	1.000000	1.000000	1.000000	1.000000	1.000000
1.000000	1.000000	1.000000	1.000000	1.000000	1.000000	1.000000	1.000000	1.000000	1.000000	1.000000	1.000000	1.000000	1.000000	1.000000	1.000000	1.000000	1.000000	1.000000	1.000000	1.000000
1.000000	1.000000	1.000000	1.000000	1.000000	1.000000	1.000000	1.000000	1.000000	1.000000	1.000000	1.000000	1.000000	1.000000	1.000000	1.000000	1.000000	1.000000	1.000000	1.000000	1.000000
1.000000	1.000000	1.000000	1.000000	1.000000	1.000000	1.000000	1.000000	1.000000	1.000000	1.000000	1.000000	1.000000	1.000000	1.000000	1.000000	1.000000	1.000000	1.000000	1.000000	1.000000
1.000000	1.000000	1.000000	1.000000	1.000000	1.000000	1.000000	1.000000	1.000000	1.000000	1.000000	1.000000	1.000000	1.000000	1.000000	1.000000	1.000000	1.000000	1.000000	1.000000	1.000000
1.000000	1.000000	1.000000	1.000000	1.000000	1.000000	1.000000	1.000000	1.000000	1.000000	1.000000	1.000000	1.000000	1.000000	1.000000	1.000000	1.000000	1.000000	1.000000	1.000000	1.000000
1.000000	1.000000	1.000000	1.000000	1.000000	1.000000	1.000000	1.000000	1.000000	1.000000	1.000000	1.000000	1.000000	1.000000	1.000000	1.000000	1.000000	1.000000	1.000000	1.000000	1.000000
