21 25 0
1.000000	1.000000	1.000000	1.000000	1.000000	1.000000	1.000000	1.000000	204.000000	412.000000	593.000000	603.000000	594.000000	619.000000	403.000000	386.000000	1.000000	207.000000	232.000000	1.000000	1.000000
1.000000	1.000000	1.000000	1.000000	1.000000	1.000000	1.000000	1.000000	1.000000	1.000000	1.000000	636.000000	417.000000	369.000000	417.000000	796.000000	423.000000	206.000000	1.000000	1.000000	1.000000
1.000000	1.000000	1.000000	1.000000	1.000000	1.000000	1.000000	1.000000	1.000000	1.000000	1.000000	1.000000	1.000000	1.000000	1.000000	1.000000	179.000000	791.000000	625.000000	648.000000	434.000000
1.000000	1.000000	1.000000	1.000000	1.000000	179.000000	1.000000	1.000000	1.000000	1.000000	1.000000	1.000000	208.000000	241.000000	191.000000	1.000000	1.000000	1.000000	1.000000	207.000000	212.000000
1.000000	1.000000	1.000000	1.000000	193.000000	411.000000	615.000000	581.000000	184.000000	1.000000	1.000000	1.000000	1.000000	191.000000	1053.000000	880.000000	620.000000	1.000000	1.000000	225.000000	225.000000
1.000000	1.000000	1.000000	220.000000	437.000000	1.000000	413.000000	418.000000	1.000000	191.000000	1.000000	1.000000	193.000000	433.000000	428.000000	219.000000	394.000000	188.000000	1.000000	213.000000	202.000000
1.000000	1.000000	1.000000	1.000000	1.000000	1.000000	1.000000	1.000000	1.000000	1.000000	1.000000	1.000000	1.000000	249.000000	1.000000	1.000000	1.000000	1.000000	1.000000	199.000000	1.000000
1.000000	1.000000	1.000000	1.000000	1.000000	1.000000	212.000000	212.000000	1.000000	1.000000	216.000000	1.000000	1.000000	182.000000	1.000000	190.000000	1.000000	1.000000	1.000000	1.000000	232.000000
1.000000	1.000000	1.000000	176.000000	195.000000	427.000000	702.000000	1077.000000	856.000000	1.000000	189.000000	240.000000	1124.000000	1090.000000	1142.000000	459.000000	201.000000	189.000000	1.000000	1.000000	217.000000
1.000000	1.000000	1.000000	1.000000	180.000000	213.000000	213.000000	448.000000	682.000000	1.000000	1.000000	1.000000	862.000000	842.000000	775.000000	390.000000	583.000000	389.000000	1.000000	1.000000	1.000000
1.000000	1.000000	1.000000	197.000000	212.000000	211.000000	663.000000	465.000000	656.000000	234.000000	248.000000	205.000000	639.000000	1264.000000	1261.000000	1052.000000	829.000000	642.000000	193.000000	1.000000	1.000000
1.000000	1.000000	1.000000	1.000000	1.000000	384.000000	397.000000	199.000000	1.000000	410.000000	177.000000	239.000000	1.000000	386.000000	409.000000	407.000000	400.000000	1.000000	1.000000	1.000000	1.000000
1.000000	1.000000	1.000000	1.000000	1.000000	1.000000	1.000000	1.000000	1.000000	1.000000	1.000000	1.000000	1.000000	225.000000	1.000000	1.000000	1.000000	1.000000	1.000000	1.000000	209.000000
1.000000	1.000000	1.000000	1.000000	1.000000	1.000000	1.000000	424.000000	494.000000	508.000000	498.000000	483.000000	624.000000	452.000000	220.000000	1.000000	1.000000	1.000000	1.000000	1.000000	1.000000
1.000000	1.000000	213.000000	1.000000	1.000000	1.000000	1.000000	451.000000	1198.000000	1489.000000	1229.000000	959.000000	913.000000	863.000000	225.000000	1.000000	1.000000	1.000000	1.000000	1.000000	182.000000
1.000000	1.000000	1.000000	1.000000	1.000000	189.000000	1.000000	1.000000	1.000000	1.000000	1.000000	1.000000	1.000000	1.000000	228.000000	176.000000	390.000000	1.000000	1.000000	1.000000	1.000000
1.000000	1.000000	1.000000	1.000000	1.000000	1.000000	243.000000	485.000000	700.000000	481.000000	440.000000	184.000000	184.000000	383.000000	428.000000	179.000000	1.000000	1.000000	1.000000	1.000000	1.000000
1.000000	1.000000	205.000000	1.000000	1.000000	1.000000	1.000000	185.000000	501.000000	682.000000	1.000000	236.000000	745.000000	678.000000	1.000000	1.000000	1.000000	1.000000	1.000000	1.000000	1.000000
1.000000	1.000000	1.000000	1.000000	1.000000	1.000000	1.000000	1.000000	1.000000	1.000000	1.000000	1.000000	1.000000	1.000000	1.000000	1.000000	1.000000	1.000000	1.000000	240.000000	240.000000
1.000000	1.000000	1.000000	1.000000	1.000000	1.000000	1.000000	1.000000	1.000000	1.000000	1.000000	1.000000	1.000000	1.000000	1.000000	1.000000	1.000000	1.000000	1.000000	1.000000	1.000000
1.000000	1.000000	1.000000	1.000000	1.000000	1.000000	1.000000	1.000000	1.000000	1.000000	1.000000	1.000000	1.000000	1.000000	1.000000	1.000000	1.000000	1.000000	1.000000	1.000000	1.000000
1.000000	1.000000	1.000000	1.000000	1.000000	1.000000	1.000000	1.000000	1.000000	1.000000	1.000000	1.000000	1.000000	1.000000	1.000000	1.000000	1.000000	1.000000	1.000000	1.000000	1.000000
1.000000	1.000000	1.000000	1.000000	1.000000	1.000000	1.000000	1.000000	1.000000	1.000000	1.000000	1.000000	1.000000	1.000000	1.000000	1.000000	1.000000	1.000000	1.000000	1.000000	1.000000
1.000000	1.000000	1.000000	1.000000	1.000000	1.000000	1.000000	1.000000	1.000000	1.000000	1.000000	1.000000	1.000000	1.000000	1.000000	1.000000	1.000000	1.000000	1.000000	1.000000	1.000000
1.000000	1.000000	1.000000	1.000000	1.000000	1.000000	1.000000	1.000000	1.000000	1.000000	1.000000	1.000000	1.000000	1.000000	1.000000	1.000000	1.000000	1.000000	1.000000	1.000000	1.000000
