21 25 0
1.000000	1.000000	1.000000	1.000000	1.000000	184.000000	180.000000	1.000000	184.000000	1.000000	1.000000	1.000000	1.000000	1.000000	1.000000	1.000000	374.000000	1.000000	1.000000	238.000000	1.000000
1.000000	1.000000	1.000000	1.000000	1.000000	187.000000	1.000000	1.000000	1.000000	1.000000	187.000000	1.000000	1.000000	1.000000	1.000000	1.000000	1.000000	1.000000	1.000000	1.000000	1.000000
1.000000	1.000000	1.000000	1.000000	1.000000	180.000000	1.000000	1.000000	174.000000	1.000000	187.000000	1.000000	1.000000	1.000000	1.000000	1.000000	1.000000	1.000000	182.000000	1.000000	1.000000
1.000000	1.000000	1.000000	1.000000	1.000000	1.000000	1.000000	1.000000	1.000000	185.000000	1.000000	1.000000	1.000000	1.000000	1.000000	1.000000	1.000000	1.000000	372.000000	1.000000	1.000000
1.000000	1.000000	1.000000	1.000000	1.000000	1.000000	1.000000	1.000000	1.000000	1.000000	1.000000	1.000000	1.000000	1.000000	182.000000	1.000000	1.000000	1.000000	190.000000	193.000000	1.000000
1.000000	1.000000	1.000000	1.000000	1.000000	1.000000	1.000000	1.000000	1.000000	1.000000	1.000000	1.000000	1.000000	183.000000	1.000000	434.000000	1.000000	1.000000	218.000000	1.000000	1.000000
1.000000	1.000000	1.000000	1.000000	1.000000	1.000000	1.000000	1.000000	189.000000	222.000000	1.000000	1.000000	1.000000	1.000000	210.000000	456.000000	1.000000	1.000000	219.000000	1.000000	1.000000
1.000000	1.000000	1.000000	1.000000	1.000000	1.000000	1.000000	1.000000	955.000000	1393.000000	192.000000	1.000000	1.000000	1.000000	607.000000	694.000000	183.000000	195.000000	211.000000	1.000000	1.000000
1.000000	1.000000	1.000000	1.000000	215.000000	1.000000	1.000000	1.000000	725.000000	1974.000000	669.000000	1.000000	176.000000	241.000000	1.000000	229.000000	1.000000	379.000000	389.000000	217.000000	1.000000
1.000000	1.000000	1.000000	1.000000	216.000000	1.000000	1.000000	1.000000	507.000000	1603.000000	707.000000	1.000000	360.000000	1.000000	1.000000	1.000000	1.000000	205.000000	599.000000	213.000000	1.000000
1.000000	1.000000	1.000000	1.000000	1.000000	1.000000	1.000000	1.000000	1.000000	656.000000	244.000000	1.000000	566.000000	391.000000	1.000000	1.000000	1.000000	225.000000	199.000000	1.000000	1.000000
1.000000	1.000000	1.000000	1.000000	1.000000	1.000000	1.000000	1.000000	414.000000	704.000000	647.000000	226.000000	798.000000	603.000000	1.000000	1.000000	1.000000	1.000000	1.000000	1.000000	1.000000
1.000000	1.000000	198.000000	1.000000	1.000000	1.000000	1.000000	1.000000	1.000000	653.000000	685.000000	1.000000	857.000000	1.000000	187.000000	1.000000	188.000000	1.000000	1.000000	1.000000	1.000000
1.000000	1.000000	199.000000	186.000000	1.000000	1.000000	1.000000	1.000000	246.000000	1.000000	257.000000	233.000000	1095.000000	1.000000	1.000000	1.000000	1.000000	1.000000	1.000000	1.000000	182.000000
1.000000	1.000000	1.000000	214.000000	187.000000	1.000000	1.000000	420.000000	247.000000	236.000000	1.000000	234.000000	459.000000	1.000000	1.000000	203.000000	1.000000	1.000000	1.000000	1.000000	210.000000
1.000000	1.000000	1.000000	1.000000	1.000000	1.000000	1.000000	182.000000	1.000000	254.000000	1.000000	1.000000	1.000000	1.000000	1.000000	1.000000	1.000000	1.000000	187.000000	1.000000	1.000000
1.000000	1.000000	1.000000	1.000000	1.000000	1.000000	1.000000	1.000000	1.000000	474.000000	1.000000	1.000000	184.000000	693.000000	702.000000	1.000000	1.000000	1.000000	1.000000	1.000000	1.000000
1.000000	1.000000	1.000000	1.000000	1.000000	190.000000	1.000000	1.000000	1.000000	233.000000	1.000000	1.000000	1.000000	457.000000	1.000000	1.000000	1.000000	1.000000	1.000000	1.000000	232.000000
1.000000	1.000000	1.000000	1.000000	1.000000	1.000000	1.000000	1.000000	1.000000	1.000000	1.000000	1.000000	1.000000	1.000000	1.000000	1.000000	1.000000	1.000000	188.000000	1.000000	1.000000
1.000000	1.000000	1.000000	1.000000	1.000000	1.000000	1.000000	1.000000	1.000000	1.000000	1.000000	1.000000	1.000000	1.000000	1.000000	1.000000	1.000000	1.000000	1.000000	1.000000	1.000000
1.000000	1.000000	1.000000	1.000000	1.000000	1.000000	1.000000	1.000000	1.000000	1.000000	1.000000	1.000000	1.000000	1.000000	1.000000	1.000000	1.000000	1.000000	1.000000	1.000000	1.000000
1.000000	1.000000	1.000000	1.000000	1.000000	1.000000	1.000000	1.000000	1.000000	1.000000	1.000000	1.000000	1.000000	1.000000	1.000000	1.000000	1.000000	1.000000	1.000000	1.000000	1.000000
1.000000	1.000000	1.000000	1.000000	1.000000	1.000000	1.000000	1.000000	1.000000	1.000000	1.000000	1.000000	1.000000	1.000000	1.000000	1.000000	1.000000	1.000000	1.000000	1.000000	1.000000
1.000000	1.000000	1.000000	1.000000	1.000000	1.000000	1.000000	1.000000	1.000000	1.000000	1.000000	1.000000	1.000000	1.000000	1.000000	1.000000	1.000000	1.000000	1.000000	1.000000	1.000000
1.000000	1.000000	1.000000	1.000000	1.000000	1.000000	1.000000	1.000000	1.000000	1.000000	1.000000	1.000000	1.000000	1.000000	1.000000	1.000000	1.000000	1.000000	1.000000	1.000000	1.000000
