21 25 0
1.000000	1.000000	1.000000	1.000000	1.000000	1.000000	1.000000	190.000000	200.000000	200.000000	1.000000	188.000000	420.000000	203.000000	1.000000	1.000000	179.000000	1.000000	197.000000	390.000000	1.000000
1.000000	1.000000	1.000000	1.000000	1.000000	1.000000	1.000000	204.000000	400.000000	377.000000	201.000000	1.000000	1.000000	1.000000	1.000000	1.000000	1.000000	373.000000	176.000000	1.000000	208.000000
1.000000	1.000000	1.000000	1.000000	1.000000	194.000000	193.000000	1.000000	190.000000	189.000000	187.000000	1.000000	187.000000	187.000000	558.000000	397.000000	1.000000	1.000000	1.000000	1.000000	223.000000
1.000000	1.000000	1.000000	1.000000	1.000000	1.000000	1.000000	1.000000	1.000000	1.000000	1.000000	1.000000	1.000000	1.000000	1.000000	1.000000	1.000000	1.000000	1.000000	1.000000	202.000000
1.000000	1.000000	1.000000	1.000000	1.000000	1.000000	1.000000	1.000000	1.000000	1.000000	1.000000	1.000000	1.000000	250.000000	240.000000	198.000000	191.000000	1.000000	1.000000	612.000000	201.000000
1.000000	1.000000	1.000000	1.000000	1.000000	201.000000	238.000000	237.000000	1.000000	1.000000	1.000000	1.000000	217.000000	566.000000	637.000000	217.000000	1.000000	1.000000	1.000000	210.000000	201.000000
1.000000	1.000000	1.000000	176.000000	207.000000	629.000000	915.000000	1181.000000	907.000000	1.000000	1.000000	179.000000	1127.000000	1625.000000	1673.000000	1296.000000	842.000000	1.000000	1.000000	1.000000	1.000000
1.000000	1.000000	1.000000	383.000000	637.000000	409.000000	445.000000	682.000000	671.000000	1.000000	1.000000	1.000000	790.000000	833.000000	853.000000	885.000000	656.000000	396.000000	1.000000	1.000000	1.000000
1.000000	1.000000	1.000000	1.000000	1.000000	1.000000	1.000000	1.000000	1.000000	1.000000	1.000000	1.000000	1.000000	1.000000	1.000000	1.000000	1.000000	1.000000	1.000000	1.000000	1.000000
1.000000	1.000000	1.000000	1.000000	1.000000	1.000000	1.000000	1.000000	1.000000	1.000000	1.000000	1.000000	1.000000	1.000000	1.000000	1.000000	1.000000	1.000000	1.000000	195.000000	381.000000
1.000000	1.000000	1.000000	1.000000	1.000000	1.000000	1.000000	1.000000	1.000000	200.000000	1.000000	1.000000	1.000000	1.000000	1.000000	190.000000	1.000000	1.000000	1.000000	1.000000	1.000000
1.000000	1.000000	202.000000	1.000000	1.000000	209.000000	209.000000	199.000000	437.000000	213.000000	440.000000	471.000000	212.000000	371.000000	366.000000	1.000000	1.000000	198.000000	1.000000	1.000000	1.000000
1.000000	1.000000	215.000000	1.000000	1.000000	210.000000	671.000000	469.000000	1809.000000	1669.000000	1642.000000	1363.000000	1106.000000	1494.000000	1269.000000	1042.000000	196.000000	193.000000	183.000000	183.000000	1.000000
1.000000	1.000000	1.000000	200.000000	1.000000	371.000000	396.000000	1.000000	232.000000	504.000000	1142.000000	711.000000	442.000000	1.000000	219.000000	593.000000	595.000000	377.000000	181.000000	181.000000	1.000000
1.000000	1.000000	1.000000	1.000000	188.000000	188.000000	243.000000	232.000000	1.000000	1.000000	1.000000	1.000000	226.000000	231.000000	255.000000	1.000000	1.000000	1.000000	1.000000	1.000000	1.000000
1.000000	1.000000	1.000000	1.000000	1.000000	1.000000	1.000000	1091.000000	1971.000000	1222.000000	752.000000	875.000000	1198.000000	1322.000000	206.000000	1.000000	1.000000	1.000000	1.000000	187.000000	211.000000
1.000000	1.000000	205.000000	1.000000	1.000000	1.000000	1.000000	1.000000	1.000000	495.000000	253.000000	226.000000	243.000000	226.000000	1.000000	1.000000	1.000000	1.000000	1.000000	1.000000	241.000000
1.000000	1.000000	1.000000	1.000000	1.000000	1.000000	252.000000	1.000000	1.000000	1.000000	1.000000	1.000000	1.000000	1.000000	229.000000	1.000000	1.000000	1.000000	1.000000	1.000000	1.000000
1.000000	1.000000	1.000000	1.000000	1.000000	1.000000	1.000000	1.000000	1.000000	1.000000	1.000000	1.000000	1.000000	1.000000	1.000000	1.000000	1.000000	1.000000	1.000000	1.000000	1.000000
1.000000	1.000000	1.000000	1.000000	1.000000	1.000000	1.000000	1.000000	1.000000	1.000000	1.000000	1.000000	1.000000	1.000000	1.000000	1.000000	1.000000	1.000000	1.000000	1.000000	1.000000
1.000000	1.000000	1.000000	1.000000	1.000000	1.000000	1.000000	1.000000	1.000000	1.000000	1.000000	1.000000	1.000000	1.000000	1.000000	1.000000	1.000000	1.000000	1.000000	1.000000	1.000000
1.000000	1.000000	1.000000	1.000000	1.000000	1.000000	1.000000	1.000000	1.000000	1.000000	1.000000	1.000000	1.000000	1.000000	1.000000	1.000000	1.000000	1.000000	1.000000	1.000000	1.000000
1.000000	1.000000	1.000000	1.000000	1.000000	1.000000	1.000000	1.000000	1.000000	1.000000	1.000000	1.000000	1.000000	1.000000	1.000000	1.000000	1.000000	1.000000	1.000000	1.000000	1.000000
1.000000	1.000000	1.000000	1.000000	1.000000	1.000000	1.000000	1.000000	1.000000	1.000000	1.000000	1.000000	1.000000	1.000000	1.000000	1.000000	1.000000	1.000000	1.000000	1.000000	1.000000
1.000000	1.000000	1.000000	1.000000	1.000000	1.000000	1.000000	1.000000	1.000000	1.000000	1.000000	1.000000	1.000000	1.000000	1.000000	1.000000	1.000000	1.000000	1.000000	1.000000	1.000000
