21 25 0
1.000000	1.000000	194.000000	1.000000	1.000000	1.000000	1.000000	1.000000	1.000000	199.000000	1.000000	1.000000	614.000000	1.000000	1.000000	1.000000	574.000000	1.000000	1.000000	1.000000	1.000000
1.000000	1.000000	1.000000	1.000000	1.000000	1.000000	1.000000	178.000000	607.000000	180.000000	200.000000	1.000000	1.000000	1.000000	1.000000	1.000000	1.000000	1.000000	1.000000	1.000000	1.000000
1.000000	1.000000	1.000000	1.000000	1.000000	1.000000	1.000000	1.000000	188.000000	572.000000	190.000000	1.000000	189.000000	187.000000	186.000000	1.000000	1.000000	1.000000	1.000000	1.000000	223.000000
1.000000	1.000000	1.000000	1.000000	1.000000	1.000000	1.000000	1.000000	1.000000	188.000000	1.000000	1.000000	1.000000	1.000000	1.000000	1.000000	1.000000	1.000000	1.000000	1.000000	1.000000
1.000000	1.000000	1.000000	1.000000	1.000000	1.000000	1.000000	1.000000	1.000000	1.000000	1.000000	1.000000	208.000000	1.000000	1.000000	1.000000	1.000000	1.000000	191.000000	201.000000	1.000000
1.000000	1.000000	1.000000	1.000000	1.000000	1.000000	241.000000	1.000000	1.000000	1.000000	1.000000	1.000000	1.000000	587.000000	448.000000	216.000000	1.000000	1.000000	190.000000	1.000000	1.000000
1.000000	1.000000	1.000000	1.000000	196.000000	207.000000	681.000000	672.000000	815.000000	1.000000	1.000000	177.000000	384.000000	1467.000000	1295.000000	1106.000000	802.000000	1.000000	211.000000	1.000000	1.000000
1.000000	1.000000	1.000000	1.000000	1.000000	1.000000	1.000000	701.000000	1939.000000	916.000000	1.000000	1.000000	1.000000	1.000000	672.000000	890.000000	1067.000000	557.000000	211.000000	1.000000	1.000000
1.000000	1.000000	1.000000	1.000000	1.000000	1.000000	1.000000	1.000000	709.000000	1450.000000	250.000000	1.000000	1.000000	1.000000	1.000000	1.000000	1.000000	643.000000	356.000000	1.000000	1.000000
1.000000	1.000000	1.000000	1.000000	1.000000	1.000000	1.000000	1.000000	1.000000	436.000000	497.000000	1.000000	1.000000	1.000000	1.000000	1.000000	1.000000	1.000000	402.000000	1.000000	1.000000
1.000000	1.000000	1.000000	1.000000	1.000000	1.000000	1.000000	1.000000	1.000000	1.000000	242.000000	1.000000	1.000000	1.000000	1.000000	1.000000	1.000000	1.000000	1.000000	1.000000	1.000000
1.000000	1.000000	1.000000	1.000000	1.000000	1.000000	1.000000	1.000000	475.000000	465.000000	1.000000	1.000000	442.000000	1.000000	175.000000	1.000000	1.000000	1.000000	1.000000	199.000000	1.000000
1.000000	1.000000	215.000000	203.000000	1.000000	1.000000	196.000000	426.000000	735.000000	1398.000000	956.000000	1.000000	442.000000	820.000000	625.000000	178.000000	1.000000	1.000000	1.000000	1.000000	1.000000
1.000000	1.000000	199.000000	199.000000	1.000000	1.000000	1.000000	1.000000	1.000000	476.000000	689.000000	257.000000	1.000000	1.000000	591.000000	218.000000	378.000000	1.000000	1.000000	1.000000	183.000000
1.000000	1.000000	1.000000	204.000000	186.000000	1.000000	232.000000	485.000000	1.000000	1.000000	1.000000	251.000000	1.000000	224.000000	1.000000	1.000000	1.000000	1.000000	1.000000	1.000000	1.000000
1.000000	1.000000	1.000000	1.000000	1.000000	1.000000	1.000000	182.000000	1493.000000	997.000000	245.000000	376.000000	627.000000	688.000000	1.000000	1.000000	1.000000	1.000000	1.000000	1.000000	210.000000
1.000000	1.000000	1.000000	1.000000	399.000000	1.000000	1.000000	1.000000	1.000000	763.000000	510.000000	1.000000	246.000000	694.000000	248.000000	1.000000	1.000000	1.000000	1.000000	1.000000	1.000000
1.000000	1.000000	1.000000	1.000000	1.000000	388.000000	1.000000	1.000000	1.000000	1.000000	1.000000	1.000000	1.000000	226.000000	1.000000	1.000000	1.000000	1.000000	1.000000	1.000000	1.000000
1.000000	1.000000	1.000000	1.000000	1.000000	1.000000	1.000000	1.000000	1.000000	1.000000	1.000000	1.000000	1.000000	1.000000	1.000000	1.000000	1.000000	1.000000	1.000000	1.000000	1.000000
1.000000	1.000000	1.000000	1.000000	1.000000	1.000000	1.000000	1.000000	1.000000	1.000000	1.000000	1.000000	1.000000	1.000000	1.000000	1.000000	1.000000	1.000000	1.000000	1.000000	1.000000
1.000000	1.000000	1.000000	1.000000	1.000000	1.000000	1.000000	1.000000	1.000000	1.000000	1.000000	1.000000	1.000000	1.000000	1.000000	1.000000	1.000000	1.000000	1.000000	1.000000	1.000000
1.000000	1.000000	1.000000	1.000000	1.000000	1.000000	1.000000	1.000000	1.000000	1.000000	1.000000	1.000000	1.000000	1.000000	1.000000	1.000000	1.000000	1.000000	1.000000	1.000000	1.000000
1.000000	1.000000	1.000000	1.000000	1.000000	1.000000	1.000000	1.000000	1.000000	1.000000	1.000000	1.000000	1.000000	1.000000	1.000000	1.000000	1.000000	1.000000	1.000000	1.000000	1.000000
1.000000	1.000000	1.000000	1.000000	1.000000	1.000000	1.000000	1.000000	1.000000	1.000000	1.000000	1.000000	1.000000	1.000000	1.000000	1.000000	1.000000	1.000000	1.000000	1.000000	1.000000
1.000000	1.000000	1.000000	1.000000	1.000000	1.000000	1.000000	1.000000	1.000000	1.000000	1.000000	1.000000	1.000000	1.000000	1.000000	1.000000	1.000000	1.000000	1.000000	1.000000	1.000000
