21 25 0
1.000000	1.000000	1.000000	1.000000	1.000000	1.000000	1.000000	1.000000	1.000000	1.000000	222.000000	198.000000	1.000000	1.000000	1.000000	1.000000	1.000000	1.000000	376.000000	1.000000	1.000000
1.000000	1.000000	1.000000	1.000000	1.000000	1.000000	1.000000	202.000000	1.000000	1.000000	1.000000	1.000000	1.000000	1.000000	1.000000	1.000000	1.000000	193.000000	1.000000	1.000000	200.000000
1.000000	1.000000	1.000000	1.000000	1.000000	1.000000	1.000000	186.000000	190.000000	1.000000	1.000000	1.000000	1.000000	1.000000	1.000000	1.000000	1.000000	1.000000	1.000000	1.000000	224.000000
1.000000	1.000000	1.000000	1.000000	1.000000	1.000000	1.000000	1.000000	1.000000	1.000000	1.000000	1.000000	1.000000	1.000000	1.000000	1.000000	1.000000	1.000000	1.000000	205.000000	193.000000
1.000000	1.000000	1.000000	1.000000	1.000000	1.000000	1.000000	1.000000	1.000000	1.000000	1.000000	1.000000	1.000000	241.000000	204.000000	1.000000	1.000000	1.000000	1.000000	389.000000	198.000000
1.000000	1.000000	1.000000	1.000000	1.000000	1.000000	1.000000	204.000000	1.000000	1.000000	1.000000	1.000000	242.000000	1.000000	208.000000	217.000000	1.000000	1.000000	1.000000	394.000000	1.000000
1.000000	1.000000	1.000000	1.000000	196.000000	660.000000	601.000000	868.000000	381.000000	1.000000	1.000000	199.000000	584.000000	1077.000000	1072.000000	464.000000	385.000000	1.000000	1.000000	1.000000	1.000000
1.000000	1.000000	1.000000	414.000000	657.000000	433.000000	480.000000	1.000000	1.000000	1.000000	1.000000	1073.000000	1346.000000	642.000000	194.000000	1.000000	1.000000	191.000000	1.000000	1.000000	219.000000
1.000000	1.000000	1.000000	219.000000	1.000000	1.000000	1.000000	1.000000	1.000000	1.000000	215.000000	1169.000000	192.000000	1.000000	1.000000	1.000000	1.000000	1.000000	1.000000	1.000000	197.000000
1.000000	1.000000	1.000000	1.000000	1.000000	1.000000	1.000000	1.000000	1.000000	1.000000	496.000000	571.000000	1.000000	1.000000	1.000000	1.000000	1.000000	1.000000	1.000000	1.000000	396.000000
1.000000	1.000000	1.000000	1.000000	1.000000	1.000000	1.000000	1.000000	1.000000	179.000000	1.000000	192.000000	1.000000	1.000000	1.000000	1.000000	1.000000	1.000000	1.000000	196.000000	199.000000
1.000000	1.000000	1.000000	1.000000	1.000000	1.000000	1.000000	179.000000	428.000000	1.000000	229.000000	489.000000	1.000000	1.000000	1.000000	1.000000	1.000000	1.000000	178.000000	1.000000	213.000000
1.000000	1.000000	1.000000	1.000000	1.000000	1.000000	190.000000	469.000000	441.000000	245.000000	1221.000000	899.000000	470.000000	400.000000	228.000000	1.000000	401.000000	566.000000	357.000000	184.000000	1.000000
1.000000	1.000000	1.000000	1.000000	1.000000	186.000000	420.000000	1.000000	1.000000	432.000000	225.000000	236.000000	226.000000	1.000000	1.000000	1.000000	363.000000	1.000000	184.000000	181.000000	1.000000
1.000000	1.000000	1.000000	1.000000	186.000000	1.000000	1.000000	1.000000	1.000000	1.000000	1.000000	1.000000	1.000000	231.000000	400.000000	1.000000	1.000000	1.000000	1.000000	1.000000	1.000000
1.000000	1.000000	1.000000	1.000000	1.000000	1.000000	1.000000	219.000000	441.000000	254.000000	244.000000	250.000000	885.000000	1095.000000	1.000000	1.000000	1.000000	1.000000	1.000000	188.000000	180.000000
1.000000	1.000000	1.000000	1.000000	1.000000	1.000000	1.000000	1.000000	730.000000	1.000000	1.000000	244.000000	243.000000	1.000000	1.000000	1.000000	1.000000	1.000000	1.000000	199.000000	188.000000
1.000000	1.000000	1.000000	1.000000	1.000000	1.000000	1.000000	1.000000	1.000000	1.000000	1.000000	1.000000	1.000000	1.000000	212.000000	176.000000	1.000000	218.000000	1.000000	1.000000	1.000000
1.000000	1.000000	1.000000	1.000000	1.000000	1.000000	1.000000	1.000000	1.000000	1.000000	1.000000	1.000000	1.000000	1.000000	224.000000	1.000000	1.000000	1.000000	1.000000	1.000000	1.000000
1.000000	1.000000	1.000000	1.000000	1.000000	1.000000	1.000000	1.000000	1.000000	1.000000	1.000000	1.000000	1.000000	1.000000	1.000000	1.000000	1.000000	1.000000	1.000000	1.000000	1.000000
1.000000	1.000000	1.000000	1.000000	1.000000	1.000000	1.000000	1.000000	1.000000	1.000000	1.000000	1.000000	1.000000	1.000000	1.000000	1.000000	1.000000	1.000000	1.000000	1.000000	1.000000
1.000000	1.000000	1.000000	1.000000	1.000000	1.000000	1.000000	1.000000	1.000000	1.000000	1.000000	1.000000	1.000000	1.000000	1.000000	1.000000	1.000000	1.000000	1.000000	1.000000	1.000000
1.000000	1.000000	1.000000	1.000000	1.000000	1.000000	1.000000	1.000000	1.000000	1.000000	1.000000	1.000000	1.000000	1.000000	1.000000	1.000000	1.000000	1.000000	1.000000	1.000000	1.000000
1.000000	1.000000	1.000000	1.000000	1.000000	1.000000	1.000000	1.000000	1.000000	1.000000	1.000000	1.000000	1.000000	1.000000	1.000000	1.000000	1.000000	1.000000	1.000000	1.000000	1.000000
1.000000	1.000000	1.000000	1.000000	1.000000	1.000000	1.000000	1.000000	1.000000	1.000000	1.000000	1.000000	1.000000	1.000000	1.000000	1.000000	1.000000	1.000000	1.000000	1.000000	1.000000
