21 25 0
1.000000	1.000000	1.000000	1.000000	1.000000	1.000000	1.000000	1.000000	1.000000	414.000000	1002.000000	198.000000	189.000000	222.000000	404.000000	206.000000	1.000000	1.000000	240.000000	1.000000	1.000000
1.000000	1.000000	1.000000	1.000000	1.000000	1.000000	1.000000	1.000000	1.000000	1.000000	188.000000	358.000000	1.000000	190.000000	403.000000	588.000000	445.000000	205.000000	1.000000	1.000000	1.000000
1.000000	1.000000	1.000000	1.000000	1.000000	1.000000	1.000000	184.000000	1.000000	1.000000	1.000000	1.000000	1.000000	1.000000	1.000000	1.000000	1.000000	192.000000	410.000000	618.000000	221.000000
1.000000	1.000000	1.000000	1.000000	1.000000	1.000000	1.000000	1.000000	1.000000	1.000000	1.000000	1.000000	1.000000	1.000000	1.000000	1.000000	1.000000	1.000000	1.000000	414.000000	231.000000
1.000000	1.000000	1.000000	1.000000	1.000000	192.000000	1.000000	191.000000	1.000000	1.000000	1.000000	1.000000	1.000000	1.000000	1.000000	183.000000	1.000000	1.000000	1.000000	214.000000	202.000000
1.000000	1.000000	1.000000	1.000000	1.000000	1.000000	1.000000	378.000000	184.000000	1.000000	1.000000	1.000000	1.000000	1.000000	1.000000	1.000000	441.000000	394.000000	1.000000	1.000000	218.000000
1.000000	1.000000	1.000000	1.000000	1.000000	225.000000	1.000000	1.000000	1.000000	1.000000	207.000000	215.000000	1.000000	1.000000	1.000000	1.000000	1.000000	1.000000	1.000000	199.000000	600.000000
1.000000	1.000000	1.000000	1.000000	1.000000	1.000000	215.000000	1.000000	1.000000	1.000000	655.000000	878.000000	1.000000	1.000000	1.000000	1.000000	1.000000	1.000000	1.000000	1.000000	609.000000
1.000000	1.000000	1.000000	219.000000	1.000000	1.000000	410.000000	487.000000	1.000000	1.000000	497.000000	1888.000000	875.000000	418.000000	195.000000	1.000000	1.000000	1.000000	1.000000	1.000000	405.000000
1.000000	1.000000	236.000000	236.000000	1.000000	1.000000	206.000000	405.000000	428.000000	1.000000	1.000000	1329.000000	896.000000	1.000000	378.000000	563.000000	384.000000	1.000000	1.000000	1.000000	1.000000
1.000000	1.000000	1.000000	201.000000	378.000000	211.000000	1.000000	237.000000	451.000000	1.000000	1.000000	1.000000	630.000000	439.000000	400.000000	598.000000	809.000000	408.000000	1.000000	1.000000	1.000000
1.000000	1.000000	1.000000	1.000000	1.000000	1.000000	1.000000	195.000000	1.000000	1.000000	180.000000	211.000000	1.000000	1.000000	432.000000	217.000000	211.000000	194.000000	1.000000	1.000000	1.000000
1.000000	1.000000	1.000000	1.000000	1.000000	1.000000	1.000000	232.000000	191.000000	1.000000	1.000000	1.000000	1.000000	1.000000	1.000000	1.000000	1.000000	1.000000	177.000000	1.000000	1.000000
1.000000	1.000000	1.000000	1.000000	1.000000	1.000000	1.000000	255.000000	977.000000	936.000000	1.000000	1.000000	1.000000	1.000000	192.000000	1.000000	1.000000	1.000000	1.000000	1.000000	1.000000
1.000000	1.000000	1.000000	1.000000	1.000000	1.000000	1.000000	1.000000	757.000000	1257.000000	499.000000	1.000000	1.000000	388.000000	178.000000	1.000000	1.000000	1.000000	1.000000	1.000000	1.000000
1.000000	1.000000	234.000000	1.000000	1.000000	602.000000	430.000000	1.000000	1.000000	1.000000	257.000000	1.000000	1.000000	1.000000	1.000000	1.000000	1.000000	1.000000	1.000000	1.000000	1.000000
1.000000	1.000000	1.000000	1.000000	1.000000	1.000000	856.000000	990.000000	512.000000	234.000000	1.000000	1.000000	1.000000	1.000000	1.000000	1.000000	1.000000	1.000000	1.000000	1.000000	1.000000
1.000000	1.000000	1.000000	1.000000	1.000000	1.000000	1.000000	401.000000	747.000000	251.000000	1.000000	235.000000	1.000000	1.000000	1.000000	1.000000	1.000000	1.000000	1.000000	203.000000	1.000000
1.000000	1.000000	1.000000	1.000000	1.000000	1.000000	1.000000	1.000000	230.000000	1.000000	1.000000	1.000000	1.000000	1.000000	1.000000	1.000000	1.000000	1.000000	1.000000	1.000000	239.000000
1.000000	1.000000	1.000000	1.000000	1.000000	1.000000	1.000000	1.000000	1.000000	1.000000	1.000000	1.000000	1.000000	1.000000	1.000000	1.000000	1.000000	1.000000	1.000000	1.000000	1.000000
1.000000	1.000000	1.000000	1.000000	1.000000	1.000000	1.000000	1.000000	1.000000	1.000000	1.000000	1.000000	1.000000	1.000000	1.000000	1.000000	1.000000	1.000000	1.000000	1.000000	1.000000
1.000000	1.000000	1.000000	1.000000	1.000000	1.000000	1.000000	1.000000	1.000000	1.000000	1.000000	1.000000	1.000000	1.000000	1.000000	1.000000	1.000000	1.000000	1.000000	1.000000	1.000000
1.000000	1.000000	1.000000	1.000000	1.000000	1.000000	1.000000	1.000000	1.000000	1.000000	1.000000	1.000000	1.000000	1.000000	1.000000	1.000000	1.000000	1.000000	1.000000	1.000000	1.000000
1.000000	1.000000	1.000000	1.000000	1.000000	1.000000	1.000000	1.000000	1.000000	1.000000	1.000000	1.000000	1.000000	1.000000	1.000000	1.000000	1.000000	1.000000	1.000000	1.000000	1.000000
1.000000	1.000000	1.000000	1.000000	1.000000	1.000000	1.000000	1.000000	1.000000	1.000000	1.000000	1.000000	1.000000	1.000000	1.000000	1.000000	1.000000	1.000000	1.000000	1.000000	1.000000
