21 25 0
1.000000	1.000000	1.000000	1.000000	190.000000	1.000000	1.000000	187.000000	1.000000	1.000000	797.000000	225.000000	1.000000	208.000000	223.000000	208.000000	1.000000	1.000000	194.000000	1.000000	1.000000
1.000000	1.000000	1.000000	1.000000	1.000000	1.000000	1.000000	380.000000	190.000000	1.000000	374.000000	197.000000	1.000000	209.000000	404.000000	208.000000	223.000000	1.000000	194.000000	231.000000	193.000000
1.000000	1.000000	222.000000	1.000000	1.000000	1.000000	1.000000	396.000000	209.000000	1.000000	189.000000	1.000000	1.000000	1.000000	1.000000	1.000000	1.000000	1.000000	1.000000	1.000000	194.000000
1.000000	1.000000	196.000000	1.000000	1.000000	1.000000	1.000000	197.000000	1.000000	1.000000	1.000000	1.000000	1.000000	1.000000	1.000000	1.000000	1.000000	1.000000	1.000000	205.000000	187.000000
1.000000	1.000000	1.000000	1.000000	1.000000	1.000000	1.000000	1.000000	1.000000	1.000000	1.000000	1.000000	1.000000	1.000000	1.000000	1.000000	1.000000	1.000000	1.000000	206.000000	389.000000
1.000000	1.000000	1.000000	1.000000	1.000000	1.000000	1.000000	1.000000	1.000000	1.000000	1.000000	192.000000	1.000000	1.000000	1.000000	1.000000	1.000000	1.000000	1.000000	210.000000	395.000000
1.000000	1.000000	1.000000	1.000000	228.000000	451.000000	1.000000	1.000000	1.000000	1.000000	199.000000	217.000000	184.000000	1.000000	1.000000	1.000000	1.000000	1.000000	1.000000	1.000000	616.000000
1.000000	1.000000	1.000000	196.000000	228.000000	464.000000	1.000000	1.000000	1.000000	1.000000	873.000000	1639.000000	634.000000	243.000000	1.000000	1.000000	1.000000	1.000000	1.000000	1.000000	585.000000
1.000000	1.000000	246.000000	236.000000	1.000000	1.000000	1.000000	1.000000	176.000000	1.000000	929.000000	1943.000000	650.000000	1.000000	1.000000	1.000000	1.000000	1.000000	1.000000	1.000000	401.000000
1.000000	1.000000	245.000000	432.000000	1.000000	1.000000	1.000000	1.000000	1.000000	1.000000	700.000000	1388.000000	442.000000	1.000000	177.000000	1.000000	1.000000	1.000000	1.000000	1.000000	196.000000
1.000000	1.000000	236.000000	198.000000	1.000000	1.000000	1.000000	196.000000	195.000000	1.000000	608.000000	832.000000	398.000000	228.000000	1.000000	1.000000	1.000000	1.000000	1.000000	1.000000	200.000000
1.000000	1.000000	1.000000	198.000000	1.000000	1.000000	1.000000	393.000000	400.000000	1.000000	833.000000	822.000000	224.000000	1.000000	205.000000	236.000000	1.000000	364.000000	178.000000	189.000000	200.000000
1.000000	1.000000	1.000000	1.000000	1.000000	1.000000	1.000000	209.000000	201.000000	1.000000	633.000000	243.000000	210.000000	1.000000	205.000000	1.000000	212.000000	1.000000	365.000000	1.000000	1.000000
1.000000	1.000000	1.000000	1.000000	1.000000	1.000000	1.000000	1.000000	236.000000	435.000000	1.000000	1.000000	209.000000	1.000000	1.000000	1.000000	1.000000	201.000000	181.000000	198.000000	1.000000
1.000000	1.000000	1.000000	1.000000	1.000000	1.000000	1.000000	1.000000	251.000000	255.000000	239.000000	1.000000	1.000000	203.000000	1.000000	1.000000	1.000000	1.000000	1.000000	1.000000	1.000000
1.000000	1.000000	1.000000	1.000000	1.000000	1.000000	252.000000	1.000000	442.000000	249.000000	212.000000	1.000000	230.000000	1.000000	1.000000	1.000000	1.000000	1.000000	1.000000	217.000000	181.000000
1.000000	1.000000	1.000000	1.000000	1.000000	1.000000	252.000000	231.000000	488.000000	1.000000	1.000000	236.000000	230.000000	1.000000	1.000000	189.000000	1.000000	234.000000	1.000000	441.000000	181.000000
1.000000	1.000000	1.000000	1.000000	1.000000	1.000000	1.000000	178.000000	250.000000	1.000000	239.000000	236.000000	1.000000	1.000000	1.000000	1.000000	1.000000	190.000000	1.000000	228.000000	387.000000
1.000000	1.000000	1.000000	1.000000	1.000000	1.000000	1.000000	1.000000	232.000000	1.000000	1.000000	1.000000	1.000000	1.000000	1.000000	1.000000	1.000000	1.000000	1.000000	1.000000	203.000000
1.000000	1.000000	1.000000	1.000000	1.000000	1.000000	1.000000	1.000000	1.000000	1.000000	1.000000	1.000000	1.000000	1.000000	1.000000	1.000000	1.000000	1.000000	1.000000	1.000000	1.000000
1.000000	1.000000	1.000000	1.000000	1.000000	1.000000	1.000000	1.000000	1.000000	1.000000	1.000000	1.000000	1.000000	1.000000	1.000000	1.000000	1.000000	1.000000	1.000000	1.000000	1.000000
1.000000	1.000000	1.000000	1.000000	1.000000	1.000000	1.000000	1.000000	1.000000	1.000000	1.000000	1.000000	1.000000	1.000000	1.000000	1.000000	1.000000	1.000000	1.000000	1.000000	1.000000
1.000000	1.000000	1.000000	1.000000	1.000000	1.000000	1.000000	1.000000	1.000000	1.000000	1.000000	1.000000	1.000000	1.000000	1.000000	1.000000	1.000000	1.000000	1.000000	1.000000	1.000000
1.000000	1.000000	1.000000	1.000000	1.000000	1.000000	1.000000	1.000000	1.000000	1.000000	1.000000	1.000000	1.000000	1.000000	1.000000	1.000000	1.000000	1.000000	1.000000	1.000000	1.000000
1.000000	1.000000	1.000000	1.000000	1.000000	1.000000	1.000000	1.000000	1.000000	1.000000	1.000000	1.000000	1.000000	1.000000	1.000000	1.000000	1.000000	1.000000	1.000000	1.000000	1.000000
