21 25 0
1.000000	1.000000	1.000000	1.000000	420.000000	1.000000	1.000000	1.000000	1.000000	1.000000	1.000000	1.000000	1.000000	245.000000	1.000000	399.000000	1.000000	192.000000	1.000000	1.000000	1.000000
1.000000	1.000000	1.000000	1.000000	1.000000	1.000000	1.000000	1.000000	1.000000	1.000000	1.000000	1.000000	1.000000	1.000000	245.000000	442.000000	1.000000	1.000000	1.000000	225.000000	1.000000
1.000000	1.000000	1.000000	1.000000	1.000000	1.000000	1.000000	1.000000	1.000000	1.000000	1.000000	1.000000	1.000000	1.000000	1.000000	1.000000	1.000000	1.000000	1.000000	211.000000	1.000000
1.000000	1.000000	1.000000	1.000000	1.000000	1.000000	1.000000	1.000000	1.000000	1.000000	1.000000	1.000000	1.000000	1.000000	1.000000	1.000000	211.000000	1.000000	203.000000	192.000000	1.000000
1.000000	1.000000	1.000000	1.000000	1.000000	1.000000	1.000000	1.000000	1.000000	181.000000	1.000000	1.000000	1.000000	1.000000	1.000000	203.000000	1.000000	1.000000	1.000000	1.000000	1.000000
1.000000	1.000000	1.000000	1.000000	229.000000	1.000000	1.000000	1.000000	1.000000	219.000000	1.000000	1.000000	1.000000	1.000000	422.000000	204.000000	1.000000	1.000000	188.000000	195.000000	1.000000
1.000000	1.000000	1.000000	1.000000	229.000000	1.000000	1.000000	1.000000	665.000000	833.000000	642.000000	1.000000	1.000000	208.000000	445.000000	431.000000	1.000000	1.000000	1.000000	224.000000	1.000000
1.000000	1.000000	1.000000	461.000000	1.000000	1.000000	1.000000	218.000000	665.000000	1117.000000	1100.000000	1.000000	220.000000	187.000000	230.000000	228.000000	1.000000	1.000000	1.000000	189.000000	192.000000
1.000000	1.000000	1.000000	463.000000	1.000000	1.000000	1.000000	443.000000	1.000000	1447.000000	1150.000000	1.000000	455.000000	678.000000	1.000000	217.000000	1.000000	1.000000	194.000000	200.000000	1.000000
1.000000	1.000000	1.000000	232.000000	1.000000	1.000000	1.000000	437.000000	1.000000	1144.000000	909.000000	1.000000	183.000000	631.000000	1.000000	1.000000	201.000000	180.000000	194.000000	1.000000	1.000000
1.000000	1.000000	1.000000	1.000000	1.000000	189.000000	213.000000	1.000000	1.000000	1500.000000	600.000000	1.000000	413.000000	599.000000	1.000000	1.000000	210.000000	384.000000	195.000000	1.000000	1.000000
1.000000	1.000000	1.000000	1.000000	1.000000	190.000000	203.000000	1.000000	244.000000	1668.000000	684.000000	1.000000	231.000000	812.000000	1.000000	1.000000	201.000000	183.000000	1.000000	1.000000	1.000000
1.000000	1.000000	1.000000	1.000000	1.000000	190.000000	1.000000	1.000000	1.000000	1479.000000	503.000000	1.000000	623.000000	1334.000000	196.000000	1.000000	1.000000	1.000000	1.000000	1.000000	1.000000
1.000000	1.000000	1.000000	1.000000	1.000000	1.000000	1.000000	1.000000	1.000000	1184.000000	239.000000	1.000000	191.000000	1497.000000	1.000000	1.000000	1.000000	1.000000	1.000000	1.000000	1.000000
1.000000	1.000000	1.000000	1.000000	1.000000	1.000000	421.000000	1.000000	1.000000	1.000000	1.000000	1.000000	1.000000	375.000000	1.000000	1.000000	1.000000	1.000000	1.000000	1.000000	1.000000
1.000000	1.000000	1.000000	1.000000	1.000000	1.000000	1.000000	1.000000	1.000000	1000.000000	254.000000	1.000000	1.000000	1.000000	1.000000	1.000000	1.000000	1.000000	1.000000	1.000000	1.000000
1.000000	1.000000	1.000000	183.000000	1.000000	1.000000	1.000000	1.000000	1.000000	1002.000000	254.000000	1.000000	1.000000	1.000000	1.000000	188.000000	1.000000	1.000000	1.000000	196.000000	1.000000
1.000000	1.000000	1.000000	189.000000	1.000000	1.000000	1.000000	1.000000	1.000000	1.000000	1.000000	1.000000	221.000000	196.000000	1.000000	1.000000	1.000000	1.000000	188.000000	1.000000	1.000000
1.000000	1.000000	1.000000	1.000000	1.000000	1.000000	1.000000	1.000000	1.000000	1.000000	1.000000	1.000000	1.000000	1.000000	1.000000	1.000000	1.000000	1.000000	1.000000	1.000000	1.000000
1.000000	1.000000	1.000000	1.000000	1.000000	1.000000	1.000000	1.000000	1.000000	1.000000	1.000000	1.000000	1.000000	1.000000	1.000000	1.000000	1.000000	1.000000	1.000000	1.000000	1.000000
1.000000	1.000000	1.000000	1.000000	1.000000	1.000000	1.000000	1.000000	1.000000	1.000000	1.000000	1.000000	1.000000	1.000000	1.000000	1.000000	1.000000	1.000000	1.000000	1.000000	1.000000
1.000000	1.000000	1.000000	1.000000	1.000000	1.000000	1.000000	1.000000	1.000000	1.000000	1.000000	1.000000	1.000000	1.000000	1.000000	1.000000	1.000000	1.000000	1.000000	1.000000	1.000000
1.000000	1.000000	1.000000	1.000000	1.000000	1.000000	1.000000	1.000000	1.000000	1.000000	1.000000	1.000000	1.000000	1.000000	1.000000	1.000000	1.000000	1.000000	1.000000	1.000000	1.000000
1.000000	1.000000	1.000000	1.000000	1.000000	1.000000	1.000000	1.000000	1.000000	1.000000	1.000000	1.000000	1.000000	1.000000	1.000000	1.000000	1.000000	1.000000	1.000000	1.000000	1.000000
1.000000	1.000000	1.000000	1.000000	1.000000	1.000000	1.000000	1.000000	1.000000	1.000000	1.000000	1.000000	1.000000	1.000000	1.000000	1.000000	1.000000	1.000000	1.000000	1.000000	1.000000
