21 25 0
1.000000	1.000000	1.000000	1.000000	1.000000	1.000000	223.000000	615.000000	848.000000	905.000000	688.000000	1134.000000	846.000000	426.000000	1.000000	216.000000	1.000000	1.000000	1.000000	1.000000	1.000000
1.000000	1.000000	1.000000	1.000000	227.000000	416.000000	198.000000	424.000000	437.000000	178.000000	1.000000	1.000000	1.000000	1.000000	1.000000	1.000000	1.000000	181.000000	1.000000	1.000000	1.000000
1.000000	1.000000	233.000000	453.000000	408.000000	189.000000	1.000000	1.000000	1.000000	1.000000	1.000000	1.000000	1.000000	1.000000	1.000000	1.000000	1.000000	1.000000	1.000000	1.000000	1.000000
234.000000	211.000000	1.000000	1.000000	1.000000	1.000000	1.000000	1.000000	1.000000	1.000000	1.000000	1.000000	1.000000	1.000000	1.000000	1.000000	1.000000	1.000000	1.000000	1.000000	1.000000
1.000000	1.000000	1.000000	235.000000	186.000000	200.000000	419.000000	596.000000	442.000000	232.000000	1.000000	1.000000	1.000000	451.000000	1046.000000	847.000000	201.000000	1.000000	1.000000	1.000000	1.000000
1.000000	1.000000	1.000000	1.000000	380.000000	841.000000	1165.000000	1091.000000	845.000000	421.000000	1.000000	407.000000	851.000000	1091.000000	1072.000000	1123.000000	433.000000	387.000000	374.000000	1.000000	1.000000
1.000000	1.000000	1.000000	1.000000	1.000000	1.000000	1.000000	818.000000	841.000000	190.000000	185.000000	617.000000	427.000000	1.000000	1.000000	1.000000	1.000000	1.000000	1.000000	175.000000	1.000000
1.000000	1.000000	1.000000	1.000000	1.000000	256.000000	439.000000	1.000000	1.000000	1.000000	1.000000	1.000000	1.000000	228.000000	692.000000	694.000000	229.000000	229.000000	210.000000	1.000000	1.000000
1.000000	1.000000	1.000000	1.000000	1.000000	720.000000	216.000000	1.000000	1.000000	1.000000	1.000000	1.000000	1.000000	1.000000	1.000000	247.000000	1.000000	1.000000	1.000000	1.000000	1.000000
1.000000	1.000000	1.000000	1.000000	193.000000	1.000000	1.000000	1.000000	1.000000	1.000000	257.000000	1.000000	1.000000	1.000000	1.000000	1.000000	1.000000	1.000000	1.000000	1.000000	1.000000
1.000000	1.000000	1.000000	201.000000	417.000000	213.000000	206.000000	1.000000	1.000000	1.000000	1.000000	1.000000	1.000000	1.000000	1.000000	398.000000	181.000000	1.000000	1.000000	1.000000	1.000000
1.000000	198.000000	1.000000	1.000000	1.000000	1.000000	1.000000	389.000000	677.000000	950.000000	930.000000	721.000000	922.000000	445.000000	1.000000	1.000000	1.000000	1.000000	176.000000	1.000000	1.000000
1.000000	1.000000	1.000000	1.000000	1.000000	1.000000	207.000000	794.000000	1440.000000	1706.000000	1708.000000	1834.000000	1556.000000	1064.000000	1.000000	1.000000	1.000000	1.000000	1.000000	1.000000	1.000000
1.000000	1.000000	1.000000	1.000000	1.000000	185.000000	1.000000	1.000000	1.000000	1.000000	1.000000	1.000000	188.000000	188.000000	1.000000	184.000000	1.000000	1.000000	1.000000	1.000000	1.000000
1.000000	1.000000	1.000000	1.000000	1.000000	1.000000	1.000000	1.000000	1.000000	1.000000	1.000000	1.000000	1.000000	1.000000	1.000000	1.000000	1.000000	1.000000	1.000000	1.000000	1.000000
1.000000	1.000000	1.000000	1.000000	1.000000	1.000000	636.000000	1157.000000	1383.000000	1356.000000	819.000000	653.000000	247.000000	233.000000	174.000000	174.000000	1.000000	1.000000	1.000000	1.000000	1.000000
1.000000	1.000000	1.000000	1.000000	1.000000	1.000000	437.000000	933.000000	1150.000000	1436.000000	1989.000000	1941.000000	1640.000000	1350.000000	692.000000	623.000000	1.000000	1.000000	1.000000	1.000000	1.000000
1.000000	1.000000	1.000000	1.000000	1.000000	1.000000	1.000000	1.000000	1.000000	201.000000	214.000000	205.000000	236.000000	1.000000	1.000000	1.000000	1.000000	1.000000	1.000000	1.000000	1.000000
1.000000	1.000000	1.000000	1.000000	1.000000	1.000000	1.000000	1.000000	1.000000	1.000000	1.000000	1.000000	1.000000	1.000000	1.000000	1.000000	1.000000	1.000000	1.000000	1.000000	1.000000
1.000000	1.000000	1.000000	1.000000	1.000000	1.000000	1.000000	1.000000	1.000000	1.000000	1.000000	1.000000	1.000000	1.000000	1.000000	1.000000	1.000000	1.000000	1.000000	1.000000	1.000000
1.000000	1.000000	1.000000	1.000000	1.000000	1.000000	1.000000	1.000000	1.000000	1.000000	1.000000	1.000000	1.000000	1.000000	1.000000	1.000000	1.000000	1.000000	1.000000	1.000000	1.000000
1.000000	1.000000	1.000000	1.000000	1.000000	1.000000	1.000000	1.000000	1.000000	1.000000	1.000000	1.000000	1.000000	1.000000	1.000000	1.000000	1.000000	1.000000	1.000000	1.000000	1.000000
1.000000	1.000000	1.000000	1.000000	1.000000	1.000000	1.000000	1.000000	1.000000	1.000000	1.000000	1.000000	1.000000	1.000000	1.000000	1.000000	1.000000	1.000000	1.000000	1.000000	1.000000
1.000000	1.000000	1.000000	1.000000	1.000000	1.000000	1.000000	1.000000	1.000000	1.000000	1.000000	1.000000	1.000000	1.000000	1.000000	1.000000	1.000000	1.000000	1.000000	1.000000	1.000000
1.000000	1.000000	1.000000	1.000000	1.000000	1.000000	1.000000	1.000000	1.000000	1.000000	1.000000	1.000000	1.000000	1.000000	1.000000	1.000000	1.000000	1.000000	1.000000	1.000000	1.000000
