21 25 0
1.000000	1.000000	1.000000	178.000000	178.000000	203.000000	553.000000	733.000000	161.000000	358.000000	758.000000	762.000000	753.000000	766.000000	766.000000	370.000000	179.000000	190.000000	202.000000	607.000000	411.000000
1.000000	1.000000	1.000000	1.000000	1.000000	1.000000	1.000000	371.000000	177.000000	172.000000	1.000000	1.000000	191.000000	196.000000	377.000000	366.000000	377.000000	1.000000	1.000000	200.000000	390.000000
1.000000	1.000000	1.000000	1.000000	1.000000	1.000000	1.000000	1.000000	1.000000	1.000000	1.000000	1.000000	1.000000	1.000000	1.000000	1.000000	1.000000	1.000000	1.000000	1.000000	175.000000
1.000000	1.000000	1.000000	1.000000	1.000000	1.000000	1.000000	1.000000	1.000000	1.000000	1.000000	1.000000	1.000000	1.000000	1.000000	1.000000	1.000000	1.000000	1.000000	1.000000	1.000000
1.000000	1.000000	1.000000	1.000000	1.000000	1.000000	223.000000	412.000000	378.000000	1.000000	1.000000	185.000000	765.000000	207.000000	1.000000	1.000000	1.000000	1.000000	1.000000	1.000000	1.000000
1.000000	1.000000	1.000000	1.000000	1.000000	226.000000	644.000000	864.000000	959.000000	184.000000	174.000000	207.000000	1065.000000	933.000000	1315.000000	603.000000	197.000000	1.000000	1.000000	1.000000	1.000000
1.000000	1.000000	1.000000	180.000000	187.000000	1.000000	211.000000	242.000000	222.000000	1.000000	1.000000	1.000000	1.000000	207.000000	233.000000	429.000000	198.000000	183.000000	179.000000	1.000000	1.000000
1.000000	1.000000	1.000000	1.000000	1.000000	1.000000	1.000000	1.000000	1.000000	1.000000	1.000000	1.000000	1.000000	1.000000	1.000000	1.000000	1.000000	1.000000	1.000000	1.000000	1.000000
1.000000	1.000000	1.000000	1.000000	1.000000	197.000000	1.000000	425.000000	201.000000	655.000000	614.000000	432.000000	676.000000	716.000000	460.000000	440.000000	206.000000	422.000000	205.000000	1.000000	1.000000
1.000000	1.000000	1.000000	1.000000	1.000000	231.000000	932.000000	1157.000000	662.000000	649.000000	1107.000000	1304.000000	1310.000000	1719.000000	1588.000000	1614.000000	1472.000000	1420.000000	962.000000	1.000000	1.000000
1.000000	1.000000	1.000000	223.000000	223.000000	476.000000	882.000000	472.000000	633.000000	436.000000	452.000000	180.000000	657.000000	1081.000000	1143.000000	920.000000	697.000000	654.000000	435.000000	1.000000	1.000000
1.000000	1.000000	1.000000	1.000000	1.000000	395.000000	446.000000	408.000000	1.000000	444.000000	244.000000	1.000000	181.000000	205.000000	204.000000	244.000000	1.000000	1.000000	1.000000	201.000000	1.000000
1.000000	1.000000	1.000000	1.000000	1.000000	1.000000	1.000000	1.000000	1.000000	196.000000	196.000000	251.000000	1.000000	1.000000	1.000000	1.000000	1.000000	1.000000	1.000000	1.000000	1.000000
1.000000	1.000000	1.000000	1.000000	1.000000	1.000000	1.000000	1.000000	243.000000	255.000000	251.000000	663.000000	914.000000	1104.000000	399.000000	1.000000	1.000000	1.000000	1.000000	1.000000	1.000000
1.000000	1.000000	1.000000	1.000000	1.000000	1.000000	1.000000	248.000000	253.000000	254.000000	502.000000	714.000000	360.000000	159.000000	1.000000	1.000000	1.000000	1.000000	1.000000	1.000000	1.000000
1.000000	1.000000	1.000000	1.000000	1.000000	201.000000	1.000000	1.000000	1.000000	1.000000	163.000000	163.000000	1.000000	1.000000	1.000000	1.000000	208.000000	1.000000	1.000000	1.000000	1.000000
1.000000	1.000000	1.000000	1.000000	176.000000	175.000000	238.000000	698.000000	899.000000	585.000000	575.000000	207.000000	632.000000	1362.000000	1178.000000	464.000000	1.000000	1.000000	1.000000	1.000000	1.000000
1.000000	1.000000	1.000000	1.000000	1.000000	1.000000	238.000000	438.000000	856.000000	192.000000	1.000000	1.000000	188.000000	399.000000	234.000000	1.000000	1.000000	1.000000	1.000000	1.000000	1.000000
1.000000	1.000000	1.000000	1.000000	1.000000	1.000000	1.000000	1.000000	1.000000	1.000000	1.000000	1.000000	1.000000	1.000000	1.000000	1.000000	1.000000	1.000000	1.000000	1.000000	1.000000
1.000000	1.000000	1.000000	1.000000	1.000000	1.000000	1.000000	1.000000	1.000000	1.000000	1.000000	1.000000	1.000000	1.000000	1.000000	1.000000	1.000000	1.000000	1.000000	1.000000	1.000000
1.000000	1.000000	1.000000	1.000000	1.000000	1.000000	1.000000	1.000000	1.000000	1.000000	1.000000	1.000000	1.000000	1.000000	1.000000	1.000000	1.000000	1.000000	1.000000	1.000000	1.000000
1.000000	1.000000	1.000000	1.000000	1.000000	1.000000	1.000000	1.000000	1.000000	1.000000	1.000000	1.000000	1.000000	1.000000	1.000000	1.000000	1.000000	1.000000	1.000000	1.000000	1.000000
1.000000	1.000000	1.000000	1.000000	1.000000	1.000000	1.000000	1.000000	1.000000	1.000000	1.000000	1.000000	1.000000	1.000000	1.000000	1.000000	1.000000	1.000000	1.000000	1.000000	1.000000
1.000000	1.000000	1.000000	1.000000	1.000000	1.000000	1.000000	1.000000	1.000000	1.000000	1.000000	1.000000	1.000000	1.000000	1.000000	1.000000	1.000000	1.000000	1.000000	1.000000	1.000000
1.000000	1.000000	1.000000	1.000000	1.000000	1.000000	1.000000	1.000000	1.000000	1.000000	1.000000	1.000000	1.000000	1.000000	1.000000	1.000000	1.000000	1.000000	1.000000	1.000000	1.000000
