21 25 0
1.000000	1.000000	1.000000	1.000000	1.000000	1.000000	1.000000	1.000000	1.000000	1.000000	1.000000	1.000000	197.000000	179.000000	1.000000	1.000000	1.000000	1.000000	1.000000	1.000000	1.000000
1.000000	1.000000	1.000000	1.000000	1.000000	1.000000	1.000000	1.000000	1.000000	1.000000	1.000000	1.000000	1.000000	1.000000	1.000000	1.000000	1.000000	1.000000	1.000000	1.000000	1.000000
1.000000	1.000000	1.000000	1.000000	1.000000	1.000000	1.000000	1.000000	162.000000	1.000000	1.000000	1.000000	1.000000	1.000000	1.000000	1.000000	1.000000	1.000000	1.000000	1.000000	1.000000
1.000000	1.000000	1.000000	1.000000	1.000000	1.000000	1.000000	1.000000	1.000000	1.000000	1.000000	1.000000	1.000000	1.000000	1.000000	1.000000	1.000000	1.000000	1.000000	1.000000	1.000000
1.000000	1.000000	1.000000	1.000000	1.000000	1.000000	1.000000	1.000000	1.000000	1.000000	1.000000	1.000000	1.000000	1.000000	1.000000	1.000000	1.000000	1.000000	1.000000	1.000000	1.000000
1.000000	1.000000	1.000000	1.000000	1.000000	1.000000	1.000000	1.000000	1.000000	1.000000	1.000000	1.000000	1.000000	193.000000	1.000000	1.000000	382.000000	181.000000	1.000000	1.000000	1.000000
1.000000	1.000000	1.000000	1.000000	1.000000	1.000000	1.000000	1.000000	1.000000	1.000000	1.000000	1.000000	208.000000	232.000000	225.000000	1.000000	180.000000	192.000000	181.000000	1.000000	1.000000
1.000000	1.000000	1.000000	1.000000	1.000000	1.000000	1.000000	1.000000	1.000000	1.000000	668.000000	234.000000	1.000000	1.000000	225.000000	1.000000	1.000000	1.000000	1.000000	1.000000	1.000000
1.000000	1.000000	1.000000	1.000000	1.000000	1.000000	1.000000	1.000000	1.000000	245.000000	1212.000000	701.000000	1.000000	240.000000	236.000000	1.000000	1.000000	1.000000	1.000000	1.000000	1.000000
1.000000	1.000000	1.000000	1.000000	1.000000	1.000000	1.000000	1.000000	184.000000	246.000000	1241.000000	1126.000000	238.000000	217.000000	1.000000	1.000000	1.000000	1.000000	206.000000	210.000000	1.000000
1.000000	1.000000	1.000000	1.000000	1.000000	1.000000	1.000000	392.000000	425.000000	222.000000	455.000000	725.000000	419.000000	1.000000	229.000000	197.000000	1.000000	230.000000	617.000000	396.000000	225.000000
1.000000	1.000000	1.000000	1.000000	1.000000	1.000000	210.000000	628.000000	665.000000	223.000000	874.000000	700.000000	219.000000	1.000000	226.000000	1.000000	1.000000	231.000000	975.000000	207.000000	201.000000
1.000000	1.000000	1.000000	1.000000	1.000000	1.000000	204.000000	618.000000	406.000000	250.000000	1241.000000	952.000000	230.000000	1.000000	217.000000	216.000000	1.000000	231.000000	991.000000	185.000000	1.000000
1.000000	1.000000	1.000000	1.000000	1.000000	167.000000	205.000000	189.000000	1.000000	251.000000	990.000000	472.000000	211.000000	1.000000	218.000000	1.000000	1.000000	1.000000	413.000000	1.000000	1.000000
1.000000	1.000000	1.000000	1.000000	1.000000	167.000000	193.000000	1.000000	1.000000	241.000000	1.000000	1.000000	256.000000	479.000000	404.000000	1.000000	1.000000	1.000000	182.000000	1.000000	189.000000
1.000000	1.000000	1.000000	1.000000	1.000000	1.000000	214.000000	221.000000	1.000000	241.000000	1.000000	244.000000	507.000000	480.000000	188.000000	1.000000	1.000000	185.000000	1.000000	1.000000	1.000000
1.000000	1.000000	1.000000	1.000000	1.000000	1.000000	1.000000	964.000000	447.000000	1.000000	1.000000	666.000000	366.000000	1.000000	1.000000	1.000000	627.000000	241.000000	1.000000	1.000000	1.000000
1.000000	1.000000	1.000000	1.000000	1.000000	1.000000	1.000000	226.000000	226.000000	1.000000	1.000000	347.000000	1.000000	1.000000	1.000000	1.000000	388.000000	186.000000	1.000000	1.000000	196.000000
1.000000	1.000000	1.000000	1.000000	1.000000	1.000000	1.000000	1.000000	1.000000	1.000000	1.000000	1.000000	1.000000	1.000000	1.000000	1.000000	1.000000	1.000000	1.000000	1.000000	1.000000
1.000000	1.000000	1.000000	1.000000	1.000000	1.000000	1.000000	1.000000	1.000000	1.000000	1.000000	1.000000	1.000000	1.000000	1.000000	1.000000	1.000000	1.000000	1.000000	1.000000	1.000000
1.000000	1.000000	1.000000	1.000000	1.000000	1.000000	1.000000	1.000000	1.000000	1.000000	1.000000	1.000000	1.000000	1.000000	1.000000	1.000000	1.000000	1.000000	1.000000	1.000000	1.000000
1.000000	1.000000	1.000000	1.000000	1.000000	1.000000	1.000000	1.000000	1.000000	1.000000	1.000000	1.000000	1.000000	1.000000	1.000000	1.000000	1.000000	1.000000	1.000000	1.000000	1.000000
1.000000	1.000000	1.000000	1.000000	1.000000	1.000000	1.000000	1.000000	1.000000	1.000000	1.000000	1.000000	1.000000	1.000000	1.000000	1.000000	1.000000	1.000000	1.000000	1.000000	1.000000
1.000000	1.000000	1.000000	1.000000	1.000000	1.000000	1.000000	1.000000	1.000000	1.000000	1.000000	1.000000	1.000000	1.000000	1.000000	1.000000	1.000000	1.000000	1.000000	1.000000	1.000000
1.000000	1.000000	1.000000	1.000000	1.000000	1.000000	1.000000	1.000000	1.000000	1.000000	1.000000	1.000000	1.000000	1.000000	1.000000	1.000000	1.000000	1.000000	1.000000	1.000000	1.000000
