21 25 0
1.000000	1.000000	1.000000	1.000000	1.000000	1.000000	1.000000	1.000000	1.000000	1.000000	1.000000	1.000000	1.000000	1.000000	1.000000	1.000000	1.000000	1.000000	1.000000	1.000000	1.000000
1.000000	1.000000	1.000000	1.000000	1.000000	1.000000	1.000000	1.000000	1.000000	1.000000	1.000000	1.000000	1.000000	1.000000	1.000000	1.000000	1.000000	1.000000	1.000000	1.000000	1.000000
1.000000	1.000000	1.000000	1.000000	1.000000	1.000000	1.000000	195.000000	1.000000	1.000000	1.000000	1.000000	1.000000	1.000000	1.000000	1.000000	1.000000	1.000000	1.000000	1.000000	1.000000
1.000000	1.000000	1.000000	1.000000	1.000000	1.000000	1.000000	173.000000	185.000000	1.000000	1.000000	1.000000	1.000000	165.000000	169.000000	1.000000	1.000000	1.000000	1.000000	1.000000	1.000000
1.000000	1.000000	1.000000	1.000000	1.000000	1.000000	1.000000	1.000000	1.000000	1.000000	1.000000	1.000000	1.000000	1.000000	1.000000	1.000000	1.000000	180.000000	1.000000	1.000000	1.000000
1.000000	1.000000	1.000000	1.000000	1.000000	1.000000	1.000000	1.000000	1.000000	1.000000	1.000000	1.000000	1.000000	192.000000	187.000000	1.000000	1.000000	174.000000	1.000000	1.000000	1.000000
1.000000	1.000000	1.000000	1.000000	1.000000	1.000000	1.000000	222.000000	216.000000	1.000000	1.000000	1.000000	403.000000	793.000000	888.000000	224.000000	180.000000	192.000000	197.000000	1.000000	1.000000
1.000000	1.000000	1.000000	1.000000	1.000000	431.000000	470.000000	664.000000	829.000000	190.000000	226.000000	1279.000000	1117.000000	1105.000000	680.000000	440.000000	616.000000	380.000000	1.000000	1.000000	1.000000
1.000000	1.000000	1.000000	188.000000	236.000000	235.000000	424.000000	1.000000	244.000000	1.000000	239.000000	384.000000	398.000000	207.000000	248.000000	234.000000	231.000000	227.000000	1.000000	1.000000	1.000000
1.000000	1.000000	1.000000	1.000000	1.000000	1.000000	1.000000	1.000000	1.000000	1.000000	1.000000	249.000000	1.000000	1.000000	1.000000	1.000000	1.000000	1.000000	1.000000	205.000000	1.000000
1.000000	1.000000	1.000000	1.000000	1.000000	1.000000	1.000000	1.000000	1.000000	187.000000	173.000000	1.000000	1.000000	1.000000	1.000000	1.000000	1.000000	229.000000	217.000000	209.000000	186.000000
1.000000	1.000000	1.000000	1.000000	1.000000	1.000000	1.000000	390.000000	228.000000	1.000000	236.000000	247.000000	222.000000	1.000000	1.000000	1.000000	1.000000	430.000000	1031.000000	376.000000	1.000000
1.000000	1.000000	1.000000	1.000000	1.000000	1.000000	426.000000	898.000000	372.000000	701.000000	1188.000000	1376.000000	451.000000	1.000000	448.000000	409.000000	199.000000	561.000000	802.000000	178.000000	1.000000
1.000000	1.000000	1.000000	1.000000	1.000000	178.000000	446.000000	194.000000	1.000000	735.000000	736.000000	443.000000	195.000000	1.000000	194.000000	392.000000	1.000000	1.000000	383.000000	1.000000	1.000000
1.000000	1.000000	1.000000	1.000000	176.000000	176.000000	1.000000	1.000000	1.000000	1.000000	1.000000	1.000000	249.000000	913.000000	920.000000	187.000000	1.000000	1.000000	192.000000	1.000000	1.000000
1.000000	1.000000	1.000000	1.000000	1.000000	1.000000	1.000000	191.000000	243.000000	1.000000	1.000000	485.000000	1144.000000	865.000000	431.000000	1.000000	1.000000	1.000000	1.000000	1.000000	1.000000
1.000000	1.000000	1.000000	1.000000	1.000000	1.000000	1.000000	253.000000	1.000000	1.000000	1.000000	218.000000	365.000000	1.000000	1.000000	1.000000	390.000000	1.000000	1.000000	1.000000	1.000000
1.000000	1.000000	1.000000	1.000000	1.000000	1.000000	1.000000	1.000000	1.000000	1.000000	1.000000	334.000000	1.000000	1.000000	1.000000	1.000000	177.000000	1.000000	400.000000	1.000000	1.000000
1.000000	1.000000	1.000000	1.000000	1.000000	1.000000	1.000000	1.000000	1.000000	1.000000	1.000000	1.000000	1.000000	1.000000	1.000000	1.000000	1.000000	1.000000	1.000000	1.000000	1.000000
1.000000	1.000000	1.000000	1.000000	1.000000	1.000000	1.000000	1.000000	1.000000	1.000000	1.000000	1.000000	1.000000	1.000000	1.000000	1.000000	1.000000	1.000000	1.000000	1.000000	1.000000
1.000000	1.000000	1.000000	1.000000	1.000000	1.000000	1.000000	1.000000	1.000000	1.000000	1.000000	1.000000	1.000000	1.000000	1.000000	1.000000	1.000000	1.000000	1.000000	1.000000	1.000000
1.000000	1.000000	1.000000	1.000000	1.000000	1.000000	1.000000	1.000000	1.000000	1.000000	1.000000	1.000000	1.000000	1.000000	1.000000	1.000000	1.000000	1.000000	1.000000	1.000000	1.000000
1.000000	1.000000	1.000000	1.000000	1.000000	1.000000	1.000000	1.000000	1.000000	1.000000	1.000000	1.000000	1.000000	1.000000	1.000000	1.000000	1.000000	1.000000	1.000000	1.000000	1.000000
1.000000	1.000000	1.000000	1.000000	1.000000	1.000000	1.000000	1.000000	1.000000	1.000000	1.000000	1.000000	1.000000	1.000000	1.000000	1.000000	1.000000	1.000000	1.000000	1.000000	1.000000
1.000000	1.000000	1.000000	1.000000	1.000000	1.000000	1.000000	1.000000	1.000000	1.000000	1.000000	1.000000	1.000000	1.000000	1.000000	1.000000	1.000000	1.000000	1.000000	1.000000	1.000000
