21 25 0
1.000000	1.000000	1.000000	1.000000	1.000000	1.000000	1.000000	1.000000	406.000000	1.000000	1.000000	165.000000	1.000000	1.000000	1.000000	361.000000	1.000000	203.000000	1.000000	1.000000	201.000000
1.000000	1.000000	1.000000	1.000000	1.000000	171.000000	1.000000	1.000000	407.000000	194.000000	1.000000	165.000000	1.000000	1.000000	1.000000	1.000000	1.000000	203.000000	1.000000	192.000000	1.000000
1.000000	1.000000	1.000000	1.000000	1.000000	172.000000	1.000000	1.000000	1.000000	1.000000	1.000000	1.000000	1.000000	1.000000	1.000000	1.000000	1.000000	1.000000	1.000000	176.000000	210.000000
1.000000	1.000000	1.000000	1.000000	1.000000	1.000000	1.000000	1.000000	1.000000	1.000000	1.000000	1.000000	1.000000	1.000000	1.000000	1.000000	1.000000	1.000000	1.000000	177.000000	201.000000
1.000000	1.000000	1.000000	1.000000	1.000000	1.000000	1.000000	1.000000	1.000000	1.000000	1.000000	1.000000	1.000000	1.000000	1.000000	1.000000	1.000000	1.000000	1.000000	1.000000	1.000000
1.000000	1.000000	1.000000	1.000000	1.000000	1.000000	223.000000	1.000000	1.000000	1.000000	1.000000	1.000000	1.000000	1.000000	1.000000	185.000000	1.000000	1.000000	179.000000	177.000000	584.000000
1.000000	1.000000	1.000000	181.000000	1.000000	1.000000	223.000000	1.000000	1.000000	1.000000	1.000000	1.000000	1.000000	1.000000	447.000000	185.000000	1.000000	1.000000	1.000000	383.000000	585.000000
1.000000	1.000000	1.000000	1.000000	1.000000	1.000000	1.000000	1.000000	224.000000	250.000000	1.000000	1.000000	1.000000	1.000000	222.000000	1.000000	1.000000	206.000000	1.000000	1.000000	1.000000
1.000000	1.000000	1.000000	1.000000	1.000000	1.000000	1.000000	241.000000	1272.000000	881.000000	1.000000	1.000000	1.000000	1.000000	1.000000	216.000000	599.000000	651.000000	1.000000	1.000000	1.000000
1.000000	1.000000	1.000000	1.000000	1.000000	1.000000	197.000000	1.000000	1272.000000	1232.000000	236.000000	1.000000	1.000000	1.000000	1.000000	216.000000	649.000000	1274.000000	1.000000	1.000000	1.000000
1.000000	1.000000	1.000000	1.000000	1.000000	1.000000	213.000000	1.000000	1115.000000	1181.000000	429.000000	1.000000	632.000000	400.000000	1.000000	217.000000	421.000000	644.000000	1.000000	1.000000	1.000000
1.000000	1.000000	1.000000	1.000000	1.000000	1.000000	228.000000	1.000000	478.000000	868.000000	419.000000	1.000000	634.000000	851.000000	1.000000	1.000000	1.000000	222.000000	1.000000	1.000000	1.000000
1.000000	1.000000	1.000000	1.000000	1.000000	1.000000	1.000000	1.000000	923.000000	889.000000	229.000000	1.000000	206.000000	854.000000	427.000000	1.000000	1.000000	1.000000	1.000000	1.000000	1.000000
1.000000	1.000000	1.000000	1.000000	1.000000	1.000000	1.000000	1.000000	440.000000	653.000000	454.000000	247.000000	447.000000	660.000000	210.000000	1.000000	1.000000	1.000000	1.000000	1.000000	1.000000
1.000000	1.000000	1.000000	1.000000	1.000000	1.000000	1.000000	243.000000	1.000000	226.000000	255.000000	247.000000	204.000000	1.000000	1.000000	1.000000	182.000000	1.000000	1.000000	1.000000	1.000000
1.000000	1.000000	1.000000	1.000000	185.000000	1.000000	1.000000	251.000000	257.000000	664.000000	228.000000	1.000000	1.000000	1.000000	1.000000	641.000000	1.000000	1.000000	1.000000	1.000000	1.000000
1.000000	1.000000	1.000000	1.000000	194.000000	1.000000	1.000000	252.000000	257.000000	925.000000	429.000000	1.000000	1.000000	219.000000	476.000000	667.000000	1.000000	1.000000	231.000000	1.000000	1.000000
1.000000	1.000000	1.000000	1.000000	194.000000	1.000000	1.000000	1.000000	1.000000	1.000000	1.000000	1.000000	1.000000	1.000000	222.000000	1.000000	1.000000	1.000000	1.000000	378.000000	1.000000
1.000000	1.000000	1.000000	1.000000	1.000000	1.000000	1.000000	1.000000	1.000000	1.000000	1.000000	1.000000	1.000000	1.000000	1.000000	1.000000	1.000000	1.000000	1.000000	1.000000	1.000000
1.000000	1.000000	1.000000	1.000000	1.000000	1.000000	1.000000	1.000000	1.000000	1.000000	1.000000	1.000000	1.000000	1.000000	1.000000	1.000000	1.000000	1.000000	1.000000	1.000000	1.000000
1.000000	1.000000	1.000000	1.000000	1.000000	1.000000	1.000000	1.000000	1.000000	1.000000	1.000000	1.000000	1.000000	1.000000	1.000000	1.000000	1.000000	1.000000	1.000000	1.000000	1.000000
1.000000	1.000000	1.000000	1.000000	1.000000	1.000000	1.000000	1.000000	1.000000	1.000000	1.000000	1.000000	1.000000	1.000000	1.000000	1.000000	1.000000	1.000000	1.000000	1.000000	1.000000
1.000000	1.000000	1.000000	1.000000	1.000000	1.000000	1.000000	1.000000	1.000000	1.000000	1.000000	1.000000	1.000000	1.000000	1.000000	1.000000	1.000000	1.000000	1.000000	1.000000	1.000000
1.000000	1.000000	1.000000	1.000000	1.000000	1.000000	1.000000	1.000000	1.000000	1.000000	1.000000	1.000000	1.000000	1.000000	1.000000	1.000000	1.000000	1.000000	1.000000	1.000000	1.000000
1.000000	1.000000	1.000000	1.000000	1.000000	1.000000	1.000000	1.000000	1.000000	1.000000	1.000000	1.000000	1.000000	1.000000	1.000000	1.000000	1.000000	1.000000	1.000000	1.000000	1.000000
