21 25 0
1.000000	1.000000	1.000000	1.000000	178.000000	186.000000	191.000000	539.000000	1.000000	1.000000	1.000000	189.000000	570.000000	582.000000	386.000000	1.000000	1.000000	205.000000	403.000000	170.000000	410.000000
1.000000	1.000000	1.000000	1.000000	1.000000	1.000000	1.000000	361.000000	161.000000	1.000000	1.000000	1.000000	164.000000	195.000000	375.000000	379.000000	184.000000	1.000000	247.000000	1.000000	175.000000
1.000000	1.000000	1.000000	1.000000	1.000000	1.000000	1.000000	1.000000	1.000000	1.000000	1.000000	1.000000	1.000000	1.000000	1.000000	1.000000	1.000000	1.000000	1.000000	1.000000	1.000000
1.000000	1.000000	1.000000	1.000000	1.000000	1.000000	1.000000	1.000000	1.000000	1.000000	1.000000	1.000000	1.000000	1.000000	1.000000	1.000000	1.000000	1.000000	1.000000	1.000000	1.000000
1.000000	1.000000	1.000000	1.000000	1.000000	1.000000	1.000000	1.000000	1.000000	1.000000	1.000000	1.000000	1.000000	1.000000	1.000000	1.000000	1.000000	1.000000	1.000000	1.000000	1.000000
1.000000	1.000000	1.000000	1.000000	1.000000	1.000000	192.000000	773.000000	760.000000	183.000000	1.000000	1.000000	1.000000	1.000000	215.000000	203.000000	379.000000	172.000000	1.000000	1.000000	1.000000
1.000000	1.000000	1.000000	1.000000	1.000000	1.000000	1.000000	1.000000	209.000000	183.000000	1.000000	1.000000	1.000000	1.000000	1.000000	1.000000	179.000000	570.000000	1.000000	1.000000	1.000000
1.000000	1.000000	1.000000	1.000000	1.000000	1.000000	1.000000	1.000000	1.000000	1.000000	1.000000	233.000000	1.000000	1.000000	1.000000	1.000000	1.000000	1.000000	179.000000	1.000000	1.000000
1.000000	1.000000	1.000000	1.000000	1.000000	1.000000	1.000000	1.000000	1.000000	245.000000	1140.000000	1055.000000	384.000000	916.000000	236.000000	1.000000	1.000000	1.000000	1.000000	1.000000	1.000000
1.000000	1.000000	1.000000	1.000000	1.000000	1.000000	208.000000	599.000000	184.000000	1.000000	924.000000	1168.000000	1019.000000	442.000000	1124.000000	413.000000	216.000000	1.000000	202.000000	1.000000	1.000000
1.000000	1.000000	1.000000	202.000000	222.000000	169.000000	660.000000	439.000000	206.000000	1.000000	1.000000	405.000000	236.000000	406.000000	1277.000000	836.000000	215.000000	214.000000	589.000000	1.000000	1.000000
1.000000	1.000000	1.000000	1.000000	1.000000	1.000000	212.000000	431.000000	195.000000	1.000000	189.000000	160.000000	1.000000	1.000000	1.000000	428.000000	1.000000	1.000000	1.000000	186.000000	1.000000
1.000000	1.000000	1.000000	1.000000	1.000000	1.000000	1.000000	1.000000	1.000000	1.000000	1.000000	1.000000	1.000000	1.000000	1.000000	1.000000	1.000000	1.000000	1.000000	174.000000	1.000000
1.000000	1.000000	1.000000	1.000000	1.000000	1.000000	1.000000	240.000000	181.000000	255.000000	235.000000	1.000000	229.000000	1.000000	217.000000	1.000000	1.000000	1.000000	1.000000	1.000000	1.000000
1.000000	1.000000	1.000000	1.000000	1.000000	1.000000	1.000000	1.000000	496.000000	239.000000	1.000000	248.000000	1.000000	1.000000	1.000000	1.000000	1.000000	187.000000	1.000000	1.000000	1.000000
1.000000	1.000000	1.000000	1.000000	1.000000	213.000000	468.000000	217.000000	1.000000	245.000000	239.000000	163.000000	1.000000	1.000000	1.000000	1.000000	1.000000	1.000000	191.000000	1.000000	1.000000
1.000000	1.000000	1.000000	1.000000	1.000000	175.000000	447.000000	992.000000	663.000000	1.000000	186.000000	425.000000	182.000000	1.000000	231.000000	234.000000	1.000000	1.000000	1.000000	1.000000	1.000000
1.000000	1.000000	1.000000	1.000000	1.000000	1.000000	1.000000	423.000000	931.000000	223.000000	1.000000	1.000000	1.000000	1.000000	1.000000	1.000000	1.000000	1.000000	1.000000	1.000000	1.000000
1.000000	1.000000	1.000000	1.000000	1.000000	1.000000	1.000000	1.000000	1.000000	1.000000	1.000000	1.000000	1.000000	1.000000	1.000000	1.000000	1.000000	1.000000	1.000000	1.000000	1.000000
1.000000	1.000000	1.000000	1.000000	1.000000	1.000000	1.000000	1.000000	1.000000	1.000000	1.000000	1.000000	1.000000	1.000000	1.000000	1.000000	1.000000	1.000000	1.000000	1.000000	1.000000
1.000000	1.000000	1.000000	1.000000	1.000000	1.000000	1.000000	1.000000	1.000000	1.000000	1.000000	1.000000	1.000000	1.000000	1.000000	1.000000	1.000000	1.000000	1.000000	1.000000	1.000000
1.000000	1.000000	1.000000	1.000000	1.000000	1.000000	1.000000	1.000000	1.000000	1.000000	1.000000	1.000000	1.000000	1.000000	1.000000	1.000000	1.000000	1.000000	1.000000	1.000000	1.000000
1.000000	1.000000	1.000000	1.000000	1.000000	1.000000	1.000000	1.000000	1.000000	1.000000	1.000000	1.000000	1.000000	1.000000	1.000000	1.000000	1.000000	1.000000	1.000000	1.000000	1.000000
1.000000	1.000000	1.000000	1.000000	1.000000	1.000000	1.000000	1.000000	1.000000	1.000000	1.000000	1.000000	1.000000	1.000000	1.000000	1.000000	1.000000	1.000000	1.000000	1.000000	1.000000
1.000000	1.000000	1.000000	1.000000	1.000000	1.000000	1.000000	1.000000	1.000000	1.000000	1.000000	1.000000	1.000000	1.000000	1.000000	1.000000	1.000000	1.000000	1.000000	1.000000	1.000000
