21 25 0
1.000000	1.000000	1.000000	1.000000	1.000000	1.000000	1.000000	1.000000	1.000000	1.000000	1.000000	190.000000	209.000000	1.000000	1.000000	1.000000	1.000000	1.000000	1.000000	1.000000	1.000000
1.000000	1.000000	1.000000	1.000000	1.000000	1.000000	196.000000	191.000000	1.000000	1.000000	396.000000	390.000000	194.000000	196.000000	186.000000	1.000000	189.000000	1.000000	1.000000	1.000000	1.000000
1.000000	1.000000	1.000000	1.000000	1.000000	1.000000	162.000000	204.000000	608.000000	405.000000	400.000000	371.000000	1.000000	369.000000	554.000000	1.000000	1.000000	1.000000	1.000000	1.000000	219.000000
1.000000	1.000000	1.000000	1.000000	1.000000	1.000000	172.000000	372.000000	547.000000	355.000000	1.000000	1.000000	1.000000	192.000000	169.000000	1.000000	1.000000	1.000000	1.000000	1.000000	1.000000
1.000000	1.000000	1.000000	1.000000	1.000000	1.000000	1.000000	1.000000	1.000000	1.000000	1.000000	1.000000	1.000000	1.000000	1.000000	1.000000	1.000000	179.000000	178.000000	1.000000	1.000000
1.000000	1.000000	1.000000	1.000000	1.000000	1.000000	211.000000	1.000000	1.000000	1.000000	1.000000	1.000000	1.000000	206.000000	208.000000	1.000000	1.000000	1.000000	1.000000	1.000000	1.000000
1.000000	1.000000	1.000000	1.000000	1.000000	198.000000	225.000000	448.000000	216.000000	1.000000	185.000000	622.000000	1069.000000	1098.000000	1026.000000	349.000000	1.000000	1.000000	1.000000	1.000000	1.000000
1.000000	1.000000	1.000000	1.000000	1.000000	447.000000	725.000000	960.000000	1342.000000	581.000000	808.000000	1319.000000	1364.000000	1404.000000	1589.000000	1812.000000	1096.000000	409.000000	1.000000	1.000000	1.000000
1.000000	1.000000	1.000000	203.000000	235.000000	256.000000	469.000000	424.000000	437.000000	255.000000	1.000000	1.000000	419.000000	419.000000	250.000000	448.000000	625.000000	409.000000	205.000000	1.000000	1.000000
1.000000	1.000000	1.000000	1.000000	1.000000	1.000000	1.000000	1.000000	1.000000	1.000000	1.000000	1.000000	1.000000	1.000000	1.000000	1.000000	1.000000	1.000000	1.000000	1.000000	1.000000
1.000000	1.000000	1.000000	1.000000	1.000000	1.000000	1.000000	1.000000	1.000000	192.000000	1.000000	1.000000	1.000000	1.000000	1.000000	1.000000	1.000000	450.000000	422.000000	212.000000	1.000000
1.000000	1.000000	1.000000	1.000000	1.000000	1.000000	1.000000	228.000000	238.000000	247.000000	482.000000	480.000000	439.000000	639.000000	1.000000	1.000000	221.000000	640.000000	829.000000	371.000000	1.000000
1.000000	1.000000	1.000000	1.000000	1.000000	224.000000	851.000000	632.000000	1344.000000	1260.000000	1174.000000	1222.000000	903.000000	885.000000	898.000000	868.000000	624.000000	418.000000	423.000000	1.000000	1.000000
1.000000	1.000000	1.000000	1.000000	166.000000	438.000000	647.000000	210.000000	429.000000	951.000000	942.000000	452.000000	406.000000	1.000000	417.000000	643.000000	384.000000	1.000000	1.000000	1.000000	1.000000
1.000000	1.000000	1.000000	186.000000	186.000000	1.000000	1.000000	1.000000	220.000000	219.000000	428.000000	212.000000	211.000000	695.000000	706.000000	423.000000	181.000000	1.000000	1.000000	1.000000	1.000000
1.000000	1.000000	1.000000	1.000000	1.000000	1.000000	223.000000	441.000000	1120.000000	886.000000	705.000000	689.000000	897.000000	665.000000	470.000000	1.000000	1.000000	1.000000	1.000000	1.000000	1.000000
1.000000	1.000000	1.000000	1.000000	1.000000	1.000000	1.000000	1.000000	254.000000	507.000000	252.000000	1.000000	1.000000	1.000000	1.000000	1.000000	1.000000	1.000000	1.000000	1.000000	1.000000
1.000000	1.000000	1.000000	1.000000	1.000000	1.000000	1.000000	1.000000	1.000000	1.000000	1.000000	1.000000	1.000000	1.000000	1.000000	220.000000	209.000000	200.000000	199.000000	1.000000	1.000000
1.000000	1.000000	1.000000	1.000000	1.000000	1.000000	1.000000	1.000000	1.000000	1.000000	1.000000	1.000000	1.000000	1.000000	1.000000	1.000000	1.000000	1.000000	1.000000	1.000000	1.000000
1.000000	1.000000	1.000000	1.000000	1.000000	1.000000	1.000000	1.000000	1.000000	1.000000	1.000000	1.000000	1.000000	1.000000	1.000000	1.000000	1.000000	1.000000	1.000000	1.000000	1.000000
1.000000	1.000000	1.000000	1.000000	1.000000	1.000000	1.000000	1.000000	1.000000	1.000000	1.000000	1.000000	1.000000	1.000000	1.000000	1.000000	1.000000	1.000000	1.000000	1.000000	1.000000
1.000000	1.000000	1.000000	1.000000	1.000000	1.000000	1.000000	1.000000	1.000000	1.000000	1.000000	1.000000	1.000000	1.000000	1.000000	1.000000	1.000000	1.000000	1.000000	1.000000	1.000000
1.000000	1.000000	1.000000	1.000000	1.000000	1.000000	1.000000	1.000000	1.000000	1.000000	1.000000	1.000000	1.000000	1.000000	1.000000	1.000000	1.000000	1.000000	1.000000	1.000000	1.000000
1.000000	1.000000	1.000000	1.000000	1.000000	1.000000	1.000000	1.000000	1.000000	1.000000	1.000000	1.000000	1.000000	1.000000	1.000000	1.000000	1.000000	1.000000	1.000000	1.000000	1.000000
1.000000	1.000000	1.000000	1.000000	1.000000	1.000000	1.000000	1.000000	1.000000	1.000000	1.000000	1.000000	1.000000	1.000000	1.000000	1.000000	1.000000	1.000000	1.000000	1.000000	1.000000
