21 25 0
1.000000	1.000000	1.000000	189.000000	1.000000	1.000000	1.000000	1.000000	1.000000	1.000000	1.000000	1.000000	181.000000	1.000000	1.000000	1.000000	1.000000	1.000000	219.000000	209.000000	1.000000
1.000000	1.000000	1.000000	242.000000	426.000000	1.000000	1.000000	1.000000	464.000000	620.000000	1.000000	1.000000	199.000000	629.000000	664.000000	1.000000	1.000000	216.000000	491.000000	255.000000	1.000000
1.000000	1.000000	1.000000	242.000000	476.000000	1.000000	1.000000	1.000000	465.000000	660.000000	1.000000	1.000000	1.000000	444.000000	1345.000000	1.000000	1.000000	1.000000	241.000000	230.000000	1.000000
1.000000	1.000000	219.000000	1.000000	205.000000	1.000000	1.000000	1.000000	200.000000	232.000000	1.000000	1.000000	1.000000	1.000000	1097.000000	1.000000	1.000000	1.000000	185.000000	1.000000	247.000000
1.000000	1.000000	210.000000	1.000000	1.000000	1.000000	1.000000	1.000000	1.000000	1.000000	1.000000	1.000000	1.000000	1.000000	1.000000	1.000000	1.000000	1.000000	1.000000	1.000000	192.000000
1.000000	1.000000	1.000000	1.000000	1.000000	1.000000	1.000000	1.000000	1.000000	1.000000	1.000000	1.000000	1.000000	1.000000	1.000000	1.000000	1.000000	1.000000	1.000000	1.000000	192.000000
1.000000	1.000000	184.000000	1.000000	1.000000	1.000000	1.000000	1.000000	1.000000	1.000000	186.000000	1.000000	1.000000	1.000000	1.000000	1.000000	1.000000	1.000000	1.000000	1.000000	203.000000
1.000000	1.000000	218.000000	1.000000	1.000000	1.000000	429.000000	1.000000	212.000000	1.000000	419.000000	618.000000	185.000000	436.000000	1.000000	1.000000	1.000000	193.000000	1.000000	1.000000	208.000000
1.000000	1.000000	187.000000	1.000000	1.000000	250.000000	234.000000	1.000000	449.000000	1.000000	419.000000	1079.000000	389.000000	237.000000	1.000000	1.000000	1.000000	1.000000	1.000000	1.000000	252.000000
1.000000	1.000000	1.000000	1.000000	223.000000	483.000000	1.000000	243.000000	907.000000	1.000000	248.000000	1377.000000	1.000000	437.000000	197.000000	1.000000	1.000000	1.000000	1.000000	1.000000	257.000000
1.000000	1.000000	1.000000	1.000000	223.000000	235.000000	1.000000	403.000000	922.000000	1.000000	444.000000	1412.000000	1.000000	403.000000	822.000000	1.000000	1.000000	187.000000	1.000000	1.000000	245.000000
1.000000	1.000000	1.000000	1.000000	1.000000	1.000000	1.000000	600.000000	444.000000	1.000000	390.000000	1385.000000	185.000000	1.000000	1.000000	1.000000	1.000000	187.000000	1.000000	1.000000	182.000000
1.000000	1.000000	1.000000	1.000000	1.000000	1.000000	1.000000	788.000000	1.000000	1.000000	239.000000	1195.000000	657.000000	1.000000	1.000000	1.000000	1.000000	1.000000	1.000000	1.000000	1.000000
1.000000	1.000000	1.000000	1.000000	1.000000	1.000000	1.000000	802.000000	415.000000	1.000000	1.000000	505.000000	234.000000	1.000000	1.000000	198.000000	1.000000	1.000000	1.000000	1.000000	1.000000
1.000000	1.000000	1.000000	1.000000	1.000000	1.000000	1.000000	402.000000	205.000000	254.000000	1.000000	1.000000	1.000000	1.000000	1.000000	1.000000	181.000000	1.000000	1.000000	1.000000	192.000000
1.000000	1.000000	1.000000	1.000000	1.000000	1.000000	1.000000	1.000000	1.000000	254.000000	1.000000	1.000000	712.000000	1.000000	1.000000	1.000000	187.000000	1.000000	1.000000	1.000000	249.000000
1.000000	1.000000	1.000000	1.000000	1.000000	1.000000	1.000000	193.000000	1.000000	1.000000	1.000000	241.000000	488.000000	1.000000	1.000000	1.000000	178.000000	1.000000	1.000000	1.000000	1.000000
1.000000	1.000000	1.000000	1.000000	1.000000	1.000000	1.000000	1.000000	1.000000	1.000000	1.000000	1.000000	1.000000	1.000000	1.000000	1.000000	1.000000	1.000000	1.000000	1.000000	1.000000
1.000000	1.000000	1.000000	1.000000	1.000000	1.000000	1.000000	1.000000	1.000000	1.000000	1.000000	1.000000	1.000000	1.000000	1.000000	1.000000	1.000000	1.000000	1.000000	1.000000	1.000000
1.000000	1.000000	1.000000	1.000000	1.000000	1.000000	1.000000	1.000000	1.000000	1.000000	1.000000	1.000000	1.000000	1.000000	1.000000	1.000000	1.000000	1.000000	1.000000	1.000000	1.000000
1.000000	1.000000	1.000000	1.000000	1.000000	1.000000	1.000000	1.000000	1.000000	1.000000	1.000000	1.000000	1.000000	1.000000	1.000000	1.000000	1.000000	1.000000	1.000000	1.000000	1.000000
1.000000	1.000000	1.000000	1.000000	1.000000	1.000000	1.000000	1.000000	1.000000	1.000000	1.000000	1.000000	1.000000	1.000000	1.000000	1.000000	1.000000	1.000000	1.000000	1.000000	1.000000
1.000000	1.000000	1.000000	1.000000	1.000000	1.000000	1.000000	1.000000	1.000000	1.000000	1.000000	1.000000	1.000000	1.000000	1.000000	1.000000	1.000000	1.000000	1.000000	1.000000	1.000000
1.000000	1.000000	1.000000	1.000000	1.000000	1.000000	1.000000	1.000000	1.000000	1.000000	1.000000	1.000000	1.000000	1.000000	1.000000	1.000000	1.000000	1.000000	1.000000	1.000000	1.000000
1.000000	1.000000	1.000000	1.000000	1.000000	1.000000	1.000000	1.000000	1.000000	1.000000	1.000000	1.000000	1.000000	1.000000	1.000000	1.000000	1.000000	1.000000	1.000000	1.000000	1.000000
