21 25 0
1.000000	1.000000	1.000000	1.000000	1.000000	1.000000	1.000000	1.000000	1.000000	1.000000	417.000000	1.000000	1.000000	1.000000	1.000000	420.000000	186.000000	1.000000	1.000000	1.000000	1.000000
1.000000	1.000000	1.000000	1.000000	1.000000	1.000000	1.000000	633.000000	1.000000	1.000000	199.000000	1.000000	1.000000	1.000000	1.000000	693.000000	1560.000000	710.000000	1.000000	1.000000	1.000000
1.000000	1.000000	1.000000	1.000000	1.000000	1.000000	203.000000	810.000000	1.000000	1.000000	1.000000	199.000000	392.000000	1.000000	1.000000	662.000000	1610.000000	653.000000	1.000000	1.000000	1.000000
1.000000	1.000000	1.000000	1.000000	1.000000	1.000000	204.000000	211.000000	1.000000	1.000000	1.000000	1.000000	610.000000	1.000000	1.000000	1.000000	701.000000	443.000000	246.000000	1.000000	1.000000
1.000000	1.000000	1.000000	1.000000	1.000000	1.000000	1.000000	1.000000	1.000000	1.000000	1.000000	1.000000	1.000000	1.000000	1.000000	1.000000	1.000000	1.000000	226.000000	1.000000	1.000000
1.000000	1.000000	1.000000	1.000000	1.000000	1.000000	1.000000	1.000000	1.000000	1.000000	1.000000	1.000000	1.000000	1.000000	1.000000	1.000000	1.000000	1.000000	1.000000	1.000000	1.000000
1.000000	1.000000	1.000000	1.000000	1.000000	1.000000	212.000000	225.000000	1.000000	1.000000	1.000000	1.000000	1.000000	1.000000	1.000000	179.000000	1.000000	1.000000	1.000000	238.000000	1.000000
1.000000	1.000000	1.000000	1.000000	1.000000	1.000000	246.000000	241.000000	804.000000	675.000000	180.000000	1.000000	1.000000	189.000000	252.000000	676.000000	462.000000	1.000000	239.000000	255.000000	1.000000
1.000000	1.000000	1.000000	1.000000	1.000000	1.000000	250.000000	693.000000	234.000000	1196.000000	619.000000	1.000000	1.000000	205.000000	1.000000	951.000000	456.000000	1.000000	249.000000	239.000000	1.000000
1.000000	1.000000	1.000000	1.000000	1.000000	252.000000	687.000000	465.000000	248.000000	1413.000000	887.000000	1.000000	216.000000	1.000000	1.000000	470.000000	1.000000	1.000000	250.000000	239.000000	1.000000
1.000000	1.000000	1.000000	1.000000	1.000000	1.000000	662.000000	220.000000	227.000000	1114.000000	1094.000000	1.000000	409.000000	202.000000	1.000000	219.000000	1.000000	228.000000	245.000000	222.000000	1.000000
1.000000	1.000000	1.000000	1.000000	1.000000	1.000000	420.000000	1.000000	228.000000	863.000000	577.000000	1.000000	204.000000	1019.000000	1.000000	1.000000	1.000000	1.000000	1.000000	1.000000	1.000000
1.000000	1.000000	1.000000	1.000000	1.000000	1.000000	1.000000	1.000000	404.000000	1170.000000	921.000000	1.000000	205.000000	622.000000	1.000000	1.000000	1.000000	1.000000	1.000000	1.000000	1.000000
1.000000	1.000000	1.000000	1.000000	1.000000	1.000000	1.000000	1.000000	206.000000	663.000000	701.000000	241.000000	212.000000	206.000000	186.000000	1.000000	1.000000	1.000000	1.000000	1.000000	1.000000
1.000000	1.000000	1.000000	1.000000	1.000000	193.000000	1.000000	1.000000	1.000000	1.000000	1.000000	242.000000	1.000000	393.000000	186.000000	1.000000	1.000000	1.000000	1.000000	1.000000	1.000000
1.000000	1.000000	1.000000	1.000000	1.000000	1.000000	1.000000	1.000000	511.000000	247.000000	1.000000	1.000000	1.000000	1.000000	189.000000	1.000000	1.000000	1.000000	1.000000	1.000000	1.000000
1.000000	1.000000	1.000000	1.000000	1.000000	1.000000	1.000000	1.000000	511.000000	248.000000	1.000000	1.000000	1.000000	422.000000	190.000000	1.000000	1.000000	1.000000	1.000000	1.000000	1.000000
1.000000	1.000000	1.000000	1.000000	1.000000	1.000000	1.000000	1.000000	1.000000	1.000000	1.000000	1.000000	1.000000	1.000000	1.000000	1.000000	1.000000	1.000000	1.000000	1.000000	1.000000
1.000000	1.000000	1.000000	1.000000	1.000000	1.000000	1.000000	1.000000	1.000000	1.000000	1.000000	1.000000	1.000000	1.000000	1.000000	1.000000	1.000000	1.000000	1.000000	1.000000	1.000000
1.000000	1.000000	1.000000	1.000000	1.000000	1.000000	1.000000	1.000000	1.000000	1.000000	1.000000	1.000000	1.000000	1.000000	1.000000	1.000000	1.000000	1.000000	1.000000	1.000000	1.000000
1.000000	1.000000	1.000000	1.000000	1.000000	1.000000	1.000000	1.000000	1.000000	1.000000	1.000000	1.000000	1.000000	1.000000	1.000000	1.000000	1.000000	1.000000	1.000000	1.000000	1.000000
1.000000	1.000000	1.000000	1.000000	1.000000	1.000000	1.000000	1.000000	1.000000	1.000000	1.000000	1.000000	1.000000	1.000000	1.000000	1.000000	1.000000	1.000000	1.000000	1.000000	1.000000
1.000000	1.000000	1.000000	1.000000	1.000000	1.000000	1.000000	1.000000	1.000000	1.000000	1.000000	1.000000	1.000000	1.000000	1.000000	1.000000	1.000000	1.000000	1.000000	1.000000	1.000000
1.000000	1.000000	1.000000	1.000000	1.000000	1.000000	1.000000	1.000000	1.000000	1.000000	1.000000	1.000000	1.000000	1.000000	1.000000	1.000000	1.000000	1.000000	1.000000	1.000000	1.000000
1.000000	1.000000	1.000000	1.000000	1.000000	1.000000	1.000000	1.000000	1.000000	1.000000	1.000000	1.000000	1.000000	1.000000	1.000000	1.000000	1.000000	1.000000	1.000000	1.000000	1.000000
