21 25 0
1.000000	1.000000	1.000000	1.000000	1.000000	1.000000	1.000000	1.000000	1.000000	1.000000	1.000000	427.000000	1.000000	176.000000	437.000000	415.000000	1.000000	1.000000	1.000000	1.000000	1.000000
1.000000	1.000000	1.000000	1.000000	1.000000	1.000000	1.000000	1.000000	1.000000	1.000000	1.000000	1.000000	1.000000	1.000000	590.000000	606.000000	623.000000	1.000000	1.000000	1.000000	1.000000
1.000000	1.000000	1.000000	1.000000	1.000000	1.000000	1.000000	1.000000	1.000000	1.000000	1.000000	1.000000	1.000000	1.000000	1.000000	1.000000	237.000000	1.000000	1.000000	1.000000	1.000000
1.000000	1.000000	1.000000	1.000000	218.000000	228.000000	1.000000	1.000000	1.000000	1.000000	1.000000	1.000000	1.000000	1.000000	1.000000	1.000000	1.000000	1.000000	1.000000	1.000000	1.000000
1.000000	1.000000	1.000000	1.000000	1.000000	1.000000	1.000000	1.000000	1.000000	1.000000	1.000000	1.000000	1.000000	1.000000	1.000000	256.000000	1.000000	1.000000	1.000000	1.000000	1.000000
1.000000	1.000000	1.000000	1.000000	1.000000	1.000000	187.000000	234.000000	1.000000	1.000000	1.000000	1.000000	635.000000	1.000000	406.000000	1219.000000	250.000000	1.000000	1.000000	1.000000	1.000000
1.000000	1.000000	1.000000	1.000000	1.000000	1.000000	597.000000	1202.000000	772.000000	1.000000	1.000000	1.000000	525.000000	1275.000000	597.000000	1160.000000	748.000000	1.000000	1.000000	1.000000	1.000000
1.000000	1.000000	1.000000	1.000000	1.000000	1.000000	1.000000	449.000000	1405.000000	348.000000	1.000000	1.000000	1.000000	860.000000	663.000000	640.000000	1016.000000	1.000000	1.000000	1.000000	1.000000
1.000000	1.000000	1.000000	1.000000	1.000000	1.000000	1.000000	1.000000	199.000000	1225.000000	181.000000	1.000000	1.000000	738.000000	486.000000	667.000000	681.000000	1.000000	1.000000	1.000000	1.000000
1.000000	1.000000	1.000000	1.000000	1.000000	1.000000	1.000000	1.000000	162.000000	590.000000	427.000000	1.000000	1.000000	1.000000	474.000000	432.000000	1.000000	1.000000	1.000000	1.000000	1.000000
1.000000	1.000000	1.000000	1.000000	1.000000	1.000000	1.000000	1.000000	1.000000	1.000000	243.000000	1.000000	1.000000	1.000000	1.000000	221.000000	1.000000	1.000000	1.000000	1.000000	1.000000
1.000000	1.000000	1.000000	1.000000	1.000000	1.000000	1.000000	1.000000	212.000000	179.000000	886.000000	837.000000	446.000000	1.000000	531.000000	411.000000	1.000000	1.000000	1.000000	1.000000	1.000000
1.000000	1.000000	1.000000	1.000000	1.000000	1.000000	179.000000	1.000000	189.000000	1.000000	535.000000	1096.000000	202.000000	1.000000	808.000000	1097.000000	174.000000	1.000000	1.000000	1.000000	1.000000
1.000000	1.000000	1.000000	1.000000	1.000000	1.000000	1.000000	1.000000	1.000000	1.000000	1.000000	542.000000	177.000000	1.000000	1.000000	528.000000	541.000000	1.000000	1.000000	1.000000	1.000000
1.000000	1.000000	1.000000	1.000000	1.000000	1.000000	377.000000	344.000000	1.000000	1.000000	1.000000	367.000000	928.000000	356.000000	1.000000	1.000000	195.000000	1.000000	1.000000	1.000000	1.000000
1.000000	1.000000	1.000000	1.000000	1.000000	1.000000	1.000000	594.000000	545.000000	1.000000	1.000000	1.000000	429.000000	588.000000	798.000000	1.000000	401.000000	1.000000	1.000000	1.000000	1.000000
1.000000	1.000000	1.000000	1.000000	244.000000	1.000000	1.000000	1.000000	1.000000	1.000000	168.000000	193.000000	1.000000	1.000000	539.000000	872.000000	526.000000	1.000000	1.000000	1.000000	1.000000
1.000000	1.000000	1.000000	1.000000	789.000000	1.000000	1.000000	1.000000	1.000000	1.000000	1.000000	538.000000	379.000000	187.000000	1.000000	713.000000	361.000000	1.000000	1.000000	1.000000	1.000000
1.000000	1.000000	1.000000	244.000000	819.000000	1.000000	1.000000	170.000000	1.000000	1.000000	1.000000	502.000000	219.000000	1.000000	1.000000	1.000000	1.000000	1.000000	1.000000	1.000000	1.000000
1.000000	1.000000	1.000000	1.000000	1.000000	1.000000	1.000000	1.000000	1.000000	1.000000	1.000000	1.000000	1.000000	1.000000	1.000000	1.000000	1.000000	1.000000	1.000000	1.000000	1.000000
1.000000	1.000000	1.000000	1.000000	1.000000	1.000000	1.000000	1.000000	1.000000	1.000000	1.000000	1.000000	1.000000	1.000000	1.000000	1.000000	1.000000	1.000000	1.000000	1.000000	1.000000
1.000000	1.000000	1.000000	1.000000	1.000000	1.000000	1.000000	1.000000	1.000000	1.000000	1.000000	1.000000	1.000000	1.000000	1.000000	1.000000	1.000000	1.000000	1.000000	1.000000	1.000000
1.000000	1.000000	1.000000	1.000000	1.000000	1.000000	1.000000	1.000000	1.000000	1.000000	1.000000	1.000000	1.000000	1.000000	1.000000	1.000000	1.000000	1.000000	1.000000	1.000000	1.000000
1.000000	1.000000	1.000000	1.000000	1.000000	1.000000	1.000000	1.000000	1.000000	1.000000	1.000000	1.000000	1.000000	1.000000	1.000000	1.000000	1.000000	1.000000	1.000000	1.000000	1.000000
1.000000	1.000000	1.000000	1.000000	1.000000	1.000000	1.000000	1.000000	1.000000	1.000000	1.000000	1.000000	1.000000	1.000000	1.000000	1.000000	1.000000	1.000000	1.000000	1.000000	1.000000
