21 25 0
1.000000	1.000000	1.000000	1.000000	1.000000	1.000000	1.000000	1.000000	1.000000	1.000000	1.000000	177.000000	1.000000	1.000000	1.000000	1.000000	1.000000	1.000000	1.000000	1.000000	1.000000
1.000000	1.000000	1.000000	1.000000	1.000000	1.000000	1.000000	867.000000	421.000000	1.000000	213.000000	1.000000	1.000000	1.000000	1.000000	1.000000	1.000000	1.000000	1.000000	1.000000	1.000000
1.000000	1.000000	1.000000	1.000000	1168.000000	192.000000	1.000000	869.000000	206.000000	1.000000	1.000000	1.000000	1.000000	1.000000	1.000000	1.000000	1.000000	1.000000	1.000000	1.000000	1.000000
1.000000	1.000000	1.000000	251.000000	1305.000000	228.000000	1.000000	1.000000	1.000000	1.000000	1.000000	1.000000	1.000000	1.000000	244.000000	1.000000	1.000000	1.000000	1.000000	1.000000	1.000000
1.000000	1.000000	1.000000	214.000000	791.000000	1.000000	1.000000	1.000000	1.000000	1.000000	1.000000	1.000000	1.000000	1.000000	1.000000	245.000000	245.000000	1.000000	1.000000	1.000000	1.000000
1.000000	1.000000	1.000000	1.000000	239.000000	1.000000	1.000000	1.000000	1.000000	1.000000	1.000000	1.000000	1.000000	1.000000	1.000000	895.000000	245.000000	1.000000	1.000000	1.000000	1.000000
1.000000	1.000000	1.000000	1.000000	1.000000	1.000000	1.000000	168.000000	1.000000	1.000000	1.000000	1.000000	1.000000	1.000000	445.000000	990.000000	920.000000	1.000000	1.000000	1.000000	1.000000
1.000000	1.000000	1.000000	1.000000	1.000000	1.000000	1.000000	196.000000	600.000000	817.000000	400.000000	1.000000	1.000000	463.000000	868.000000	475.000000	1126.000000	1.000000	1.000000	1.000000	1.000000
1.000000	1.000000	1.000000	1.000000	1.000000	1.000000	1.000000	1.000000	587.000000	1489.000000	650.000000	1.000000	1.000000	938.000000	1446.000000	436.000000	1165.000000	1.000000	1.000000	1.000000	1.000000
1.000000	1.000000	1.000000	1.000000	1.000000	383.000000	212.000000	1.000000	520.000000	1559.000000	200.000000	1.000000	1.000000	251.000000	1192.000000	236.000000	452.000000	1.000000	1.000000	1.000000	1.000000
1.000000	1.000000	1.000000	1.000000	1.000000	348.000000	188.000000	170.000000	385.000000	511.000000	215.000000	1.000000	1.000000	1.000000	778.000000	211.000000	1.000000	1.000000	1.000000	1.000000	1.000000
1.000000	1.000000	1.000000	1.000000	1.000000	1.000000	1.000000	1.000000	395.000000	365.000000	457.000000	648.000000	1.000000	1.000000	713.000000	374.000000	1.000000	1.000000	1.000000	1.000000	1.000000
1.000000	1.000000	1.000000	1.000000	1.000000	1.000000	1.000000	1.000000	1.000000	1.000000	353.000000	909.000000	1.000000	1.000000	536.000000	854.000000	377.000000	1.000000	1.000000	1.000000	1.000000
1.000000	1.000000	1.000000	1.000000	1.000000	1.000000	1.000000	1.000000	1.000000	1.000000	172.000000	956.000000	218.000000	1.000000	165.000000	513.000000	778.000000	1.000000	1.000000	1.000000	1.000000
1.000000	1.000000	1.000000	1.000000	169.000000	1.000000	1.000000	1.000000	1.000000	1.000000	1.000000	756.000000	438.000000	1.000000	164.000000	365.000000	776.000000	1.000000	1.000000	1.000000	1.000000
1.000000	1.000000	1.000000	1.000000	759.000000	1.000000	1.000000	188.000000	553.000000	1.000000	1.000000	378.000000	174.000000	198.000000	594.000000	557.000000	815.000000	1.000000	1.000000	1.000000	1.000000
1.000000	1.000000	1.000000	1.000000	1032.000000	1.000000	1.000000	393.000000	574.000000	254.000000	1.000000	405.000000	249.000000	217.000000	596.000000	1198.000000	870.000000	1.000000	1.000000	1.000000	1.000000
1.000000	1.000000	1.000000	251.000000	1240.000000	1.000000	1.000000	800.000000	181.000000	254.000000	1.000000	831.000000	250.000000	218.000000	164.000000	1056.000000	1066.000000	1.000000	1.000000	1.000000	1.000000
1.000000	1.000000	1.000000	239.000000	424.000000	1.000000	1.000000	732.000000	167.000000	1.000000	1.000000	734.000000	358.000000	1.000000	1.000000	540.000000	667.000000	1.000000	1.000000	1.000000	1.000000
1.000000	1.000000	1.000000	1.000000	1.000000	1.000000	1.000000	1.000000	1.000000	1.000000	1.000000	1.000000	1.000000	1.000000	1.000000	1.000000	1.000000	1.000000	1.000000	1.000000	1.000000
1.000000	1.000000	1.000000	1.000000	1.000000	1.000000	1.000000	1.000000	1.000000	1.000000	1.000000	1.000000	1.000000	1.000000	1.000000	1.000000	1.000000	1.000000	1.000000	1.000000	1.000000
1.000000	1.000000	1.000000	1.000000	1.000000	1.000000	1.000000	1.000000	1.000000	1.000000	1.000000	1.000000	1.000000	1.000000	1.000000	1.000000	1.000000	1.000000	1.000000	1.000000	1.000000
1.000000	1.000000	1.000000	1.000000	1.000000	1.000000	1.000000	1.000000	1.000000	1.000000	1.000000	1.000000	1.000000	1.000000	1.000000	1.000000	1.000000	1.000000	1.000000	1.000000	1.000000
1.000000	1.000000	1.000000	1.000000	1.000000	1.000000	1.000000	1.000000	1.000000	1.000000	1.000000	1.000000	1.000000	1.000000	1.000000	1.000000	1.000000	1.000000	1.000000	1.000000	1.000000
1.000000	1.000000	1.000000	1.000000	1.000000	1.000000	1.000000	1.000000	1.000000	1.000000	1.000000	1.000000	1.000000	1.000000	1.000000	1.000000	1.000000	1.000000	1.000000	1.000000	1.000000
