21 25 0
1.000000	1.000000	1.000000	1.000000	1.000000	1.000000	1.000000	1.000000	1.000000	169.000000	191.000000	1.000000	1.000000	1.000000	1.000000	1.000000	1.000000	1.000000	1.000000	1.000000	1.000000
1.000000	1.000000	1.000000	1.000000	166.000000	166.000000	359.000000	943.000000	1426.000000	1727.000000	1755.000000	1480.000000	1014.000000	439.000000	393.000000	1.000000	1.000000	1.000000	1.000000	1.000000	1.000000
1.000000	1.000000	1.000000	1.000000	361.000000	1403.000000	1596.000000	1382.000000	967.000000	960.000000	1217.000000	1196.000000	1279.000000	1564.000000	1833.000000	1072.000000	458.000000	1.000000	1.000000	1.000000	1.000000
1.000000	1.000000	1.000000	1.000000	1094.000000	696.000000	367.000000	1.000000	1.000000	1.000000	1.000000	1.000000	1.000000	1.000000	589.000000	1230.000000	1526.000000	1.000000	1.000000	1.000000	1.000000
1.000000	1.000000	1.000000	245.000000	213.000000	1.000000	1.000000	438.000000	435.000000	1.000000	1.000000	1.000000	449.000000	248.000000	1.000000	1.000000	1182.000000	1.000000	1.000000	1.000000	1.000000
1.000000	1.000000	1.000000	1.000000	249.000000	1.000000	163.000000	237.000000	206.000000	1.000000	1.000000	1.000000	1.000000	1.000000	1.000000	1.000000	255.000000	1.000000	1.000000	1.000000	1.000000
1.000000	1.000000	1.000000	1.000000	1.000000	247.000000	1.000000	1.000000	1.000000	1.000000	1.000000	1.000000	1.000000	1.000000	1.000000	1.000000	1.000000	1.000000	1.000000	1.000000	1.000000
1.000000	1.000000	1.000000	1.000000	1.000000	1.000000	1.000000	1.000000	1.000000	1.000000	231.000000	231.000000	230.000000	243.000000	241.000000	1.000000	1.000000	1.000000	1.000000	1.000000	1.000000
1.000000	1.000000	1.000000	1.000000	1.000000	1.000000	410.000000	971.000000	454.000000	243.000000	242.000000	1.000000	1.000000	240.000000	1.000000	1.000000	1.000000	1.000000	1.000000	1.000000	1.000000
1.000000	1.000000	1.000000	1.000000	1.000000	1.000000	763.000000	633.000000	539.000000	177.000000	1.000000	445.000000	1381.000000	1205.000000	905.000000	682.000000	211.000000	1.000000	1.000000	1.000000	1.000000
1.000000	1.000000	1.000000	231.000000	737.000000	752.000000	951.000000	1002.000000	557.000000	1.000000	1.000000	393.000000	1657.000000	1417.000000	423.000000	234.000000	1.000000	1.000000	1.000000	1.000000	1.000000
1.000000	1.000000	1.000000	1.000000	1.000000	1.000000	1.000000	1.000000	1.000000	1.000000	1.000000	1.000000	1.000000	171.000000	172.000000	170.000000	1.000000	1.000000	1.000000	1.000000	1.000000
1.000000	1.000000	1.000000	1.000000	1.000000	1.000000	1.000000	1.000000	1.000000	1.000000	1.000000	1.000000	1.000000	1.000000	1.000000	1.000000	1.000000	1.000000	1.000000	1.000000	1.000000
1.000000	1.000000	1.000000	1.000000	1.000000	166.000000	491.000000	500.000000	512.000000	342.000000	502.000000	574.000000	993.000000	1434.000000	961.000000	1.000000	1.000000	1.000000	1.000000	1.000000	1.000000
1.000000	1.000000	1.000000	1.000000	1.000000	1.000000	1.000000	1.000000	351.000000	350.000000	166.000000	190.000000	220.000000	219.000000	219.000000	353.000000	1.000000	1.000000	1.000000	1.000000	1.000000
1.000000	1.000000	1.000000	1.000000	171.000000	596.000000	180.000000	172.000000	372.000000	170.000000	330.000000	328.000000	229.000000	229.000000	1.000000	1.000000	178.000000	1.000000	1.000000	1.000000	1.000000
1.000000	1.000000	1.000000	1.000000	413.000000	413.000000	1149.000000	1621.000000	918.000000	1.000000	1.000000	238.000000	696.000000	1303.000000	834.000000	639.000000	1.000000	1.000000	1.000000	1.000000	1.000000
1.000000	1.000000	1.000000	1.000000	239.000000	176.000000	382.000000	1231.000000	1214.000000	1.000000	1.000000	252.000000	658.000000	440.000000	417.000000	1.000000	1.000000	1.000000	1.000000	1.000000	1.000000
1.000000	1.000000	1.000000	1.000000	1.000000	1.000000	1.000000	1.000000	1.000000	1.000000	205.000000	1.000000	1.000000	1.000000	1.000000	1.000000	1.000000	1.000000	1.000000	1.000000	1.000000
1.000000	1.000000	1.000000	1.000000	1.000000	1.000000	1.000000	1.000000	1.000000	1.000000	1.000000	1.000000	1.000000	1.000000	1.000000	1.000000	1.000000	1.000000	1.000000	1.000000	1.000000
1.000000	1.000000	1.000000	1.000000	1.000000	1.000000	1.000000	1.000000	1.000000	1.000000	1.000000	1.000000	1.000000	1.000000	1.000000	1.000000	1.000000	1.000000	1.000000	1.000000	1.000000
1.000000	1.000000	1.000000	1.000000	1.000000	1.000000	1.000000	1.000000	1.000000	1.000000	1.000000	1.000000	1.000000	1.000000	1.000000	1.000000	1.000000	1.000000	1.000000	1.000000	1.000000
1.000000	1.000000	1.000000	1.000000	1.000000	1.000000	1.000000	1.000000	1.000000	1.000000	1.000000	1.000000	1.000000	1.000000	1.000000	1.000000	1.000000	1.000000	1.000000	1.000000	1.000000
1.000000	1.000000	1.000000	1.000000	1.000000	1.000000	1.000000	1.000000	1.000000	1.000000	1.000000	1.000000	1.000000	1.000000	1.000000	1.000000	1.000000	1.000000	1.000000	1.000000	1.000000
1.000000	1.000000	1.000000	1.000000	1.000000	1.000000	1.000000	1.000000	1.000000	1.000000	1.000000	1.000000	1.000000	1.000000	1.000000	1.000000	1.000000	1.000000	1.000000	1.000000	1.000000
