21 25 0
1.000000	1.000000	1.000000	1.000000	184.000000	184.000000	605.000000	166.000000	1.000000	1.000000	204.000000	390.000000	187.000000	405.000000	388.000000	468.000000	231.000000	1.000000	1.000000	1.000000	1.000000
1.000000	1.000000	1.000000	1.000000	174.000000	348.000000	360.000000	1.000000	1.000000	1.000000	1.000000	1.000000	1.000000	169.000000	595.000000	1057.000000	818.000000	1.000000	1.000000	1.000000	1.000000
1.000000	1.000000	1.000000	1.000000	1.000000	1.000000	1.000000	1.000000	1.000000	1.000000	1.000000	1.000000	1.000000	1.000000	1.000000	1.000000	222.000000	1.000000	1.000000	1.000000	1.000000
1.000000	1.000000	1.000000	1.000000	1.000000	1.000000	1.000000	403.000000	1197.000000	1111.000000	1232.000000	806.000000	414.000000	231.000000	1.000000	1.000000	1.000000	1.000000	1.000000	1.000000	1.000000
1.000000	1.000000	1.000000	1.000000	1.000000	1.000000	195.000000	205.000000	181.000000	1.000000	1.000000	1.000000	225.000000	634.000000	1.000000	1.000000	1.000000	1.000000	1.000000	1.000000	1.000000
1.000000	1.000000	1.000000	1.000000	1.000000	397.000000	425.000000	250.000000	185.000000	232.000000	1.000000	1.000000	399.000000	736.000000	1086.000000	368.000000	191.000000	1.000000	1.000000	1.000000	1.000000
1.000000	1.000000	1.000000	219.000000	218.000000	623.000000	1093.000000	1369.000000	963.000000	196.000000	1.000000	378.000000	1282.000000	1383.000000	1096.000000	376.000000	169.000000	1.000000	1.000000	1.000000	1.000000
1.000000	1.000000	1.000000	1.000000	222.000000	395.000000	646.000000	446.000000	606.000000	1.000000	1.000000	1.000000	187.000000	739.000000	241.000000	176.000000	1.000000	1.000000	1.000000	1.000000	1.000000
1.000000	1.000000	1.000000	1.000000	712.000000	488.000000	448.000000	204.000000	1.000000	1.000000	182.000000	1.000000	1.000000	235.000000	926.000000	471.000000	226.000000	1.000000	1.000000	1.000000	1.000000
1.000000	1.000000	1.000000	174.000000	173.000000	186.000000	162.000000	162.000000	1.000000	1.000000	1.000000	1.000000	1.000000	1.000000	1.000000	1.000000	1.000000	1.000000	1.000000	1.000000	1.000000
1.000000	1.000000	1.000000	1.000000	1.000000	1.000000	1.000000	1.000000	1.000000	1.000000	1.000000	1.000000	1.000000	1.000000	1.000000	1.000000	1.000000	1.000000	1.000000	1.000000	1.000000
1.000000	1.000000	1.000000	1.000000	1.000000	177.000000	166.000000	170.000000	510.000000	690.000000	878.000000	1079.000000	957.000000	1532.000000	869.000000	637.000000	178.000000	1.000000	1.000000	1.000000	1.000000
1.000000	1.000000	1.000000	1.000000	1.000000	714.000000	784.000000	348.000000	536.000000	547.000000	788.000000	994.000000	251.000000	1024.000000	1040.000000	566.000000	173.000000	1.000000	1.000000	1.000000	1.000000
1.000000	1.000000	1.000000	1.000000	1.000000	1.000000	1.000000	1.000000	1.000000	1.000000	334.000000	167.000000	1.000000	1.000000	1.000000	170.000000	375.000000	1.000000	1.000000	1.000000	1.000000
1.000000	1.000000	1.000000	1.000000	169.000000	180.000000	1.000000	357.000000	376.000000	180.000000	197.000000	384.000000	882.000000	658.000000	175.000000	1.000000	1.000000	1.000000	1.000000	1.000000	1.000000
1.000000	1.000000	1.000000	1.000000	1.000000	1.000000	381.000000	799.000000	809.000000	1.000000	176.000000	421.000000	962.000000	1157.000000	834.000000	1.000000	1.000000	1.000000	1.000000	1.000000	1.000000
1.000000	1.000000	1.000000	1.000000	175.000000	1.000000	1.000000	1.000000	1.000000	1.000000	1.000000	1.000000	1.000000	1.000000	1.000000	1.000000	1.000000	1.000000	1.000000	1.000000	1.000000
1.000000	1.000000	1.000000	1.000000	383.000000	218.000000	1.000000	1.000000	1.000000	1.000000	164.000000	167.000000	230.000000	230.000000	1.000000	223.000000	223.000000	1.000000	1.000000	1.000000	1.000000
1.000000	1.000000	1.000000	1.000000	386.000000	351.000000	351.000000	203.000000	1.000000	168.000000	340.000000	577.000000	612.000000	677.000000	210.000000	1.000000	242.000000	1.000000	1.000000	1.000000	1.000000
1.000000	1.000000	1.000000	1.000000	1.000000	1.000000	1.000000	1.000000	1.000000	1.000000	1.000000	1.000000	1.000000	1.000000	1.000000	1.000000	1.000000	1.000000	1.000000	1.000000	1.000000
1.000000	1.000000	1.000000	1.000000	1.000000	1.000000	1.000000	1.000000	1.000000	1.000000	1.000000	1.000000	1.000000	1.000000	1.000000	1.000000	1.000000	1.000000	1.000000	1.000000	1.000000
1.000000	1.000000	1.000000	1.000000	1.000000	1.000000	1.000000	1.000000	1.000000	1.000000	1.000000	1.000000	1.000000	1.000000	1.000000	1.000000	1.000000	1.000000	1.000000	1.000000	1.000000
1.000000	1.000000	1.000000	1.000000	1.000000	1.000000	1.000000	1.000000	1.000000	1.000000	1.000000	1.000000	1.000000	1.000000	1.000000	1.000000	1.000000	1.000000	1.000000	1.000000	1.000000
1.000000	1.000000	1.000000	1.000000	1.000000	1.000000	1.000000	1.000000	1.000000	1.000000	1.000000	1.000000	1.000000	1.000000	1.000000	1.000000	1.000000	1.000000	1.000000	1.000000	1.000000
1.000000	1.000000	1.000000	1.000000	1.000000	1.000000	1.000000	1.000000	1.000000	1.000000	1.000000	1.000000	1.000000	1.000000	1.000000	1.000000	1.000000	1.000000	1.000000	1.000000	1.000000
