21 25 0
1.000000	1.000000	1.000000	1.000000	1.000000	1.000000	1.000000	1.000000	1.000000	599.000000	1.000000	1.000000	1.000000	1.000000	1.000000	1.000000	1.000000	1.000000	1.000000	1.000000	1.000000
1.000000	1.000000	1.000000	1.000000	1.000000	564.000000	189.000000	1.000000	214.000000	433.000000	1.000000	1.000000	240.000000	232.000000	1.000000	1.000000	1.000000	1.000000	1.000000	1.000000	1.000000
1.000000	1.000000	1.000000	1.000000	1.000000	402.000000	1.000000	1.000000	1.000000	228.000000	221.000000	1.000000	241.000000	460.000000	1.000000	198.000000	459.000000	1.000000	1.000000	1.000000	1.000000
1.000000	1.000000	1.000000	1.000000	1.000000	1152.000000	1.000000	1.000000	1.000000	1.000000	1.000000	1.000000	1.000000	229.000000	1.000000	744.000000	1138.000000	1.000000	1.000000	1.000000	1.000000
1.000000	1.000000	1.000000	1.000000	247.000000	1116.000000	1.000000	1.000000	1.000000	1.000000	1.000000	1.000000	1.000000	1.000000	1.000000	1.000000	1135.000000	1.000000	1.000000	1.000000	1.000000
1.000000	1.000000	1.000000	1.000000	247.000000	921.000000	1.000000	1.000000	1.000000	182.000000	1.000000	1.000000	1.000000	1.000000	1.000000	1.000000	431.000000	1.000000	1.000000	1.000000	1.000000
1.000000	1.000000	1.000000	1.000000	617.000000	693.000000	438.000000	1.000000	1.000000	1.000000	1.000000	1.000000	252.000000	1.000000	1.000000	1.000000	1.000000	1.000000	1.000000	1.000000	1.000000
1.000000	1.000000	1.000000	219.000000	1170.000000	415.000000	852.000000	211.000000	1.000000	1.000000	1.000000	1263.000000	1547.000000	179.000000	1.000000	1.000000	1.000000	1.000000	1.000000	1.000000	1.000000
1.000000	1.000000	1.000000	256.000000	1578.000000	421.000000	464.000000	248.000000	1.000000	1.000000	1.000000	1559.000000	1838.000000	191.000000	1.000000	1.000000	1.000000	1.000000	1.000000	1.000000	1.000000
1.000000	1.000000	1.000000	256.000000	1007.000000	194.000000	162.000000	372.000000	1.000000	1.000000	1.000000	657.000000	1860.000000	1.000000	1.000000	1.000000	1.000000	1.000000	1.000000	1.000000	1.000000
1.000000	1.000000	1.000000	174.000000	232.000000	1.000000	1.000000	355.000000	1.000000	1.000000	1.000000	176.000000	1025.000000	412.000000	1.000000	1.000000	1.000000	1.000000	1.000000	1.000000	1.000000
1.000000	1.000000	1.000000	175.000000	227.000000	1.000000	425.000000	183.000000	371.000000	1.000000	1.000000	1.000000	648.000000	897.000000	1.000000	1.000000	1.000000	1.000000	1.000000	1.000000	1.000000
1.000000	1.000000	1.000000	179.000000	185.000000	1.000000	367.000000	184.000000	371.000000	1.000000	1.000000	1.000000	203.000000	984.000000	1.000000	1.000000	1.000000	1.000000	1.000000	1.000000	1.000000
1.000000	1.000000	1.000000	1.000000	1.000000	1.000000	1.000000	1.000000	199.000000	193.000000	1.000000	1.000000	1.000000	1010.000000	623.000000	1.000000	1.000000	1.000000	1.000000	1.000000	1.000000
1.000000	1.000000	1.000000	1.000000	1.000000	350.000000	331.000000	1.000000	1.000000	194.000000	1.000000	1.000000	1.000000	588.000000	661.000000	1.000000	1.000000	1.000000	1.000000	1.000000	1.000000
1.000000	1.000000	1.000000	1.000000	1.000000	1132.000000	990.000000	1.000000	1.000000	197.000000	205.000000	1.000000	1.000000	199.000000	641.000000	1.000000	164.000000	1.000000	1.000000	1.000000	1.000000
1.000000	1.000000	1.000000	1.000000	1.000000	1098.000000	986.000000	1.000000	1.000000	781.000000	375.000000	1.000000	1.000000	435.000000	448.000000	1.000000	224.000000	1.000000	1.000000	1.000000	1.000000
1.000000	1.000000	1.000000	1.000000	216.000000	1396.000000	189.000000	1.000000	176.000000	1063.000000	565.000000	1.000000	1.000000	768.000000	393.000000	1.000000	253.000000	1.000000	1.000000	1.000000	1.000000
1.000000	1.000000	1.000000	1.000000	217.000000	698.000000	168.000000	1.000000	343.000000	775.000000	185.000000	1.000000	1.000000	358.000000	175.000000	1.000000	178.000000	1.000000	1.000000	1.000000	1.000000
1.000000	1.000000	1.000000	1.000000	1.000000	1.000000	1.000000	1.000000	1.000000	1.000000	1.000000	1.000000	1.000000	1.000000	1.000000	1.000000	1.000000	1.000000	1.000000	1.000000	1.000000
1.000000	1.000000	1.000000	1.000000	1.000000	1.000000	1.000000	1.000000	1.000000	1.000000	1.000000	1.000000	1.000000	1.000000	1.000000	1.000000	1.000000	1.000000	1.000000	1.000000	1.000000
1.000000	1.000000	1.000000	1.000000	1.000000	1.000000	1.000000	1.000000	1.000000	1.000000	1.000000	1.000000	1.000000	1.000000	1.000000	1.000000	1.000000	1.000000	1.000000	1.000000	1.000000
1.000000	1.000000	1.000000	1.000000	1.000000	1.000000	1.000000	1.000000	1.000000	1.000000	1.000000	1.000000	1.000000	1.000000	1.000000	1.000000	1.000000	1.000000	1.000000	1.000000	1.000000
1.000000	1.000000	1.000000	1.000000	1.000000	1.000000	1.000000	1.000000	1.000000	1.000000	1.000000	1.000000	1.000000	1.000000	1.000000	1.000000	1.000000	1.000000	1.000000	1.000000	1.000000
1.000000	1.000000	1.000000	1.000000	1.000000	1.000000	1.000000	1.000000	1.000000	1.000000	1.000000	1.000000	1.000000	1.000000	1.000000	1.000000	1.000000	1.000000	1.000000	1.000000	1.000000
