21 25 0
1.000000	1.000000	236.000000	1.000000	231.000000	1.000000	1.000000	1.000000	1.000000	1.000000	1.000000	201.000000	250.000000	192.000000	1.000000	1.000000	1.000000	1.000000	1.000000	1.000000	1.000000
1.000000	1.000000	1.000000	1.000000	213.000000	1.000000	1.000000	1.000000	1.000000	172.000000	338.000000	170.000000	1.000000	237.000000	457.000000	1.000000	1.000000	1.000000	1.000000	1.000000	1.000000
1.000000	1.000000	1.000000	1.000000	1.000000	221.000000	406.000000	447.000000	226.000000	1.000000	187.000000	186.000000	201.000000	178.000000	469.000000	680.000000	206.000000	1.000000	1.000000	1.000000	1.000000
1.000000	1.000000	1.000000	1.000000	1.000000	1.000000	238.000000	631.000000	622.000000	387.000000	1.000000	206.000000	380.000000	614.000000	468.000000	1237.000000	952.000000	1.000000	1.000000	1.000000	1.000000
1.000000	1.000000	1.000000	1.000000	1.000000	1.000000	1.000000	1.000000	1.000000	1.000000	1.000000	1.000000	212.000000	222.000000	222.000000	255.000000	490.000000	221.000000	207.000000	1.000000	1.000000
1.000000	1.000000	1.000000	1.000000	418.000000	1119.000000	1414.000000	940.000000	432.000000	1.000000	232.000000	1.000000	1.000000	1.000000	1.000000	1.000000	193.000000	1.000000	1.000000	1.000000	1.000000
1.000000	1.000000	1.000000	1.000000	1.000000	235.000000	495.000000	247.000000	1.000000	1.000000	213.000000	1.000000	1.000000	1.000000	694.000000	739.000000	710.000000	1.000000	1.000000	1.000000	1.000000
1.000000	1.000000	1.000000	1.000000	1.000000	1.000000	1.000000	1.000000	1.000000	1.000000	183.000000	1.000000	1.000000	1.000000	488.000000	477.000000	225.000000	1.000000	1.000000	1.000000	1.000000
1.000000	1.000000	1.000000	192.000000	767.000000	793.000000	1255.000000	827.000000	803.000000	169.000000	1.000000	1.000000	190.000000	1.000000	1.000000	1.000000	1.000000	1.000000	1.000000	1.000000	1.000000
1.000000	1.000000	1.000000	1.000000	423.000000	1252.000000	1652.000000	1062.000000	389.000000	1.000000	1.000000	1.000000	790.000000	1257.000000	1125.000000	940.000000	648.000000	203.000000	1.000000	1.000000	1.000000
1.000000	1.000000	1.000000	1.000000	170.000000	228.000000	196.000000	176.000000	1.000000	1.000000	201.000000	234.000000	234.000000	200.000000	808.000000	605.000000	837.000000	199.000000	198.000000	1.000000	1.000000
1.000000	1.000000	1.000000	1.000000	1.000000	1.000000	1.000000	1.000000	1.000000	1.000000	1066.000000	189.000000	1.000000	1.000000	174.000000	1.000000	1.000000	1.000000	1.000000	1.000000	1.000000
1.000000	1.000000	1.000000	1.000000	1.000000	1.000000	1.000000	1.000000	1.000000	1.000000	1.000000	1.000000	1.000000	1.000000	1.000000	1.000000	1.000000	1.000000	1.000000	1.000000	1.000000
1.000000	1.000000	1.000000	1.000000	1.000000	1.000000	551.000000	968.000000	652.000000	714.000000	462.000000	426.000000	582.000000	1.000000	1.000000	1.000000	1.000000	1.000000	1.000000	1.000000	1.000000
1.000000	1.000000	1.000000	1.000000	1.000000	1.000000	608.000000	928.000000	1002.000000	1222.000000	1424.000000	1590.000000	1015.000000	193.000000	1.000000	1.000000	1.000000	1.000000	1.000000	1.000000	1.000000
1.000000	1.000000	1.000000	1.000000	1.000000	1.000000	1.000000	1.000000	1.000000	1.000000	209.000000	458.000000	412.000000	1.000000	1.000000	1.000000	1.000000	1.000000	1.000000	1.000000	1.000000
1.000000	1.000000	1.000000	1.000000	1.000000	207.000000	438.000000	654.000000	468.000000	403.000000	216.000000	216.000000	185.000000	184.000000	178.000000	1.000000	1.000000	1.000000	1.000000	1.000000	1.000000
1.000000	1.000000	1.000000	1.000000	1.000000	202.000000	1390.000000	1386.000000	708.000000	471.000000	407.000000	435.000000	678.000000	1107.000000	219.000000	1.000000	1.000000	1.000000	1.000000	1.000000	1.000000
1.000000	1.000000	1.000000	1.000000	1.000000	1.000000	1.000000	1.000000	1.000000	1.000000	1.000000	416.000000	476.000000	243.000000	1.000000	1.000000	1.000000	1.000000	1.000000	1.000000	1.000000
1.000000	1.000000	1.000000	1.000000	1.000000	1.000000	1.000000	1.000000	1.000000	1.000000	1.000000	1.000000	1.000000	1.000000	1.000000	1.000000	1.000000	1.000000	1.000000	1.000000	1.000000
1.000000	1.000000	1.000000	1.000000	1.000000	1.000000	1.000000	1.000000	1.000000	1.000000	1.000000	1.000000	1.000000	1.000000	1.000000	1.000000	1.000000	1.000000	1.000000	1.000000	1.000000
1.000000	1.000000	1.000000	1.000000	1.000000	1.000000	1.000000	1.000000	1.000000	1.000000	1.000000	1.000000	1.000000	1.000000	1.000000	1.000000	1.000000	1.000000	1.000000	1.000000	1.000000
1.000000	1.000000	1.000000	1.000000	1.000000	1.000000	1.000000	1.000000	1.000000	1.000000	1.000000	1.000000	1.000000	1.000000	1.000000	1.000000	1.000000	1.000000	1.000000	1.000000	1.000000
1.000000	1.000000	1.000000	1.000000	1.000000	1.000000	1.000000	1.000000	1.000000	1.000000	1.000000	1.000000	1.000000	1.000000	1.000000	1.000000	1.000000	1.000000	1.000000	1.000000	1.000000
1.000000	1.000000	1.000000	1.000000	1.000000	1.000000	1.000000	1.000000	1.000000	1.000000	1.000000	1.000000	1.000000	1.000000	1.000000	1.000000	1.000000	1.000000	1.000000	1.000000	1.000000
