21 25 0
1.000000	1.000000	1.000000	1.000000	1.000000	245.000000	463.000000	448.000000	245.000000	1.000000	213.000000	1.000000	1.000000	1.000000	1.000000	1.000000	1.000000	1.000000	1.000000	1.000000	1.000000
1.000000	1.000000	1.000000	1.000000	215.000000	1.000000	653.000000	440.000000	1.000000	1.000000	244.000000	1.000000	1.000000	1.000000	1.000000	1.000000	1.000000	1.000000	1.000000	1.000000	1.000000
1.000000	1.000000	232.000000	1.000000	1.000000	1.000000	1.000000	1.000000	1.000000	1.000000	1.000000	1.000000	1.000000	1.000000	1.000000	1.000000	182.000000	1.000000	1.000000	1.000000	1.000000
1.000000	1.000000	1.000000	192.000000	416.000000	573.000000	740.000000	721.000000	198.000000	168.000000	1.000000	1.000000	1.000000	1.000000	1.000000	1.000000	186.000000	1.000000	1.000000	1.000000	1.000000
1.000000	1.000000	1.000000	1.000000	584.000000	845.000000	1393.000000	1634.000000	1321.000000	793.000000	176.000000	181.000000	181.000000	415.000000	860.000000	254.000000	238.000000	1.000000	1.000000	1.000000	1.000000
1.000000	1.000000	1.000000	1.000000	1.000000	1.000000	239.000000	441.000000	453.000000	384.000000	176.000000	191.000000	772.000000	1413.000000	1436.000000	1260.000000	1193.000000	1.000000	1.000000	1.000000	1.000000
1.000000	1.000000	193.000000	199.000000	577.000000	200.000000	434.000000	419.000000	208.000000	1.000000	1.000000	1.000000	598.000000	432.000000	1.000000	1.000000	257.000000	1.000000	1.000000	1.000000	1.000000
1.000000	1.000000	184.000000	1.000000	672.000000	1433.000000	1830.000000	1302.000000	1.000000	1.000000	1.000000	1.000000	1.000000	179.000000	461.000000	481.000000	470.000000	1.000000	1.000000	1.000000	1.000000
1.000000	1.000000	1.000000	1.000000	1.000000	191.000000	1.000000	1.000000	1.000000	1.000000	1.000000	1.000000	1.000000	1.000000	417.000000	1209.000000	1176.000000	253.000000	1.000000	1.000000	1.000000
1.000000	1.000000	1.000000	1.000000	1.000000	1.000000	1.000000	1.000000	1.000000	1.000000	1.000000	1.000000	1.000000	1.000000	1.000000	1.000000	1.000000	1.000000	1.000000	1.000000	1.000000
1.000000	1.000000	1.000000	1.000000	1.000000	369.000000	369.000000	355.000000	170.000000	1.000000	1.000000	1.000000	1.000000	190.000000	1.000000	1.000000	1.000000	1.000000	1.000000	1.000000	1.000000
1.000000	1.000000	1.000000	1.000000	187.000000	578.000000	1122.000000	767.000000	371.000000	1.000000	1.000000	1.000000	1.000000	824.000000	396.000000	402.000000	215.000000	1.000000	1.000000	1.000000	1.000000
1.000000	1.000000	1.000000	1.000000	1.000000	171.000000	182.000000	176.000000	193.000000	387.000000	664.000000	1124.000000	451.000000	390.000000	414.000000	390.000000	1.000000	199.000000	199.000000	1.000000	1.000000
1.000000	1.000000	1.000000	1.000000	1.000000	1.000000	1.000000	1.000000	191.000000	849.000000	1111.000000	1125.000000	192.000000	1.000000	1.000000	1.000000	1.000000	1.000000	1.000000	1.000000	1.000000
1.000000	1.000000	1.000000	1.000000	1.000000	1.000000	225.000000	223.000000	360.000000	177.000000	1.000000	1.000000	1.000000	1.000000	1.000000	1.000000	1.000000	1.000000	1.000000	1.000000	1.000000
1.000000	1.000000	1.000000	1.000000	1.000000	1.000000	1160.000000	1643.000000	1444.000000	1131.000000	863.000000	923.000000	907.000000	487.000000	1.000000	1.000000	1.000000	1.000000	1.000000	1.000000	1.000000
1.000000	1.000000	1.000000	1.000000	1.000000	1.000000	245.000000	468.000000	740.000000	980.000000	895.000000	936.000000	1357.000000	636.000000	1.000000	1.000000	1.000000	1.000000	1.000000	1.000000	1.000000
1.000000	1.000000	1.000000	1.000000	1.000000	195.000000	194.000000	1.000000	194.000000	445.000000	427.000000	1.000000	1.000000	1.000000	1.000000	1.000000	1.000000	1.000000	1.000000	1.000000	1.000000
1.000000	1.000000	1.000000	1.000000	1.000000	205.000000	406.000000	1.000000	615.000000	680.000000	233.000000	200.000000	1.000000	1.000000	1.000000	1.000000	1.000000	1.000000	1.000000	1.000000	1.000000
1.000000	1.000000	1.000000	1.000000	1.000000	1.000000	1.000000	1.000000	1.000000	1.000000	1.000000	1.000000	1.000000	1.000000	1.000000	1.000000	1.000000	1.000000	1.000000	1.000000	1.000000
1.000000	1.000000	1.000000	1.000000	1.000000	1.000000	1.000000	1.000000	1.000000	1.000000	1.000000	1.000000	1.000000	1.000000	1.000000	1.000000	1.000000	1.000000	1.000000	1.000000	1.000000
1.000000	1.000000	1.000000	1.000000	1.000000	1.000000	1.000000	1.000000	1.000000	1.000000	1.000000	1.000000	1.000000	1.000000	1.000000	1.000000	1.000000	1.000000	1.000000	1.000000	1.000000
1.000000	1.000000	1.000000	1.000000	1.000000	1.000000	1.000000	1.000000	1.000000	1.000000	1.000000	1.000000	1.000000	1.000000	1.000000	1.000000	1.000000	1.000000	1.000000	1.000000	1.000000
1.000000	1.000000	1.000000	1.000000	1.000000	1.000000	1.000000	1.000000	1.000000	1.000000	1.000000	1.000000	1.000000	1.000000	1.000000	1.000000	1.000000	1.000000	1.000000	1.000000	1.000000
1.000000	1.000000	1.000000	1.000000	1.000000	1.000000	1.000000	1.000000	1.000000	1.000000	1.000000	1.000000	1.000000	1.000000	1.000000	1.000000	1.000000	1.000000	1.000000	1.000000	1.000000
