21 25 0
1.000000	1.000000	202.000000	398.000000	200.000000	1.000000	1.000000	1.000000	209.000000	405.000000	1.000000	214.000000	211.000000	1.000000	1.000000	1.000000	1.000000	1.000000	1.000000	208.000000	222.000000
1.000000	1.000000	215.000000	1.000000	1.000000	1.000000	1.000000	1.000000	1.000000	1.000000	1.000000	1.000000	1.000000	1.000000	1.000000	1.000000	1.000000	1.000000	1.000000	201.000000	201.000000
1.000000	1.000000	1.000000	1.000000	1.000000	1.000000	1.000000	1.000000	1.000000	1.000000	1.000000	1.000000	1.000000	1.000000	1.000000	1.000000	1.000000	1.000000	1.000000	1.000000	1.000000
1.000000	1.000000	1.000000	1.000000	1.000000	1.000000	1.000000	1.000000	1.000000	1.000000	1.000000	1.000000	1.000000	1.000000	1.000000	1.000000	1.000000	1.000000	1.000000	1.000000	1.000000
1.000000	1.000000	1.000000	1.000000	1.000000	1.000000	1.000000	1.000000	1.000000	1.000000	1.000000	1.000000	1.000000	1.000000	1.000000	1.000000	1.000000	1.000000	1.000000	1.000000	201.000000
1.000000	1.000000	1.000000	1.000000	1.000000	1.000000	1.000000	1.000000	1.000000	1.000000	1.000000	1.000000	1.000000	1.000000	1.000000	1.000000	1.000000	1.000000	1.000000	1.000000	231.000000
1.000000	1.000000	1.000000	1.000000	1.000000	1.000000	1.000000	217.000000	1.000000	1.000000	1.000000	199.000000	252.000000	244.000000	1.000000	1.000000	1.000000	1.000000	1.000000	1.000000	1.000000
1.000000	228.000000	239.000000	1.000000	1.000000	1.000000	1.000000	1.000000	1.000000	1.000000	209.000000	1134.000000	204.000000	244.000000	1.000000	1.000000	1.000000	1.000000	1.000000	1.000000	1.000000
1.000000	229.000000	449.000000	1.000000	1.000000	241.000000	1.000000	1.000000	1.000000	1.000000	633.000000	1670.000000	213.000000	245.000000	250.000000	1.000000	1.000000	1.000000	1.000000	1.000000	1.000000
1.000000	1.000000	656.000000	1.000000	1.000000	1.000000	1.000000	1.000000	1.000000	1.000000	596.000000	1927.000000	200.000000	1.000000	1.000000	1.000000	1.000000	1.000000	1.000000	1.000000	1.000000
1.000000	1.000000	196.000000	211.000000	224.000000	1.000000	1.000000	1.000000	197.000000	1.000000	1.000000	1826.000000	1.000000	1.000000	1.000000	1.000000	1.000000	1.000000	1.000000	1.000000	217.000000
1.000000	1.000000	1.000000	195.000000	223.000000	1.000000	1.000000	395.000000	397.000000	1.000000	1.000000	1261.000000	241.000000	1.000000	1.000000	1.000000	1.000000	1.000000	1.000000	1.000000	1.000000
1.000000	1.000000	1.000000	1.000000	1.000000	1.000000	1.000000	602.000000	196.000000	1.000000	425.000000	1367.000000	648.000000	1.000000	1.000000	1.000000	1.000000	1.000000	1.000000	1.000000	1.000000
1.000000	1.000000	1.000000	1.000000	1.000000	1.000000	1.000000	401.000000	430.000000	1.000000	426.000000	1417.000000	399.000000	1.000000	1.000000	1.000000	1.000000	1.000000	1.000000	1.000000	1.000000
1.000000	1.000000	1.000000	1.000000	1.000000	199.000000	1.000000	1.000000	906.000000	245.000000	1.000000	474.000000	1.000000	1.000000	1.000000	1.000000	1.000000	1.000000	1.000000	1.000000	204.000000
1.000000	1.000000	1.000000	1.000000	1.000000	1.000000	1.000000	1.000000	682.000000	463.000000	1.000000	234.000000	209.000000	199.000000	1.000000	1.000000	1.000000	1.000000	1.000000	1.000000	219.000000
1.000000	1.000000	1.000000	1.000000	1.000000	1.000000	229.000000	1.000000	1.000000	1.000000	1.000000	235.000000	426.000000	1.000000	1.000000	1.000000	1.000000	1.000000	1.000000	1.000000	1.000000
1.000000	1.000000	1.000000	1.000000	1.000000	1.000000	1.000000	1.000000	1.000000	1.000000	1.000000	1.000000	1.000000	1.000000	1.000000	1.000000	1.000000	1.000000	1.000000	1.000000	1.000000
1.000000	1.000000	1.000000	1.000000	1.000000	1.000000	1.000000	1.000000	1.000000	1.000000	1.000000	1.000000	1.000000	1.000000	1.000000	1.000000	1.000000	1.000000	1.000000	1.000000	1.000000
1.000000	1.000000	1.000000	1.000000	1.000000	1.000000	1.000000	1.000000	1.000000	1.000000	1.000000	1.000000	1.000000	1.000000	1.000000	1.000000	1.000000	1.000000	1.000000	1.000000	1.000000
1.000000	1.000000	1.000000	1.000000	1.000000	1.000000	1.000000	1.000000	1.000000	1.000000	1.000000	1.000000	1.000000	1.000000	1.000000	1.000000	1.000000	1.000000	1.000000	1.000000	1.000000
1.000000	1.000000	1.000000	1.000000	1.000000	1.000000	1.000000	1.000000	1.000000	1.000000	1.000000	1.000000	1.000000	1.000000	1.000000	1.000000	1.000000	1.000000	1.000000	1.000000	1.000000
1.000000	1.000000	1.000000	1.000000	1.000000	1.000000	1.000000	1.000000	1.000000	1.000000	1.000000	1.000000	1.000000	1.000000	1.000000	1.000000	1.000000	1.000000	1.000000	1.000000	1.000000
1.000000	1.000000	1.000000	1.000000	1.000000	1.000000	1.000000	1.000000	1.000000	1.000000	1.000000	1.000000	1.000000	1.000000	1.000000	1.000000	1.000000	1.000000	1.000000	1.000000	1.000000
1.000000	1.000000	1.000000	1.000000	1.000000	1.000000	1.000000	1.000000	1.000000	1.000000	1.000000	1.000000	1.000000	1.000000	1.000000	1.000000	1.000000	1.000000	1.000000	1.000000	1.000000
