21 25 0
1.000000	1.000000	1.000000	1.000000	1.000000	1.000000	1.000000	1.000000	1.000000	1.000000	187.000000	186.000000	186.000000	187.000000	1.000000	1.000000	1.000000	1.000000	1.000000	1.000000	1.000000
1.000000	1.000000	1.000000	1.000000	1.000000	1.000000	1.000000	1.000000	1.000000	1.000000	1.000000	1.000000	1.000000	1.000000	1.000000	1.000000	1.000000	1.000000	1.000000	225.000000	228.000000
1.000000	1.000000	1.000000	1.000000	1.000000	1.000000	1.000000	1.000000	1.000000	1.000000	1.000000	1.000000	1.000000	1.000000	1.000000	1.000000	1.000000	1.000000	1.000000	1.000000	1.000000
1.000000	1.000000	1.000000	1.000000	1.000000	1.000000	1.000000	1.000000	1.000000	1.000000	1.000000	1.000000	1.000000	1.000000	1.000000	1.000000	1.000000	1.000000	1.000000	1.000000	1.000000
1.000000	1.000000	1.000000	1.000000	242.000000	700.000000	655.000000	1.000000	1.000000	1.000000	1.000000	1.000000	229.000000	1.000000	210.000000	703.000000	712.000000	209.000000	1.000000	1.000000	1.000000
1.000000	1.000000	232.000000	415.000000	642.000000	678.000000	664.000000	1082.000000	422.000000	407.000000	1.000000	391.000000	686.000000	671.000000	509.000000	497.000000	250.000000	205.000000	1.000000	1.000000	230.000000
1.000000	1.000000	219.000000	1.000000	1.000000	1.000000	445.000000	439.000000	192.000000	1.000000	1.000000	1.000000	1.000000	1.000000	1.000000	1.000000	1.000000	1.000000	1.000000	1.000000	233.000000
1.000000	1.000000	1.000000	1.000000	1.000000	233.000000	1.000000	1.000000	1.000000	1.000000	1.000000	1.000000	237.000000	236.000000	1.000000	1.000000	229.000000	1.000000	1.000000	1.000000	1.000000
1.000000	1.000000	215.000000	213.000000	666.000000	683.000000	721.000000	968.000000	743.000000	207.000000	842.000000	1066.000000	1344.000000	1407.000000	1417.000000	474.000000	466.000000	449.000000	1.000000	1.000000	1.000000
1.000000	1.000000	712.000000	687.000000	889.000000	917.000000	721.000000	1158.000000	896.000000	676.000000	1193.000000	916.000000	645.000000	934.000000	704.000000	450.000000	216.000000	419.000000	214.000000	1.000000	1.000000
1.000000	1.000000	1.000000	226.000000	223.000000	1.000000	660.000000	700.000000	219.000000	1.000000	1.000000	1.000000	1.000000	650.000000	864.000000	210.000000	215.000000	200.000000	1.000000	1.000000	1.000000
1.000000	1.000000	1.000000	1.000000	203.000000	788.000000	632.000000	399.000000	1.000000	410.000000	477.000000	217.000000	210.000000	1.000000	832.000000	427.000000	399.000000	1.000000	1.000000	1.000000	1.000000
1.000000	1.000000	1.000000	1.000000	1.000000	1.000000	1.000000	1.000000	1.000000	199.000000	977.000000	1.000000	1.000000	1.000000	1.000000	1.000000	1.000000	1.000000	1.000000	1.000000	1.000000
1.000000	1.000000	1.000000	1.000000	1.000000	1.000000	1.000000	189.000000	193.000000	1.000000	1.000000	1.000000	1.000000	404.000000	207.000000	1.000000	1.000000	1.000000	1.000000	1.000000	1.000000
1.000000	1.000000	1.000000	1.000000	1.000000	1.000000	202.000000	426.000000	1121.000000	746.000000	744.000000	704.000000	678.000000	402.000000	196.000000	1.000000	1.000000	1.000000	1.000000	1.000000	1.000000
1.000000	1.000000	1.000000	1.000000	1.000000	1.000000	1.000000	1.000000	250.000000	937.000000	1076.000000	836.000000	228.000000	1.000000	1.000000	1.000000	1.000000	1.000000	1.000000	1.000000	1.000000
1.000000	1.000000	1.000000	1.000000	1.000000	1.000000	1.000000	1.000000	1.000000	885.000000	818.000000	405.000000	1.000000	1.000000	1.000000	1.000000	1.000000	1.000000	1.000000	1.000000	1.000000
1.000000	1.000000	1.000000	1.000000	1.000000	1.000000	1.000000	1.000000	1.000000	1.000000	1.000000	1.000000	1.000000	1.000000	1.000000	1.000000	1.000000	1.000000	1.000000	1.000000	1.000000
1.000000	1.000000	1.000000	1.000000	1.000000	1.000000	1.000000	1.000000	1.000000	1.000000	1.000000	1.000000	1.000000	1.000000	1.000000	1.000000	1.000000	1.000000	1.000000	1.000000	1.000000
1.000000	1.000000	1.000000	1.000000	1.000000	1.000000	1.000000	1.000000	1.000000	1.000000	1.000000	1.000000	1.000000	1.000000	1.000000	1.000000	1.000000	1.000000	1.000000	1.000000	1.000000
1.000000	1.000000	1.000000	1.000000	1.000000	1.000000	1.000000	1.000000	1.000000	1.000000	1.000000	1.000000	1.000000	1.000000	1.000000	1.000000	1.000000	1.000000	1.000000	1.000000	1.000000
1.000000	1.000000	1.000000	1.000000	1.000000	1.000000	1.000000	1.000000	1.000000	1.000000	1.000000	1.000000	1.000000	1.000000	1.000000	1.000000	1.000000	1.000000	1.000000	1.000000	1.000000
1.000000	1.000000	1.000000	1.000000	1.000000	1.000000	1.000000	1.000000	1.000000	1.000000	1.000000	1.000000	1.000000	1.000000	1.000000	1.000000	1.000000	1.000000	1.000000	1.000000	1.000000
1.000000	1.000000	1.000000	1.000000	1.000000	1.000000	1.000000	1.000000	1.000000	1.000000	1.000000	1.000000	1.000000	1.000000	1.000000	1.000000	1.000000	1.000000	1.000000	1.000000	1.000000
1.000000	1.000000	1.000000	1.000000	1.000000	1.000000	1.000000	1.000000	1.000000	1.000000	1.000000	1.000000	1.000000	1.000000	1.000000	1.000000	1.000000	1.000000	1.000000	1.000000	1.000000
