21 25 0
1.000000	1.000000	1.000000	1.000000	1.000000	206.000000	198.000000	219.000000	634.000000	655.000000	664.000000	437.000000	202.000000	1.000000	1.000000	1.000000	1.000000	1.000000	1.000000	1.000000	1.000000
1.000000	1.000000	192.000000	192.000000	191.000000	202.000000	1.000000	819.000000	827.000000	408.000000	409.000000	419.000000	402.000000	411.000000	406.000000	1.000000	1.000000	1.000000	1.000000	1.000000	1.000000
1.000000	1.000000	194.000000	1.000000	1.000000	1.000000	1.000000	1.000000	1.000000	1.000000	1.000000	1.000000	1.000000	1.000000	1.000000	1.000000	1.000000	1.000000	1.000000	1.000000	1.000000
1.000000	1.000000	1.000000	1.000000	1.000000	1.000000	1.000000	1.000000	1.000000	1.000000	1.000000	1.000000	1.000000	1.000000	1.000000	1.000000	1.000000	1.000000	1.000000	208.000000	230.000000
1.000000	1.000000	1.000000	1.000000	1.000000	1.000000	1.000000	1.000000	1.000000	1.000000	1.000000	1.000000	1.000000	1.000000	1.000000	1.000000	1.000000	1.000000	1.000000	1.000000	223.000000
1.000000	1.000000	1.000000	1.000000	215.000000	238.000000	1.000000	1.000000	1.000000	1.000000	1.000000	1.000000	237.000000	238.000000	1.000000	235.000000	477.000000	1.000000	1.000000	1.000000	1.000000
1.000000	1.000000	194.000000	214.000000	679.000000	957.000000	989.000000	749.000000	751.000000	198.000000	1.000000	448.000000	1157.000000	1463.000000	1464.000000	1188.000000	952.000000	435.000000	1.000000	1.000000	1.000000
1.000000	214.000000	491.000000	714.000000	949.000000	981.000000	998.000000	1238.000000	1587.000000	880.000000	389.000000	909.000000	1212.000000	1231.000000	1008.000000	711.000000	502.000000	444.000000	205.000000	1.000000	1.000000
1.000000	1.000000	446.000000	446.000000	220.000000	224.000000	463.000000	489.000000	430.000000	1.000000	1.000000	1.000000	1.000000	1.000000	1.000000	1.000000	1.000000	1.000000	1.000000	1.000000	1.000000
1.000000	1.000000	1.000000	1.000000	1.000000	1.000000	1.000000	1.000000	1.000000	1.000000	1.000000	1.000000	1.000000	1.000000	1.000000	1.000000	1.000000	1.000000	1.000000	1.000000	1.000000
1.000000	215.000000	1.000000	1.000000	1.000000	1.000000	1.000000	1.000000	1.000000	197.000000	1.000000	1.000000	1.000000	1.000000	1.000000	1.000000	1.000000	1.000000	1.000000	1.000000	1.000000
1.000000	200.000000	428.000000	1.000000	1.000000	1.000000	216.000000	226.000000	1.000000	1.000000	1.000000	1.000000	1.000000	420.000000	433.000000	1.000000	1.000000	1.000000	1.000000	1.000000	1.000000
1.000000	1.000000	1.000000	1.000000	201.000000	411.000000	656.000000	632.000000	677.000000	718.000000	712.000000	678.000000	675.000000	869.000000	1109.000000	634.000000	1.000000	198.000000	1.000000	1.000000	1.000000
1.000000	1.000000	1.000000	1.000000	589.000000	402.000000	191.000000	1.000000	941.000000	1571.000000	1837.000000	1573.000000	227.000000	1.000000	1.000000	1.000000	1.000000	202.000000	198.000000	1.000000	1.000000
1.000000	1.000000	1.000000	1.000000	1.000000	1.000000	220.000000	1.000000	1.000000	464.000000	925.000000	666.000000	1.000000	1.000000	212.000000	1.000000	1.000000	1.000000	1.000000	1.000000	1.000000
1.000000	1.000000	1.000000	1.000000	1.000000	1.000000	226.000000	666.000000	465.000000	457.000000	440.000000	218.000000	234.000000	652.000000	865.000000	207.000000	1.000000	1.000000	1.000000	1.000000	1.000000
1.000000	1.000000	1.000000	1.000000	1.000000	1.000000	1.000000	426.000000	873.000000	253.000000	227.000000	250.000000	208.000000	1.000000	1.000000	1.000000	1.000000	1.000000	1.000000	197.000000	1.000000
1.000000	1.000000	1.000000	1.000000	1.000000	1.000000	1.000000	1.000000	1.000000	1.000000	1.000000	1.000000	1.000000	1.000000	1.000000	1.000000	1.000000	1.000000	1.000000	1.000000	1.000000
1.000000	1.000000	1.000000	1.000000	1.000000	1.000000	1.000000	1.000000	1.000000	1.000000	1.000000	1.000000	1.000000	1.000000	1.000000	1.000000	1.000000	1.000000	1.000000	1.000000	1.000000
1.000000	1.000000	1.000000	1.000000	1.000000	1.000000	1.000000	1.000000	1.000000	1.000000	1.000000	1.000000	1.000000	1.000000	1.000000	1.000000	1.000000	1.000000	1.000000	1.000000	1.000000
1.000000	1.000000	1.000000	1.000000	1.000000	1.000000	1.000000	1.000000	1.000000	1.000000	1.000000	1.000000	1.000000	1.000000	1.000000	1.000000	1.000000	1.000000	1.000000	1.000000	1.000000
1.000000	1.000000	1.000000	1.000000	1.000000	1.000000	1.000000	1.000000	1.000000	1.000000	1.000000	1.000000	1.000000	1.000000	1.000000	1.000000	1.000000	1.000000	1.000000	1.000000	1.000000
1.000000	1.000000	1.000000	1.000000	1.000000	1.000000	1.000000	1.000000	1.000000	1.000000	1.000000	1.000000	1.000000	1.000000	1.000000	1.000000	1.000000	1.000000	1.000000	1.000000	1.000000
1.000000	1.000000	1.000000	1.000000	1.000000	1.000000	1.000000	1.000000	1.000000	1.000000	1.000000	1.000000	1.000000	1.000000	1.000000	1.000000	1.000000	1.000000	1.000000	1.000000	1.000000
1.000000	1.000000	1.000000	1.000000	1.000000	1.000000	1.000000	1.000000	1.000000	1.000000	1.000000	1.000000	1.000000	1.000000	1.000000	1.000000	1.000000	1.000000	1.000000	1.000000	1.000000
