92	112
39	44	53	37	61	48	61	45	35	40	40	39	55	84	110	96	73	72	86	103	86	88	82	77	75	88	90	123	91	94	103	105	101	97	109	108	111	120	125	131	127	139	144	127	131	127	125	128	127	127	127	127	120	112	112	106	100	107	111	108	109	83	76	84	98	92	94	91	82	82	80	82	79	65	59	40	44	55	55	57	72	61	60	38	35	34	46	47	46	47	48	47
44	44	61	51	60	50	65	43	40	40	44	53	57	76	105	87	82	82	84	94	98	95	103	106	109	113	114	121	112	99	104	105	104	104	108	108	113	123	129	130	133	148	152	142	138	133	134	138	143	139	144	144	135	127	129	132	126	117	125	110	107	99	83	76	87	99	98	95	95	87	80	80	73	75	64	50	45	50	72	63	73	64	60	42	37	36	48	48	48	47	45	46
59	39	57	56	49	62	61	57	46	42	50	62	67	96	92	77	80	89	97	108	114	112	116	134	129	132	134	129	119	118	108	109	114	109	107	120	131	147	142	137	137	153	146	152	145	146	150	151	153	160	158	158	152	147	150	140	147	138	135	134	126	109	82	91	89	102	101	97	93	98	76	79	65	77	69	72	72	69	75	62	53	71	59	49	46	36	42	46	48	46	46	44
54	44	69	44	47	66	54	62	63	59	61	67	76	104	100	87	91	108	114	118	128	136	137	141	144	147	148	143	136	130	117	117	127	124	125	138	145	157	160	149	148	158	161	157	159	157	158	163	166	165	163	160	162	156	153	151	145	149	148	146	148	138	99	87	105	104	88	86	88	97	83	76	69	69	54	57	68	65	58	56	48	42	62	54	51	47	41	48	44	45	43	42
62	52	37	56	57	59	56	76	77	71	72	86	90	113	98	102	118	123	132	141	144	152	154	148	150	155	153	149	146	143	137	134	141	133	136	146	153	160	166	162	156	155	161	166	164	166	162	164	168	167	164	165	166	162	157	154	149	141	151	150	154	151	137	93	106	101	92	91	98	98	91	79	72	70	62	60	72	61	46	37	39	46	50	54	55	43	46	51	47	44	47	42
69	52	41	52	63	67	52	71	77	82	88	89	110	110	112	129	132	139	145	154	154	154	153	157	154	157	155	154	151	152	147	149	154	146	150	158	160	164	168	166	161	155	155	160	160	164	163	165	167	166	165	164	162	161	155	151	153	149	146	147	144	151	150	128	108	92	91	98	93	105	97	90	78	79	67	69	75	79	44	38	41	44	56	45	55	45	43	50	45	44	47	44
74	69	40	47	49	52	53	63	80	89	95	93	118	111	131	140	140	147	149	153	155	156	154	156	156	151	154	157	159	154	152	156	157	150	155	161	163	163	166	165	164	156	159	158	162	160	164	162	167	162	163	165	161	161	152	154	154	151	149	146	145	148	147	142	127	94	79	88	100	107	109	104	93	81	71	75	72	68	61	45	42	45	48	37	53	46	38	49	49	44	46	44
61	85	74	51	51	56	47	58	78	97	97	98	128	131	143	139	146	153	149	154	153	156	155	157	158	156	156	160	162	157	160	162	158	159	161	163	161	164	165	167	164	159	163	159	164	161	163	163	163	162	161	162	163	162	160	160	156	154	151	147	144	147	148	146	135	114	96	100	110	115	122	121	109	88	80	70	70	62	58	51	40	52	45	45	41	40	38	46	48	46	44	46
44	66	62	65	63	56	58	68	68	87	100	119	135	143	148	138	147	147	145	150	153	153	155	154	154	153	155	161	162	159	158	160	160	161	163	164	164	163	170	170	166	173	171	167	164	167	166	162	165	160	165	165	165	163	160	163	155	156	156	152	151	152	143	148	144	126	124	120	128	129	135	126	119	100	87	80	62	69	60	53	44	47	50	57	35	41	43	49	48	47	43	46
47	48	64	69	60	58	58	91	110	117	125	136	142	144	149	139	147	147	147	151	149	151	153	152	153	152	155	159	159	158	158	161	162	161	162	164	168	165	165	169	167	176	176	175	171	166	170	164	162	160	162	169	164	165	164	163	160	159	157	156	157	151	147	149	145	134	138	140	143	142	138	137	116	93	92	75	71	74	67	64	41	62	55	51	44	57	45	43	47	46	47	42
41	51	61	62	82	62	70	86	117	130	139	140	143	144	148	142	148	150	146	151	149	155	152	149	151	155	152	156	153	157	159	162	159	158	160	165	166	162	166	167	168	175	180	176	173	172	172	171	165	164	166	169	166	161	164	162	165	161	160	161	158	155	145	145	147	139	140	146	149	153	144	132	129	105	88	78	65	80	71	62	46	55	55	44	61	74	44	45	49	48	43	47
35	50	49	59	70	78	74	81	114	133	140	146	140	143	143	142	150	149	151	149	153	156	152	156	153	153	153	155	152	156	161	162	158	160	159	164	167	165	168	174	178	180	181	181	175	174	172	174	174	170	170	167	164	167	165	166	167	162	158	159	163	159	151	150	146	150	150	156	154	154	154	132	127	114	96	80	69	68	68	63	52	57	45	47	75	76	43	45	49	48	44	47
32	44	49	63	67	85	69	87	115	132	142	145	146	140	147	146	149	149	151	150	153	156	155	154	152	155	156	158	155	157	164	162	163	162	166	163	173	169	180	181	183	182	185	178	178	172	171	172	174	173	166	167	161	166	165	167	167	168	162	161	165	161	163	157	152	156	158	156	159	157	154	146	127	111	103	82	74	71	60	60	56	44	45	46	53	60	44	49	48	46	47	46
44	49	48	70	78	79	84	92	110	130	143	147	144	145	150	144	153	147	153	154	155	154	158	155	155	151	156	157	159	159	163	161	169	169	168	180	181	177	187	202	197	200	196	184	186	177	172	173	171	175	170	169	165	164	167	166	169	168	168	165	168	168	162	164	161	156	161	160	159	158	151	144	132	110	95	98	76	72	85	70	65	48	45	41	41	40	44	49	49	45	46	47
44	55	55	64	73	80	96	91	109	132	139	148	149	143	149	146	150	150	156	158	155	157	158	161	159	155	152	158	161	165	160	171	168	177	174	185	185	187	191	200	202	208	203	193	193	179	174	177	173	176	170	174	170	169	166	167	170	170	167	168	171	167	168	167	164	164	159	163	161	161	150	144	132	118	96	88	81	61	86	84	75	50	48	53	38	33	47	48	49	47	47	44
45	50	62	63	63	82	86	95	111	128	142	146	147	150	146	147	151	150	155	159	156	158	162	161	165	157	157	159	163	165	170	172	186	180	183	190	188	199	195	202	203	208	200	199	194	182	182	175	177	172	172	174	170	170	167	169	169	171	170	170	169	162	169	168	164	165	166	160	164	160	155	153	130	112	107	89	72	68	73	74	67	40	60	56	39	36	50	46	49	46	46	46
42	54	61	61	74	89	94	100	112	131	147	148	150	152	150	153	152	154	159	157	159	163	167	166	165	166	162	162	167	163	178	177	188	185	185	192	196	195	203	207	202	208	202	196	197	186	178	175	177	172	169	171	171	175	173	168	170	172	170	170	168	167	167	168	164	167	167	167	164	157	157	152	138	116	104	96	71	58	69	74	60	38	59	54	36	41	50	50	49	47	46	48
28	48	62	59	85	107	105	107	113	134	146	149	151	151	155	153	155	158	159	164	162	167	167	166	167	165	166	164	168	166	175	176	192	182	186	191	200	208	200	204	209	213	207	193	190	191	183	173	174	175	171	170	169	169	173	171	171	171	173	173	169	167	166	169	166	165	165	172	165	161	154	149	141	123	103	96	68	75	74	74	41	43	42	48	42	35	47	53	45	47	46	51
36	42	55	60	80	98	100	99	115	135	147	150	150	154	154	153	157	165	157	163	163	166	168	168	169	167	165	165	171	170	173	178	183	188	184	196	196	205	203	204	208	211	204	194	197	189	187	180	170	171	174	170	173	167	170	171	170	169	174	175	169	169	165	169	169	166	166	168	166	161	158	148	134	132	109	93	74	85	73	81	51	42	42	50	39	38	44	53	46	46	48	48
43	47	54	71	87	91	85	104	114	132	144	149	153	156	155	155	160	161	159	164	168	166	169	169	170	169	166	167	175	176	176	173	189	191	186	202	195	207	196	203	206	205	199	200	190	191	182	183	174	174	176	174	173	170	173	169	169	168	170	173	170	170	170	167	171	169	165	168	162	162	155	150	135	126	112	98	85	82	74	54	55	53	52	49	40	47	41	50	49	47	46	48
56	50	71	74	81	83	94	108	115	128	141	150	156	159	160	160	161	162	164	165	167	169	170	172	171	169	170	169	170	177	182	174	186	188	188	200	204	204	203	200	203	203	190	196	190	188	186	173	180	175	174	173	168	170	173	170	171	168	170	169	170	171	168	168	170	168	165	165	163	159	154	149	136	123	112	94	83	79	68	59	49	55	50	41	48	39	48	47	49	48	46	48
45	65	74	78	77	85	101	105	110	126	143	151	159	159	162	160	164	162	164	168	168	171	172	169	172	171	172	169	171	173	184	182	179	189	192	192	204	197	201	198	199	197	196	199	189	189	183	177	179	176	174	175	170	170	173	173	169	171	168	168	165	172	172	167	168	170	165	170	168	158	156	151	134	127	115	95	82	84	76	58	61	37	60	53	48	47	46	45	50	48	48	48
46	55	53	78	77	90	95	97	111	126	137	153	158	160	162	163	164	167	159	170	167	172	171	169	172	170	171	172	170	173	176	182	180	186	184	194	199	200	194	198	201	201	203	198	195	184	182	179	182	173	171	170	170	171	171	171	171	171	169	167	167	171	170	167	169	167	167	167	165	160	153	155	143	127	116	101	89	79	71	60	59	44	53	48	50	53	46	47	46	48	47	46
50	40	62	62	91	86	96	103	108	121	142	150	162	161	163	162	163	169	163	171	170	171	171	172	173	173	172	172	172	174	176	181	181	186	190	196	198	206	197	202	202	203	201	201	203	182	179	181	180	177	171	171	171	172	167	171	172	171	171	170	168	172	169	170	166	169	166	165	166	160	155	152	144	136	116	103	97	86	65	53	62	51	40	45	50	50	50	46	48	47	46	50
41	45	66	79	79	93	109	115	118	135	147	151	163	163	166	166	166	170	170	173	171	169	171	167	175	177	173	173	173	176	178	181	181	183	187	197	199	203	191	198	202	207	201	203	198	185	182	185	177	168	171	174	175	171	167	169	172	172	173	169	168	175	170	169	170	168	167	168	165	158	153	154	144	134	126	102	93	84	75	60	53	48	41	43	55	52	48	45	48	46	47	46
40	57	71	69	69	89	97	117	127	143	149	155	163	163	167	170	170	170	172	168	171	171	169	175	171	173	172	175	171	174	174	174	182	184	187	196	201	201	199	199	202	203	201	202	194	188	188	180	178	171	168	172	171	171	170	171	171	172	176	170	173	171	173	170	172	170	168	167	167	160	153	154	150	137	124	110	93	90	72	84	40	44	42	45	55	52	49	46	48	46	48	45
63	51	53	61	85	98	103	110	124	138	151	157	169	166	167	172	169	166	173	166	171	171	166	176	174	174	174	175	173	174	168	177	179	187	188	193	203	199	208	204	205	202	196	204	194	190	185	184	182	177	170	174	169	171	169	170	171	170	173	172	172	172	170	172	173	171	171	166	163	160	153	154	149	142	122	118	92	93	74	72	35	44	45	58	51	47	48	50	49	49	51	46
55	42	42	67	85	104	107	116	129	138	154	159	169	169	169	171	171	171	168	171	173	168	167	173	173	178	174	177	175	174	172	180	179	186	189	191	197	206	202	205	207	202	200	196	191	185	183	185	181	180	171	172	171	175	169	171	172	174	173	175	172	171	172	173	174	172	169	171	163	163	155	152	151	145	131	111	92	86	82	52	46	37	48	60	52	48	50	49	47	46	51	47
40	44	47	65	90	104	115	120	127	140	156	163	169	167	168	170	172	171	171	172	172	170	170	169	170	175	174	175	173	171	172	182	184	181	189	189	191	200	192	197	202	199	197	197	187	188	181	184	185	177	173	172	173	172	167	174	174	175	173	173	173	170	176	171	175	173	170	169	165	165	155	151	152	140	141	117	91	79	86	44	54	44	49	56	45	71	47	49	47	49	47	47
33	45	36	68	77	97	112	122	135	145	160	167	165	170	170	168	170	171	171	173	174	170	173	172	172	177	173	173	172	170	173	181	179	180	198	197	190	189	188	187	193	196	199	197	193	196	192	179	183	178	170	173	170	173	172	174	171	173	175	175	176	174	176	176	173	173	169	171	167	160	157	153	150	140	137	126	91	83	77	37	49	44	56	60	55	59	71	45	49	49	47	50
32	37	47	53	77	92	118	122	134	145	161	162	167	168	171	171	172	170	171	176	174	174	171	175	176	177	177	179	173	174	176	183	184	182	189	198	193	199	199	199	191	200	196	191	192	195	182	179	180	177	175	176	177	175	173	173	179	175	176	174	175	174	175	176	174	172	169	176	167	162	160	153	153	145	133	133	96	76	60	37	42	58	66	61	56	45	70	57	49	47	47	48
27	52	54	58	75	92	111	123	145	156	162	163	164	166	170	169	174	173	175	176	176	180	175	177	177	176	178	178	181	173	175	182	184	181	188	189	196	188	195	193	192	188	190	197	190	197	187	177	183	175	173	177	175	176	172	177	179	175	178	177	176	179	172	172	173	176	174	172	168	165	160	156	152	147	129	135	99	72	50	36	50	77	66	63	47	56	68	70	49	49	47	46
40	42	75	67	67	79	94	122	151	160	159	163	161	165	169	171	173	172	176	176	174	177	172	176	176	177	181	176	180	180	175	177	176	182	181	186	190	189	183	180	187	185	187	191	188	186	193	179	183	179	173	173	177	178	176	176	178	177	174	177	175	177	172	171	174	176	178	172	169	164	158	156	151	145	132	133	108	69	46	42	48	74	65	57	72	131	135	117	64	47	48	50
47	28	92	81	55	73	98	129	154	161	158	164	159	166	169	167	170	171	175	176	176	176	173	176	175	177	178	176	178	182	178	179	178	183	180	188	187	188	180	185	191	192	192	182	187	187	190	182	185	182	176	176	177	177	174	174	175	173	173	173	174	172	174	175	173	175	177	176	169	169	161	157	149	146	139	133	121	76	40	47	68	72	55	58	110	157	159	150	139	53	48	48
43	26	89	76	42	61	84	130	158	160	159	163	160	162	168	167	167	172	172	177	174	177	179	179	179	180	176	174	176	177	175	179	177	180	186	185	187	180	187	180	182	184	180	185	182	187	187	183	180	180	177	172	174	171	173	168	171	170	173	172	170	166	172	173	175	173	171	174	171	172	166	158	154	143	145	137	127	84	60	49	70	67	47	82	132	161	160	152	167	113	38	47
48	35	59	65	43	57	65	127	154	158	158	159	159	161	163	166	166	171	173	176	175	174	179	180	181	182	177	176	178	176	178	180	180	179	183	184	184	184	179	182	177	179	176	180	179	182	185	183	179	176	175	173	173	173	171	165	170	170	170	171	171	160	173	169	172	171	166	168	168	171	170	159	157	144	143	141	138	91	83	55	75	56	70	118	155	170	147	150	143	175	44	45
53	42	51	64	52	49	74	122	150	152	156	157	156	159	160	166	170	169	174	173	173	173	179	175	178	181	180	178	174	176	175	174	182	177	179	183	178	183	174	175	175	174	175	177	177	176	178	174	178	172	173	173	171	171	171	168	173	172	172	168	168	162	164	169	157	161	154	155	162	162	161	161	159	145	145	143	147	104	82	54	75	70	96	149	170	165	124	155	142	179	105	34
111	67	45	79	58	39	81	123	150	152	151	157	152	161	162	166	168	167	168	173	173	174	177	174	170	177	177	177	177	178	175	175	178	178	178	179	178	179	175	175	175	174	174	174	175	178	176	175	177	172	173	176	173	171	178	170	170	166	163	160	158	152	156	153	154	151	151	148	163	154	152	152	154	147	146	145	143	129	77	51	55	83	122	163	168	143	145	138	165	134	181	38
127	110	61	60	43	43	82	125	148	148	150	154	154	161	163	166	164	157	163	171	173	171	176	175	167	176	174	175	177	177	175	173	177	174	175	173	177	178	176	176	177	173	171	173	177	174	176	175	174	173	171	179	170	170	170	155	150	143	138	139	134	142	137	140	144	150	142	136	142	143	147	146	151	142	140	147	141	145	94	56	59	100	153	171	131	158	170	139	154	124	186	100
147	142	90	55	36	46	83	123	147	148	147	150	157	162	163	165	152	149	162	170	169	170	169	174	167	169	174	171	178	175	172	172	177	173	175	175	176	176	175	180	177	171	174	177	177	177	181	179	175	166	172	175	163	151	139	130	125	118	121	122	118	118	127	136	137	143	143	146	147	137	140	144	139	140	138	146	144	149	106	67	77	127	173	132	132	167	172	156	143	124	155	165
166	165	136	71	54	55	92	112	148	148	145	150	161	161	162	157	146	148	158	163	164	161	166	166	162	160	168	167	168	166	167	175	173	172	179	175	177	179	174	178	175	172	174	178	174	181	183	182	175	168	169	157	144	129	115	112	105	105	113	115	115	119	121	138	149	153	159	166	163	156	144	139	136	140	137	146	146	147	124	71	108	145	169	110	156	170	166	164	138	126	138	189
174	183	174	133	98	66	89	112	149	147	146	150	158	156	158	153	149	147	153	155	159	152	148	148	142	141	140	144	153	151	154	169	169	170	174	169	176	179	179	176	176	174	178	173	177	180	183	176	176	166	167	149	141	126	123	114	116	115	126	140	145	146	145	150	161	165	165	174	176	169	157	146	137	137	139	146	148	144	140	88	133	160	143	122	168	174	162	167	144	122	123	194
160	180	189	176	145	95	88	117	147	149	147	154	150	151	156	160	154	155	150	146	157	143	130	128	123	126	126	128	131	145	143	155	159	169	167	165	175	176	181	178	179	174	177	165	177	179	180	174	169	161	158	151	138	130	131	137	131	127	124	117	119	114	122	127	129	142	146	148	155	160	157	148	140	142	140	149	149	146	142	121	139	159	148	158	179	171	166	167	158	123	124	186
179	148	170	193	184	143	78	122	148	147	143	147	147	149	148	148	159	157	147	138	146	128	122	115	109	112	111	122	122	136	132	143	152	165	157	160	169	175	177	178	181	179	172	167	172	180	180	174	169	161	150	154	148	142	135	113	90	108	108	68	143	112	57	72	52	106	117	82	118	145	152	151	141	142	147	150	149	145	145	130	143	129	122	161	167	164	160	170	169	133	125	186
175	167	121	172	199	178	81	125	151	150	144	145	139	149	148	155	161	165	154	146	138	142	138	135	139	128	129	129	131	134	134	147	149	148	152	164	160	168	173	181	179	172	172	172	163	180	186	181	174	167	161	154	149	122	110	94	121	174	139	75	70	124	18	88	52	137	168	115	73	100	133	147	144	149	152	150	151	148	146	134	145	86	78	94	122	146	152	162	176	141	133	178
167	169	174	125	190	192	100	132	151	153	149	142	143	153	162	172	182	178	173	166	163	157	156	151	152	138	124	105	106	107	116	133	148	152	158	169	169	176	185	190	181	170	172	169	165	172	183	176	174	171	162	154	121	98	119	132	154	184	170	88	102	96	56	143	76	166	188	129	114	102	110	142	152	161	161	153	153	151	147	142	132	67	110	126	107	123	142	152	172	146	148	165
170	172	181	165	162	195	154	129	150	154	158	147	154	160	172	186	188	176	169	164	160	147	123	99	119	78	92	53	103	99	85	85	113	137	146	168	169	187	196	199	182	172	177	178	167	165	172	170	169	169	159	158	101	151	165	141	158	178	189	130	103	102	61	156	174	187	165	139	138	116	128	137	163	165	166	155	155	153	148	141	140	67	126	147	125	122	129	146	174	149	161	135
179	181	191	192	165	171	167	136	149	155	162	154	157	164	172	174	175	154	135	118	133	115	68	82	46	75	85	72	114	162	120	93	111	107	146	165	172	184	191	198	185	172	177	182	172	163	162	164	158	157	163	141	111	139	135	136	155	171	187	188	164	137	120	156	188	165	146	141	140	121	125	132	161	168	163	160	159	155	149	140	145	93	122	178	135	125	135	142	176	146	175	94
170	169	168	151	108	86	175	135	153	159	163	168	161	169	172	163	139	94	125	152	178	166	86	96	73	68	99	85	135	178	140	159	153	117	134	182	165	172	181	188	181	171	176	184	170	164	160	157	157	148	154	143	134	138	124	123	139	152	184	178	175	166	159	153	150	143	141	145	137	136	136	138	152	167	165	162	160	158	149	140	137	132	116	173	139	130	136	147	176	148	169	67
160	153	133	112	120	82	141	138	153	161	165	171	173	165	167	135	123	91	143	176	202	205	143	89	95	96	92	103	166	170	148	132	132	123	118	181	159	162	171	181	177	171	174	188	171	166	161	152	146	148	143	137	155	175	151	133	143	144	166	157	147	145	147	133	139	162	157	148	147	148	148	148	159	166	164	162	160	159	150	141	133	148	124	174	129	124	141	155	174	158	148	48
154	134	113	121	135	117	107	145	153	161	168	173	181	178	164	141	137	144	119	171	232	224	215	149	120	114	122	150	165	150	136	128	139	143	136	165	150	160	166	175	171	173	169	186	178	164	163	152	140	145	134	125	156	165	149	135	127	129	141	145	134	139	152	142	157	183	183	158	151	156	155	156	161	166	164	163	161	161	151	140	134	147	127	154	113	126	151	171	162	169	116	33
149	133	117	139	152	124	122	144	152	161	166	177	187	197	180	151	139	158	150	112	170	200	171	170	162	150	178	154	172	148	147	143	163	170	152	149	143	156	162	168	172	171	168	185	185	165	163	156	140	138	131	130	131	163	171	148	136	132	137	142	141	150	156	165	176	182	184	165	160	158	158	160	161	164	160	165	162	158	152	141	135	140	110	122	124	156	168	176	157	173	82	39
150	138	121	155	164	128	144	142	155	165	168	181	184	191	178	160	148	160	174	150	134	147	144	147	143	143	143	150	150	140	131	144	164	175	150	138	143	155	157	160	169	167	160	175	189	163	151	157	150	133	136	133	124	143	156	158	151	140	142	146	149	151	154	165	176	184	180	170	161	161	161	163	164	160	162	165	163	156	152	137	142	124	149	159	148	177	176	166	169	147	50	49
152	140	121	149	162	134	158	141	153	163	168	176	176	184	171	166	165	156	182	176	161	149	148	148	128	150	141	138	132	136	140	159	163	158	145	142	147	152	154	161	166	170	164	165	188	166	152	157	151	136	135	134	135	132	142	140	142	143	143	149	156	153	161	167	179	177	176	169	165	161	163	163	163	162	162	162	161	158	153	139	141	112	156	178	165	175	165	159	173	95	43	48
165	147	123	125	167	140	169	138	153	160	170	171	177	172	165	167	169	170	176	197	199	182	174	163	161	158	152	141	139	144	151	153	163	150	148	149	147	149	156	162	167	168	165	172	188	165	157	159	143	144	135	135	140	138	138	136	137	142	146	152	156	157	160	165	167	167	168	168	165	161	160	166	164	162	161	164	159	156	149	139	135	122	156	183	170	162	155	172	143	53	45	49
186	166	145	126	138	132	186	137	150	159	168	173	174	170	166	168	173	175	185	195	198	190	175	168	163	156	154	148	149	142	149	160	149	152	152	152	148	146	157	166	167	167	168	162	192	170	158	162	145	146	142	132	139	140	146	140	140	141	147	152	152	160	163	169	171	167	169	167	165	164	160	162	163	165	165	163	160	156	148	138	134	135	156	180	174	156	160	171	84	43	47	45
179	191	180	158	148	103	197	138	149	160	166	172	175	172	165	167	170	177	187	197	199	190	178	173	166	161	158	154	152	145	147	157	150	156	155	154	150	153	162	170	165	168	165	166	189	174	158	164	152	146	146	133	135	141	146	146	143	146	146	149	157	157	162	169	170	168	161	164	161	163	165	164	163	166	167	167	161	157	144	140	132	141	158	182	170	157	167	116	47	47	49	45
157	179	201	179	158	129	150	144	147	159	165	172	172	171	166	165	166	171	182	188	193	189	182	178	168	165	157	155	155	151	152	153	155	157	157	155	154	153	163	170	165	166	165	167	186	175	160	162	157	146	149	141	140	139	146	147	149	147	145	149	155	156	163	166	163	167	161	157	158	158	162	168	166	161	166	168	162	156	145	140	131	146	160	177	164	157	115	60	44	44	44	50
178	150	171	177	165	168	123	141	147	156	167	171	174	173	165	168	165	173	182	185	185	184	183	182	168	166	160	156	160	155	160	158	158	157	155	158	158	164	167	173	168	165	163	168	175	177	163	160	161	151	146	151	140	141	145	148	152	151	151	148	146	153	154	160	155	158	155	159	155	161	163	167	166	169	168	166	162	153	143	141	132	124	153	171	159	97	52	41	45	45	47	50
185	171	158	165	177	181	163	133	148	155	167	172	173	169	165	168	167	174	174	182	182	180	180	176	170	165	168	161	160	159	157	161	162	158	159	159	165	167	168	170	168	163	167	164	176	176	159	161	162	151	148	150	144	144	143	151	151	153	157	151	157	149	154	152	156	162	158	168	167	174	168	168	164	167	168	161	157	151	143	140	134	128	155	171	105	50	46	44	40	42	44	47
105	188	168	168	189	184	187	144	146	153	165	169	172	169	174	169	171	169	172	174	177	175	177	172	163	166	162	160	160	157	162	165	166	164	162	160	165	170	170	168	168	165	167	165	175	183	157	160	164	152	148	150	147	144	146	153	152	151	157	158	159	160	154	159	157	160	166	166	167	170	168	167	168	167	164	161	159	152	139	140	140	152	153	112	64	46	45	48	41	42	48	45
30	125	170	179	191	192	193	160	142	148	169	168	172	174	176	176	172	176	176	174	176	174	172	170	162	160	159	157	159	161	165	164	165	167	164	165	167	171	173	169	169	165	166	166	181	188	174	167	166	159	149	151	150	151	147	152	152	153	155	157	157	160	155	154	162	164	167	168	165	172	170	169	162	167	163	161	157	150	141	140	142	127	93	58	49	51	42	45	42	44	40	48
47	38	97	170	186	177	180	157	145	147	166	165	175	178	178	176	178	180	181	178	175	173	171	164	157	161	159	157	161	158	163	165	163	167	168	169	175	171	171	173	168	168	169	167	182	195	176	171	171	160	156	152	152	155	157	162	159	153	157	154	160	158	154	156	164	166	166	165	166	169	166	169	165	166	160	160	155	150	137	148	92	57	50	49	48	47	47	46	44	43	47	46
50	46	34	99	190	178	166	154	145	149	160	164	180	180	181	181	183	183	186	179	174	171	171	166	166	161	163	161	161	162	165	169	165	173	175	176	177	172	173	173	172	172	174	168	180	196	177	167	172	165	156	154	150	152	169	167	167	158	159	155	159	155	158	160	164	162	161	164	162	167	162	166	164	169	166	159	157	146	139	152	54	39	44	48	45	48	44	48	43	43	43	48
49	44	44	37	136	185	180	175	145	150	157	165	183	182	181	182	182	185	191	175	178	172	171	170	167	164	166	161	168	164	171	170	172	179	189	183	172	173	173	173	171	170	169	167	181	198	181	172	171	168	161	154	147	141	174	176	171	164	161	153	155	156	163	159	162	161	165	167	165	165	161	165	167	169	162	160	156	149	142	138	38	48	44	45	43	52	41	47	45	43	42	49
45	49	47	43	47	112	184	200	168	148	154	167	181	187	182	184	180	186	187	176	175	173	167	171	168	165	166	164	167	165	168	174	178	189	193	177	158	165	165	170	169	164	166	161	176	194	180	175	171	170	163	158	146	135	160	179	172	173	168	164	163	157	166	164	164	163	163	168	170	167	164	169	168	167	160	161	156	144	147	113	33	44	44	44	46	46	48	42	46	45	40	44
48	46	47	44	40	41	79	152	165	146	154	164	176	188	183	187	182	178	179	180	172	170	167	171	169	171	169	165	167	168	171	178	180	186	186	162	154	157	162	162	167	156	159	164	175	189	181	175	176	169	162	164	148	140	153	173	179	174	171	167	170	153	165	166	166	167	168	171	174	169	168	171	168	170	163	160	155	141	148	88	38	46	40	45	47	46	45	46	49	44	46	42
47	47	45	44	44	39	39	51	51	142	153	163	172	178	184	185	184	179	179	177	175	177	172	173	170	170	166	166	169	170	175	179	180	183	179	153	153	153	152	160	166	156	151	161	172	183	181	171	170	164	162	164	158	151	147	167	176	174	170	170	169	167	166	167	165	172	169	172	170	173	168	168	169	167	165	158	155	140	152	63	35	48	43	45	47	44	46	44	43	44	44	42
43	44	43	41	44	44	42	44	27	107	158	158	171	176	184	183	184	186	182	178	179	179	175	174	174	167	164	169	171	173	174	177	177	183	176	155	152	149	156	159	167	166	164	162	175	183	180	169	168	166	165	163	162	155	146	162	173	172	171	171	173	171	170	170	170	173	172	177	174	175	174	170	171	165	164	160	152	143	136	48	41	42	46	41	46	45	43	46	42	47	43	47
44	45	43	41	43	46	42	43	42	58	160	158	166	180	181	185	186	184	184	183	183	182	178	175	175	167	169	170	167	169	172	173	174	176	173	162	157	151	162	164	164	164	166	166	174	186	179	174	169	167	164	166	163	158	150	156	167	171	173	170	170	169	170	173	171	178	176	178	180	177	172	174	169	168	166	159	148	147	122	39	40	44	46	43	41	50	42	48	42	44	43	48
47	44	44	40	45	45	45	46	44	31	143	156	162	177	179	183	182	184	181	185	182	184	184	179	177	170	177	168	170	172	168	168	171	177	176	158	154	162	163	168	163	165	165	170	184	192	181	171	172	169	167	169	161	157	150	151	163	171	170	171	171	173	170	174	176	182	179	179	178	175	173	176	169	164	166	160	144	150	96	35	43	44	44	44	42	47	40	43	46	41	45	43
46	42	44	44	44	44	47	45	48	24	114	157	162	172	183	184	180	187	185	191	187	186	185	180	180	173	177	171	170	170	164	163	172	174	173	160	158	165	172	166	168	172	168	172	196	206	183	172	174	170	170	167	160	160	153	149	158	171	171	171	171	175	174	174	173	177	174	182	181	177	172	180	163	165	164	159	145	154	71	34	47	43	43	44	45	46	42	44	45	44	42	45
45	46	44	41	43	43	42	47	42	36	68	160	162	171	180	183	183	191	190	193	189	189	191	182	180	178	178	172	170	168	163	161	166	171	170	164	169	173	180	174	171	173	170	164	201	205	179	167	174	173	170	163	161	168	159	146	152	173	173	174	172	172	174	174	173	176	173	181	181	180	175	177	165	169	166	157	145	146	50	41	45	42	48	43	41	46	41	46	43	45	42	45
44	43	46	41	43	42	43	43	40	44	27	155	163	173	175	184	186	188	192	191	189	187	190	186	184	179	179	173	170	165	161	165	166	172	162	172	178	186	183	176	173	185	178	165	173	181	171	168	177	170	159	156	161	166	163	129	145	173	174	173	171	174	170	179	176	180	180	182	179	180	179	173	173	170	164	152	148	129	38	44	42	45	40	45	42	41	40	47	43	46	44	44
44	44	46	42	45	41	43	41	42	46	17	130	160	171	174	182	186	190	191	193	187	188	183	187	186	180	180	173	172	166	166	165	168	175	166	149	177	188	166	169	164	186	210	174	169	174	170	177	187	157	150	136	127	148	129	119	153	173	171	174	171	176	164	179	182	179	186	172	178	179	178	173	172	169	163	146	152	102	31	45	43	44	43	41	45	43	44	43	45	45	43	45
46	46	44	43	45	39	44	44	41	47	27	80	169	165	173	184	188	191	191	190	188	192	189	193	184	184	181	176	171	168	169	168	171	176	174	143	130	142	123	133	152	154	195	184	173	176	171	169	156	147	136	114	111	114	115	139	168	173	171	173	176	174	160	174	175	183	182	178	176	180	176	171	171	169	162	148	154	77	34	42	43	40	42	45	39	47	44	44	46	43	44	47
45	46	42	44	42	41	44	41	43	42	44	43	166	161	171	183	186	189	190	191	196	192	193	195	192	185	182	178	171	169	170	170	170	169	177	166	146	146	142	138	144	141	164	179	180	181	169	159	144	139	127	120	127	133	139	158	174	169	169	176	177	175	172	178	181	179	182	183	177	181	171	170	171	168	159	147	143	54	35	42	41	43	41	38	48	43	43	43	41	42	46	45
44	45	42	43	42	42	42	40	44	42	45	16	151	162	168	181	187	189	192	193	197	192	196	196	192	184	182	174	173	170	173	170	169	167	173	168	161	164	164	165	159	152	141	163	173	173	166	150	135	131	132	140	145	148	155	161	172	175	168	175	176	174	175	177	181	176	183	181	182	177	173	173	173	167	158	150	125	35	40	41	40	42	41	40	44	44	42	43	43	45	44	47
43	46	44	42	47	42	43	44	43	44	46	21	102	164	167	178	186	190	193	196	197	200	198	193	192	186	181	177	177	173	172	171	169	168	167	169	158	164	165	170	171	168	152	147	153	149	139	131	126	139	144	152	152	155	154	164	170	176	172	175	178	174	174	180	181	178	184	183	180	175	172	172	171	162	154	156	93	33	42	45	39	45	40	43	43	42	42	46	43	44	45	45
42	46	45	43	46	44	42	42	44	38	38	41	57	163	166	173	185	191	193	199	199	200	195	193	187	189	185	183	179	174	173	169	170	168	166	166	159	164	164	165	173	174	164	154	145	133	126	127	138	150	154	154	148	156	154	158	168	175	175	177	177	173	176	179	180	181	184	182	183	174	173	169	167	158	155	151	66	33	41	39	41	41	38	47	42	41	40	45	46	43	43	43
45	44	45	44	42	46	43	42	46	43	38	48	21	149	164	170	182	188	196	199	198	199	199	196	189	191	187	186	179	175	168	167	169	166	167	164	157	159	164	161	173	171	168	169	165	153	148	148	150	159	155	161	155	153	156	156	164	174	174	170	178	177	171	179	178	178	182	182	180	172	175	171	162	159	154	136	43	35	40	39	40	41	39	45	45	37	42	41	49	40	41	46
46	42	46	44	46	42	46	41	44	45	41	39	30	98	164	171	180	190	192	196	198	199	198	197	195	190	187	187	180	174	167	169	169	166	167	162	166	165	172	166	173	165	167	174	175	169	167	163	158	160	152	163	160	152	151	161	161	169	169	172	178	179	173	179	176	179	182	179	179	178	173	170	163	159	156	99	32	39	37	41	38	39	36	42	41	42	41	41	44	46	45	41
45	46	46	45	45	44	45	42	43	44	40	42	44	38	165	168	178	184	192	195	197	199	200	197	197	190	188	184	182	174	175	175	161	171	170	165	171	170	171	174	171	163	162	163	172	169	168	168	166	162	157	165	163	161	148	170	157	170	170	172	175	179	176	171	177	177	175	178	179	175	172	165	161	158	150	63	31	43	37	37	38	43	38	38	40	41	39	40	42	42	44	45
51	46	46	44	44	42	44	43	43	45	41	43	45	19	124	168	178	182	189	193	199	194	200	200	197	191	190	186	177	176	174	181	173	175	180	175	172	173	173	171	167	159	153	150	147	154	158	166	164	165	167	167	167	168	162	170	164	170	177	172	179	175	175	168	175	177	175	177	177	175	166	162	158	159	127	41	36	37	39	35	41	38	41	36	40	41	40	37	43	43	41	42
49	46	44	42	44	45	40	44	44	45	43	46	40	39	61	168	170	181	190	191	193	196	201	197	197	190	191	190	177	181	181	184	189	186	182	181	178	180	169	170	167	157	154	148	144	149	150	160	161	162	164	163	167	169	165	174	169	175	178	178	176	180	175	172	171	176	176	174	179	171	165	161	157	156	87	35	37	39	40	34	40	39	38	41	39	43	38	40	42	43	46	39
48	48	48	44	43	45	43	45	46	43	44	44	40	45	28	155	165	178	189	187	197	194	202	195	196	191	191	194	185	186	185	182	190	192	186	187	185	184	173	171	168	162	160	150	150	148	153	164	160	163	166	166	168	174	173	173	178	181	183	179	180	180	179	177	170	175	176	177	175	170	164	159	153	147	54	32	38	38	39	38	37	38	41	39	41	42	38	40	42	42	44	40
50	46	49	45	45	44	45	44	45	44	39	43	48	39	27	141	163	176	189	189	195	195	197	198	193	194	191	198	187	183	180	177	182	192	191	194	191	183	171	162	159	158	158	153	155	155	157	156	150	153	158	166	168	173	176	178	181	179	178	174	181	179	178	179	173	177	177	175	172	169	160	158	153	119	33	34	38	40	37	40	37	39	42	40	41	38	38	40	38	42	39	45
46	48	46	46	49	40	43	47	47	44	42	45	41	46	28	141	155	175	187	183	193	193	194	197	194	196	195	195	187	175	172	160	156	167	173	166	153	143	141	142	143	148	143	143	143	144	140	142	139	140	138	137	140	148	149	165	164	161	155	155	168	174	181	180	173	179	175	174	170	165	157	155	149	103	25	36	37	37	39	35	38	40	39	38	40	40	38	41	38	42	43	46
50	46	47	48	49	44	44	44	45	43	44	44	42	43	23	137	145	163	185	185	189	194	196	195	195	199	198	189	178	164	145	121	111	113	123	121	110	93	91	87	92	110	123	128	128	127	130	129	120	115	102	95	90	97	98	113	117	110	116	128	150	159	175	181	176	178	176	173	166	162	152	144	148	89	28	35	36	39	36	36	36	39	41	37	38	41	37	40	37	39	45	45
48	49	50	46	51	44	44	46	43	41	48	45	43	47	23	134	150	151	176	184	187	193	196	196	199	197	201	185	170	152	134	135	132	124	120	117	104	100	94	92	93	94	90	95	86	84	89	88	79	86	82	80	85	82	90	93	110	118	131	142	159	160	172	177	172	178	175	170	163	153	148	135	151	87	18	38	35	32	38	35	36	38	39	39	39	39	39	39	39	42	38	46
49	48	50	47	47	45	43	46	44	45	44	46	45	49	19	136	151	148	164	180	186	190	192	195	198	197	198	185	171	154	153	163	157	149	135	129	127	120	116	110	111	120	114	117	117	109	112	115	109	102	103	94	106	102	107	115	128	136	145	153	171	170	163	176	174	177	170	165	156	148	142	130	157	69	24	37	33	33	35	36	38	38	42	40	39	45	36	39	42	42	40	42
50	51	50	48	48	42	50	46	39	47	43	46	43	46	24	136	156	154	149	173	183	185	188	193	196	200	191	187	179	167	166	176	180	173	154	140	139	133	132	127	127	138	139	135	135	139	134	126	126	125	116	111	115	117	121	128	141	155	166	168	177	178	175	176	177	177	170	160	150	145	132	136	160	60	25	34	36	33	31	36	36	35	40	41	40	43	40	42	40	42	40	45
51	50	49	47	50	44	51	44	44	47	44	43	46	45	20	132	161	155	150	156	178	181	186	189	196	196	192	188	190	184	177	179	186	190	184	166	153	147	144	136	140	137	139	137	135	125	123	126	128	127	124	121	132	134	139	146	154	168	174	172	181	180	173	174	172	174	165	154	144	138	132	138	158	54	29	33	35	31	33	35	35	34	40	37	38	40	39	40	40	42	40	44
49	50	50	48	50	48	44	44	47	44	46	42	47	45	19	136	163	159	155	148	167	174	184	184	192	196	194	191	191	197	190	179	184	190	193	184	173	164	156	147	143	138	134	134	133	128	125	128	127	131	128	133	141	152	150	156	163	173	174	176	180	177	171	166	170	166	151	146	145	131	139	141	159	36	33	35	36	33	32	37	32	36	37	36	39	36	37	41	36	40	38	45
50	51	47	49	51	51	47	47	47	48	45	47	47	37	16	140	162	161	152	166	153	168	176	186	187	192	192	192	186	195	198	187	187	187	192	190	176	174	171	166	156	146	141	143	139	135	133	132	132	135	140	145	150	151	152	162	168	172	177	179	176	169	167	166	165	158	148	145	139	135	143	140	159	21	38	33	35	32	33	35	35	33	38	36	37	39	36	40	38	38	38	46
50	51	49	49	48	52	47	48	49	43	44	51	41	24	17	138	164	164	158	166	157	159	169	178	183	189	186	186	186	188	194	192	190	186	189	191	183	171	167	166	162	159	157	156	153	149	150	145	147	147	150	151	150	153	160	167	171	172	173	175	168	163	159	160	158	151	143	143	129	141	143	140	159	15	31	39	34	36	31	34	32	34	36	35	39	39	37	40	37	40	38	41
51	45	52	45	51	50	46	50	46	47	50	55	28	25	21	144	163	165	165	169	167	150	163	169	178	181	186	184	177	182	185	187	187	190	191	189	188	175	169	169	166	164	162	158	156	155	162	158	162	163	160	159	158	162	165	168	171	171	169	171	162	161	160	160	152	144	139	135	137	147	142	138	152	16	25	45	31	31	33	30	34	31	34	37	37	36	38	36	41	38	39	45
50	49	48	50	50	45	52	48	48	49	52	38	25	18	26	151	161	170	169	173	169	163	156	165	165	173	180	182	177	173	178	181	180	180	183	187	182	184	175	173	169	168	166	161	155	156	160	156	169	165	169	164	164	169	168	168	166	166	165	160	161	163	160	157	146	141	134	133	147	146	143	143	146	14	21	42	36	30	32	33	33	38	33	35	38	38	33	37	38	38	41	38
49	48	50	49	51	50	49	48	51	50	51	30	26	20	44	156	160	169	172	179	176	174	160	157	162	166	170	183	178	169	182	180	178	180	177	180	178	182	179	181	174	165	165	167	159	163	162	161	164	167	167	164	166	168	163	167	164	160	163	156	162	160	155	151	144	136	129	142	148	142	143	143	140	10	27	37	45	32	30	39	33	36	33	37	37	36	34	38	35	40	42	41
50	49	48	51	51	50	47	49	52	48	44	27	24	14	59	161	160	167	175	178	182	175	178	154	160	157	171	171	180	178	175	180	181	178	179	177	175	173	177	177	175	170	169	167	161	160	161	158	160	162	162	165	159	163	161	163	164	161	165	160	161	154	155	147	135	131	144	145	145	142	140	148	130	9	31	33	48	33	31	36	32	38	35	38	34	35	36	37	36	37	41	41
52	50	47	54	51	50	48	48	49	54	34	25	24	11	68	161	163	169	176	180	185	182	180	174	157	158	161	167	175	178	177	179	178	183	182	180	179	177	174	171	174	170	170	165	161	159	158	156	156	157	156	158	162	161	165	169	167	167	166	159	161	155	153	138	130	139	152	147	148	145	142	150	111	7	31	33	45	41	33	34	34	35	36	37	34	36	36	34	34	39	40	41
48	49	46	52	49	48	47	50	46	50	29	25	21	10	66	165	162	168	174	181	185	187	187	178	173	155	160	159	164	177	174	179	176	179	182	184	182	181	175	175	175	167	168	161	158	157	155	153	150	155	160	154	165	165	169	165	165	166	165	163	158	156	143	126	133	151	148	147	147	148	144	155	83	14	27	38	37	43	38	38	26	34	34	35	37	37	37	38	36	38	39	39
47	47	52	50	49	51	49	47	47	47	28	23	24	11	49	165	165	169	176	176	186	189	190	184	180	173	155	159	155	167	175	180	176	171	180	185	185	182	174	172	173	169	163	160	157	154	152	147	150	152	158	153	159	160	162	156	169	167	166	161	160	146	130	128	146	152	145	148	148	150	151	145	61	15	29	35	35	41	39	43	31	33	37	35	35	33	36	40	38	38	37	39
49	47	51	46	48	49	47	45	47	41	26	23	19	14	40	153	169	168	175	179	186	191	190	188	185	177	175	157	156	156	169	177	175	174	173	183	182	182	178	167	168	164	161	157	158	154	152	151	149	155	150	152	151	158	166	166	165	166	164	154	154	138	125	141	148	148	144	150	148	152	158	120	43	15	31	34	31	41	40	40	36	33	35	38	34	31	36	37	34	38	29	37
50	47	52	47	45	45	51	48	43	37	27	24	15	26	40	110	175	171	175	175	185	186	192	191	191	170	179	171	157	156	150	165	174	177	171	179	186	180	190	178	163	167	160	161	162	152	149	151	152	151	149	148	151	163	173	166	167	165	156	149	137	128	136	152	148	146	152	145	153	155	152	98	41	20	28	38	29	38	40	43	33	36	37	37	34	32	33	36	36	36	32	34
51	51	49	49	46	49	48	46	41	37	23	24	15	29	56	62	165	170	173	175	185	186	193	192	192	185	178	174	168	161	152	155	170	178	177	179	185	185	180	183	166	158	157	157	159	152	152	152	151	149	148	150	159	165	169	162	171	160	152	140	125	137	147	148	147	150	149	155	156	161	124	82	36	19	29	32	34	37	38	42	36	34	39	39	34	31	32	32	34	33	34	31
49	52	50	48	50	45	47	39	42	37	25	23	14	37	60	51	117	173	171	175	187	188	192	191	190	194	182	178	177	166	170	155	153	164	174	175	177	180	181	183	172	157	157	157	158	155	156	155	149	154	150	156	162	170	160	163	159	156	139	130	138	153	143	150	151	150	150	158	159	146	95	77	32	20	27	35	32	35	40	40	41	33	36	40	32	34	29	32	33	34	32	32
46	51	48	49	50	42	38	35	44	35	26	23	19	41	62	63	64	155	174	177	186	189	193	193	190	193	189	187	183	179	178	173	162	155	166	172	168	172	175	177	175	166	163	160	161	157	157	155	156	155	154	156	159	159	153	153	149	145	132	134	149	149	151	147	150	150	155	164	154	110	82	70	32	20	30	34	35	32	41	41	40	35	34	36	36	28	34	31	31	34	31	34
46	49	49	45	39	33	30	36	43	34	25	27	13	49	61	68	61	96	173	178	181	187	190	195	191	195	187	191	195	177	181	177	176	173	158	157	159	165	167	168	168	169	169	159	161	162	161	155	160	157	154	152	151	145	145	138	135	133	143	148	148	149	150	148	152	156	160	156	123	90	81	60	35	23	29	31	35	30	39	42	37	38	35	35	34	31	32	31	31	28	34	28
49	46	42	36	28	32	32	32	43	35	27	21	21	50	62	65	67	57	138	179	185	186	193	194	191	195	193	191	193	189	185	179	177	178	177	164	153	150	158	159	158	154	167	164	162	163	160	158	158	152	148	145	140	138	136	130	131	145	154	149	151	148	147	147	152	154	158	130	94	79	79	53	35	26	28	33	33	30	40	40	36	37	32	34	32	30	31	31	31	30	32	28
46	35	34	28	29	32	38	31	42	35	26	22	22	47	66	68	66	64	78	160	183	189	190	195	189	194	192	194	191	188	189	188	181	179	179	174	176	160	145	150	156	146	158	156	157	154	153	153	152	149	144	139	134	133	129	144	148	150	153	149	146	146	148	151	158	150	123	101	88	79	72	51	33	25	30	31	32	32	36	39	39	41	28	31	31	32	28	32	27	30	29	27
32	37	27	28	33	40	34	33	41	36	27	23	26	47	63	66	70	66	70	101	169	191	190	196	189	192	193	195	188	192	186	193	186	182	179	178	174	176	172	165	158	149	147	151	147	146	147	148	147	141	133	139	140	141	147	148	151	153	150	147	145	143	144	146	140	121	102	91	84	77	65	48	35	26	31	32	32	33	35	39	37	44	23	30	36	32	28	32	31	29	26	29
