21 25 0
839.000000	309.000000	1.000000	217.000000	980.000000	2168.000000	833.000000	1.000000	1.000000	299.000000	673.000000	247.000000	199.000000	1.000000	1.000000	1.000000	1.000000	1.000000	455.000000	1.000000	1.000000
143.000000	1.000000	466.000000	620.000000	1257.000000	1281.000000	1.000000	1.000000	1.000000	1.000000	1.000000	1.000000	1.000000	1.000000	1.000000	1.000000	1.000000	1.000000	1.000000	1.000000	407.000000
147.000000	438.000000	1887.000000	679.000000	301.000000	251.000000	1.000000	1.000000	1.000000	1.000000	1.000000	1.000000	1.000000	1.000000	1.000000	1.000000	1.000000	1.000000	1.000000	1.000000	1.000000
1.000000	787.000000	1571.000000	189.000000	345.000000	1.000000	1.000000	1.000000	1.000000	1.000000	1.000000	1.000000	1.000000	177.000000	247.000000	227.000000	187.000000	1.000000	1.000000	1.000000	541.000000
1.000000	1194.000000	1954.000000	361.000000	395.000000	1.000000	1.000000	1.000000	1.000000	371.000000	1089.000000	722.000000	1045.000000	1285.000000	1219.000000	963.000000	341.000000	153.000000	1.000000	1119.000000	403.000000
633.000000	2282.000000	1889.000000	1.000000	1.000000	1.000000	1.000000	1.000000	1.000000	1.000000	1.000000	1087.000000	271.000000	213.000000	211.000000	1.000000	1.000000	1.000000	633.000000	1367.000000	315.000000
1555.000000	2033.000000	439.000000	1.000000	1.000000	1.000000	1.000000	1.000000	191.000000	126.000000	271.000000	1.000000	1.000000	1.000000	433.000000	1.000000	1011.000000	495.000000	921.000000	347.000000	593.000000
1505.000000	1563.000000	207.000000	1.000000	1.000000	1.000000	1.000000	858.000000	412.000000	1299.000000	1169.000000	1.000000	1.000000	1123.000000	1.000000	1301.000000	813.000000	347.000000	349.000000	1.000000	203.000000
1943.000000	1097.000000	1.000000	1.000000	400.000000	1.000000	351.000000	1823.000000	1295.000000	2800.000000	1079.000000	1.000000	1.000000	667.000000	1.000000	364.000000	709.000000	901.000000	187.000000	1.000000	1.000000
1119.000000	655.000000	1.000000	1.000000	1.000000	579.000000	1429.000000	1740.000000	1367.000000	1221.000000	261.000000	1.000000	439.000000	535.000000	1.000000	947.000000	1685.000000	1677.000000	711.000000	257.000000	1.000000
1.000000	297.000000	1.000000	1.000000	361.000000	180.000000	1573.000000	599.000000	285.000000	1.000000	279.000000	1.000000	1.000000	856.000000	653.000000	1183.000000	1535.000000	1107.000000	257.000000	211.000000	445.000000
1.000000	159.000000	1.000000	481.000000	1.000000	165.000000	279.000000	1.000000	1.000000	485.000000	175.000000	1.000000	1.000000	321.000000	443.000000	419.000000	209.000000	1.000000	1.000000	1.000000	165.000000
259.000000	1.000000	1.000000	1.000000	1.000000	1.000000	1.000000	1.000000	325.000000	535.000000	1.000000	1.000000	1.000000	257.000000	1.000000	1.000000	1.000000	1.000000	195.000000	293.000000	1.000000
421.000000	803.000000	457.000000	1.000000	1.000000	1.000000	110.000000	446.000000	681.000000	1.000000	1.000000	1.000000	927.000000	627.000000	1.000000	1.000000	1.000000	1.000000	1012.000000	888.000000	447.000000
1090.000000	1.000000	877.000000	1.000000	1.000000	1.000000	1.000000	965.000000	559.000000	335.000000	465.000000	1592.000000	1441.000000	409.000000	237.000000	219.000000	1.000000	1.000000	590.000000	814.000000	177.000000
341.000000	879.000000	1.000000	1.000000	1.000000	1.000000	381.000000	1.000000	1.000000	1.000000	903.000000	1229.000000	411.000000	270.000000	1316.000000	599.000000	257.000000	163.000000	968.000000	966.000000	177.000000
316.000000	1.000000	1.000000	1.000000	258.000000	610.000000	313.000000	1.000000	1.000000	1.000000	1.000000	1.000000	358.000000	1830.000000	1661.000000	651.000000	253.000000	813.000000	617.000000	489.000000	415.000000
367.000000	401.000000	273.000000	1.000000	249.000000	317.000000	1417.000000	349.000000	1.000000	1.000000	1.000000	620.000000	2025.000000	2273.000000	687.000000	1.000000	728.000000	169.000000	697.000000	582.000000	411.000000
780.000000	319.000000	695.000000	221.000000	563.000000	1.000000	1.000000	1.000000	1.000000	537.000000	1297.000000	2044.000000	1707.000000	713.000000	1.000000	141.000000	544.000000	611.000000	1.000000	882.000000	153.000000
439.000000	543.000000	557.000000	855.000000	1.000000	1.000000	373.000000	487.000000	525.000000	1261.000000	1151.000000	1169.000000	495.000000	1.000000	462.000000	670.000000	565.000000	1.000000	1898.000000	691.000000	163.000000
189.000000	1.000000	321.000000	745.000000	1.000000	373.000000	389.000000	1.000000	1.000000	1.000000	1.000000	1.000000	1.000000	1.000000	485.000000	483.000000	1.000000	641.000000	481.000000	159.000000	1.000000
1.000000	1.000000	457.000000	1.000000	1.000000	1.000000	1.000000	1.000000	1.000000	1.000000	1.000000	1.000000	1.000000	1.000000	1.000000	1.000000	1.000000	211.000000	1.000000	1.000000	1.000000
1.000000	1.000000	459.000000	1.000000	1.000000	1.000000	1.000000	1.000000	1.000000	1.000000	1.000000	1.000000	1.000000	327.000000	205.000000	1.000000	1.000000	1.000000	1.000000	1.000000	1.000000
1.000000	1.000000	1.000000	1.000000	1.000000	1.000000	1.000000	1.000000	1.000000	1.000000	1.000000	1.000000	1.000000	1.000000	1.000000	1.000000	1.000000	1.000000	1.000000	1.000000	1.000000
1.000000	1.000000	1.000000	1.000000	1.000000	1.000000	1.000000	1.000000	1.000000	1.000000	1.000000	1.000000	1.000000	1.000000	1.000000	1.000000	1.000000	1.000000	1.000000	1.000000	1.000000
