21 25 0
239.000000	462.000000	1.000000	1.000000	1.000000	1.000000	1.000000	564.000000	355.000000	1.000000	1.000000	1.000000	1.000000	1.000000	1.000000	817.000000	357.000000	351.000000	339.000000	1.000000	1.000000
956.000000	729.000000	1.000000	1.000000	1.000000	1.000000	169.000000	673.000000	371.000000	341.000000	167.000000	501.000000	161.000000	1.000000	88.000000	295.000000	355.000000	293.000000	1.000000	1.000000	1.000000
1237.000000	243.000000	1.000000	1.000000	175.000000	368.000000	1135.000000	907.000000	1376.000000	915.000000	1339.000000	745.000000	934.000000	956.000000	561.000000	1.000000	1.000000	662.000000	1.000000	355.000000	1.000000
491.000000	1.000000	1.000000	1.000000	1.000000	357.000000	1.000000	191.000000	205.000000	585.000000	195.000000	1.000000	209.000000	381.000000	1.000000	1.000000	1.000000	890.000000	949.000000	899.000000	1.000000
891.000000	143.000000	1.000000	1.000000	1.000000	163.000000	189.000000	249.000000	1.000000	1.000000	1.000000	1.000000	1.000000	1.000000	1.000000	1.000000	295.000000	1170.000000	1109.000000	531.000000	1.000000
497.000000	1.000000	435.000000	784.000000	653.000000	213.000000	1760.000000	2438.000000	318.000000	1.000000	1.000000	1.000000	1.000000	606.000000	1275.000000	2154.000000	2662.000000	769.000000	545.000000	279.000000	1.000000
145.000000	1.000000	1263.000000	983.000000	183.000000	879.000000	1797.000000	1104.000000	381.000000	1.000000	1.000000	241.000000	2249.000000	2903.000000	2441.000000	1323.000000	1.000000	1.000000	1.000000	1.000000	1.000000
143.000000	330.000000	711.000000	1.000000	1.000000	1.000000	1.000000	1.000000	1.000000	1.000000	1.000000	1677.000000	2373.000000	681.000000	1.000000	1.000000	1.000000	469.000000	1.000000	1.000000	1.000000
1.000000	449.000000	1.000000	919.000000	237.000000	185.000000	261.000000	1.000000	1.000000	1.000000	1.000000	1564.000000	1009.000000	1.000000	209.000000	1.000000	1.000000	499.000000	507.000000	1.000000	339.000000
1.000000	1.000000	309.000000	283.000000	1.000000	1.000000	1.000000	1.000000	1.000000	1.000000	431.000000	1034.000000	1.000000	1.000000	1.000000	1.000000	1.000000	509.000000	457.000000	985.000000	383.000000
1.000000	1.000000	437.000000	1213.000000	1.000000	1.000000	1.000000	1.000000	1192.000000	237.000000	375.000000	363.000000	1.000000	1.000000	1.000000	1.000000	1.000000	1295.000000	679.000000	1431.000000	369.000000
1.000000	165.000000	167.000000	275.000000	1.000000	145.000000	388.000000	1398.000000	1589.000000	365.000000	1.000000	235.000000	455.000000	1.000000	1.000000	1.000000	1.000000	1255.000000	1053.000000	1291.000000	433.000000
869.000000	1.000000	1.000000	1.000000	163.000000	1039.000000	1808.000000	1621.000000	869.000000	1.000000	1.000000	1487.000000	801.000000	1.000000	149.000000	1.000000	643.000000	1392.000000	1597.000000	461.000000	661.000000
1.000000	1.000000	202.000000	207.000000	894.000000	1474.000000	1151.000000	495.000000	1.000000	631.000000	927.000000	2043.000000	1115.000000	1.000000	237.000000	183.000000	1337.000000	1741.000000	1327.000000	319.000000	413.000000
1.000000	1.000000	1.000000	1.000000	511.000000	965.000000	493.000000	1.000000	126.000000	927.000000	1683.000000	1.000000	1.000000	211.000000	189.000000	1.000000	1348.000000	729.000000	593.000000	295.000000	285.000000
1.000000	1.000000	1.000000	247.000000	1.000000	263.000000	1.000000	1.000000	467.000000	809.000000	1.000000	746.000000	1125.000000	1421.000000	295.000000	1.000000	1377.000000	787.000000	1.000000	907.000000	385.000000
1.000000	337.000000	265.000000	209.000000	1.000000	1.000000	1.000000	467.000000	659.000000	1.000000	753.000000	2013.000000	793.000000	287.000000	328.000000	1262.000000	911.000000	685.000000	799.000000	631.000000	647.000000
515.000000	481.000000	208.000000	1.000000	1.000000	1.000000	1.000000	1.000000	241.000000	331.000000	871.000000	687.000000	1.000000	1.000000	1139.000000	1631.000000	803.000000	303.000000	1321.000000	389.000000	389.000000
431.000000	247.000000	683.000000	1.000000	1.000000	1.000000	1.000000	175.000000	1.000000	197.000000	1.000000	1.000000	1.000000	1659.000000	1858.000000	975.000000	263.000000	1610.000000	1.000000	419.000000	185.000000
237.000000	753.000000	1.000000	183.000000	819.000000	1.000000	1.000000	1.000000	1.000000	1.000000	1.000000	1.000000	1550.000000	1743.000000	1063.000000	581.000000	705.000000	275.000000	1.000000	1.000000	471.000000
1.000000	1.000000	1.000000	239.000000	231.000000	1.000000	1.000000	1.000000	1.000000	1.000000	1.000000	1.000000	1307.000000	1467.000000	617.000000	1.000000	1.000000	1.000000	1.000000	471.000000	1.000000
1.000000	195.000000	1.000000	1.000000	1.000000	1.000000	1.000000	1.000000	1.000000	373.000000	351.000000	335.000000	401.000000	269.000000	1.000000	1.000000	1.000000	1.000000	1.000000	1.000000	1.000000
1.000000	1.000000	1.000000	1.000000	179.000000	1.000000	1.000000	1.000000	1.000000	1.000000	1.000000	1.000000	1.000000	1.000000	1.000000	211.000000	1.000000	1.000000	189.000000	1.000000	1.000000
1.000000	1.000000	1.000000	1.000000	1.000000	1.000000	1.000000	1.000000	1.000000	1.000000	1.000000	1.000000	1.000000	1.000000	1.000000	1.000000	1.000000	1.000000	1.000000	1.000000	1.000000
1.000000	1.000000	1.000000	1.000000	1.000000	1.000000	1.000000	1.000000	1.000000	1.000000	1.000000	1.000000	1.000000	1.000000	1.000000	1.000000	1.000000	1.000000	1.000000	1.000000	1.000000
