21 25 0
393.000000	191.000000	525.000000	1.000000	235.000000	2147.000000	1088.000000	297.000000	1.000000	1.000000	255.000000	885.000000	633.000000	389.000000	403.000000	1.000000	1.000000	1.000000	1802.000000	613.000000	437.000000
1.000000	436.000000	1423.000000	223.000000	535.000000	1941.000000	880.000000	1.000000	1.000000	1.000000	257.000000	255.000000	223.000000	183.000000	351.000000	1.000000	1.000000	1.000000	990.000000	275.000000	437.000000
1.000000	1118.000000	1923.000000	469.000000	327.000000	495.000000	1.000000	1.000000	1.000000	1.000000	1.000000	1.000000	1.000000	1.000000	547.000000	1.000000	1.000000	1.000000	551.000000	1.000000	549.000000
1.000000	1485.000000	2100.000000	223.000000	393.000000	197.000000	1.000000	1.000000	1.000000	1.000000	1.000000	179.000000	1.000000	201.000000	613.000000	773.000000	323.000000	153.000000	453.000000	885.000000	1233.000000
195.000000	1849.000000	2261.000000	189.000000	395.000000	672.000000	1.000000	1.000000	1.000000	1.000000	1.000000	359.000000	1.000000	1.000000	1.000000	177.000000	185.000000	183.000000	429.000000	1371.000000	1183.000000
677.000000	1869.000000	1275.000000	1.000000	801.000000	729.000000	497.000000	1.000000	187.000000	1.000000	1.000000	1.000000	1.000000	1.000000	1.000000	1.000000	1.000000	731.000000	995.000000	861.000000	1069.000000
1218.000000	1569.000000	441.000000	1.000000	499.000000	1.000000	497.000000	1.000000	543.000000	1883.000000	463.000000	1.000000	1.000000	1.000000	1.000000	376.000000	279.000000	1245.000000	1181.000000	1.000000	777.000000
2243.000000	1607.000000	221.000000	1.000000	898.000000	1.000000	1.000000	170.000000	974.000000	2871.000000	1587.000000	1.000000	1.000000	1.000000	1.000000	1379.000000	1386.000000	1247.000000	739.000000	920.000000	683.000000
2559.000000	1611.000000	247.000000	1.000000	912.000000	1.000000	1.000000	1466.000000	499.000000	2863.000000	1817.000000	1.000000	1.000000	481.000000	417.000000	1381.000000	2396.000000	1365.000000	1009.000000	1439.000000	601.000000
1915.000000	2233.000000	253.000000	511.000000	361.000000	1.000000	297.000000	1503.000000	429.000000	1831.000000	1829.000000	1.000000	645.000000	898.000000	1.000000	1.000000	2049.000000	2165.000000	741.000000	1437.000000	401.000000
1071.000000	2085.000000	543.000000	493.000000	505.000000	1.000000	505.000000	599.000000	429.000000	853.000000	1506.000000	1.000000	723.000000	1489.000000	259.000000	215.000000	1057.000000	1903.000000	765.000000	499.000000	381.000000
431.000000	1603.000000	731.000000	1.000000	481.000000	1.000000	505.000000	1.000000	267.000000	954.000000	1434.000000	269.000000	557.000000	1969.000000	441.000000	665.000000	361.000000	465.000000	301.000000	399.000000	455.000000
717.000000	989.000000	789.000000	415.000000	459.000000	1.000000	155.000000	1.000000	315.000000	1173.000000	2251.000000	171.000000	733.000000	1932.000000	1127.000000	1547.000000	619.000000	155.000000	911.000000	363.000000	659.000000
1211.000000	1447.000000	755.000000	457.000000	451.000000	1.000000	161.000000	625.000000	655.000000	627.000000	1441.000000	483.000000	465.000000	475.000000	879.000000	911.000000	647.000000	155.000000	1231.000000	487.000000	629.000000
1473.000000	1823.000000	839.000000	395.000000	659.000000	319.000000	879.000000	1591.000000	1.000000	1.000000	1.000000	1254.000000	1.000000	161.000000	1064.000000	757.000000	595.000000	155.000000	1172.000000	1443.000000	173.000000
1078.000000	1641.000000	883.000000	1.000000	1.000000	491.000000	287.000000	977.000000	513.000000	1.000000	1.000000	435.000000	203.000000	1.000000	1475.000000	963.000000	255.000000	163.000000	543.000000	1115.000000	157.000000
789.000000	1138.000000	1741.000000	1.000000	1.000000	297.000000	1.000000	1.000000	513.000000	451.000000	1.000000	1.000000	616.000000	445.000000	553.000000	605.000000	1.000000	1093.000000	693.000000	570.000000	541.000000
791.000000	691.000000	1499.000000	487.000000	303.000000	757.000000	481.000000	1.000000	1.000000	1.000000	1.000000	280.000000	1738.000000	287.000000	1.000000	1.000000	540.000000	1.000000	729.000000	493.000000	529.000000
719.000000	727.000000	1225.000000	1151.000000	657.000000	1168.000000	1075.000000	1.000000	1.000000	1.000000	361.000000	1448.000000	1399.000000	323.000000	1.000000	275.000000	418.000000	469.000000	819.000000	1274.000000	389.000000
608.000000	539.000000	1221.000000	829.000000	307.000000	1409.000000	1845.000000	921.000000	1.000000	1.000000	361.000000	1179.000000	317.000000	1.000000	1.000000	775.000000	345.000000	463.000000	1460.000000	633.000000	377.000000
1.000000	1.000000	729.000000	549.000000	1.000000	293.000000	711.000000	831.000000	1.000000	1.000000	1.000000	291.000000	1.000000	1.000000	1.000000	597.000000	1.000000	359.000000	1021.000000	1.000000	417.000000
1.000000	1.000000	467.000000	461.000000	1.000000	1.000000	1.000000	397.000000	1.000000	1.000000	1.000000	1.000000	1.000000	1.000000	403.000000	1.000000	1.000000	411.000000	1.000000	1.000000	191.000000
1.000000	1.000000	195.000000	223.000000	1.000000	1.000000	1.000000	1.000000	1.000000	1.000000	1.000000	1.000000	1.000000	1.000000	403.000000	1.000000	1.000000	425.000000	1.000000	1.000000	1.000000
1.000000	1.000000	1.000000	1.000000	1.000000	1.000000	1.000000	1.000000	1.000000	1.000000	1.000000	1.000000	1.000000	1.000000	1.000000	1.000000	1.000000	1.000000	1.000000	1.000000	1.000000
1.000000	1.000000	1.000000	1.000000	1.000000	1.000000	1.000000	1.000000	1.000000	1.000000	1.000000	1.000000	1.000000	1.000000	1.000000	1.000000	1.000000	1.000000	1.000000	1.000000	1.000000
