21 25 0
241.000000	656.000000	651.000000	1.000000	1.000000	1.000000	159.000000	1405.000000	1940.000000	1590.000000	863.000000	862.000000	1414.000000	1556.000000	1297.000000	435.000000	295.000000	363.000000	733.000000	1.000000	1.000000
1133.000000	735.000000	207.000000	1.000000	1.000000	295.000000	822.000000	1149.000000	491.000000	867.000000	1201.000000	1899.000000	1900.000000	2123.000000	2062.000000	351.000000	1.000000	1.000000	1155.000000	1932.000000	735.000000
987.000000	255.000000	1.000000	1.000000	174.000000	1080.000000	1868.000000	1716.000000	1445.000000	1551.000000	1571.000000	1445.000000	1638.000000	1655.000000	1769.000000	1323.000000	197.000000	1.000000	1.000000	1.000000	439.000000
619.000000	289.000000	1.000000	1.000000	1.000000	357.000000	393.000000	935.000000	1143.000000	1139.000000	1129.000000	1125.000000	1155.000000	999.000000	617.000000	267.000000	199.000000	1.000000	1.000000	1.000000	225.000000
315.000000	149.000000	1.000000	1.000000	466.000000	521.000000	249.000000	1.000000	1.000000	1.000000	1.000000	1.000000	1.000000	1.000000	1.000000	301.000000	193.000000	1.000000	1.000000	1.000000	1.000000
1.000000	1.000000	245.000000	923.000000	3421.000000	3614.000000	2973.000000	2173.000000	1014.000000	232.000000	1.000000	191.000000	446.000000	1425.000000	2724.000000	3221.000000	2700.000000	1303.000000	265.000000	1.000000	1.000000
1.000000	1.000000	305.000000	518.000000	559.000000	1623.000000	2714.000000	3007.000000	2652.000000	1290.000000	245.000000	176.000000	2348.000000	3083.000000	3156.000000	1589.000000	487.000000	285.000000	1.000000	1.000000	1.000000
1.000000	1.000000	331.000000	215.000000	1.000000	1.000000	1.000000	513.000000	409.000000	1.000000	1.000000	281.000000	443.000000	423.000000	909.000000	699.000000	1.000000	1.000000	497.000000	497.000000	1.000000
487.000000	1.000000	1.000000	1.000000	637.000000	755.000000	235.000000	1.000000	1.000000	1.000000	1.000000	1.000000	1.000000	1.000000	247.000000	707.000000	1207.000000	889.000000	1.000000	1.000000	449.000000
859.000000	739.000000	479.000000	1.000000	1.000000	1.000000	1.000000	1.000000	1.000000	1.000000	273.000000	1.000000	1.000000	1.000000	1.000000	1.000000	1.000000	1.000000	1.000000	1.000000	1.000000
477.000000	1639.000000	2023.000000	671.000000	507.000000	1.000000	1.000000	1.000000	744.000000	745.000000	562.000000	1003.000000	721.000000	1.000000	1.000000	1.000000	1.000000	1.000000	759.000000	393.000000	1.000000
305.000000	925.000000	1103.000000	653.000000	739.000000	763.000000	901.000000	1109.000000	1345.000000	491.000000	245.000000	1.000000	421.000000	707.000000	316.000000	151.000000	145.000000	753.000000	1543.000000	1579.000000	367.000000
1065.000000	349.000000	349.000000	514.000000	541.000000	1305.000000	1951.000000	1647.000000	1183.000000	1238.000000	1067.000000	762.000000	699.000000	1110.000000	1088.000000	779.000000	1357.000000	1521.000000	1067.000000	1101.000000	503.000000
491.000000	1.000000	157.000000	1296.000000	1930.000000	2063.000000	703.000000	1.000000	1.000000	1335.000000	3169.000000	3008.000000	1367.000000	261.000000	255.000000	433.000000	1197.000000	1201.000000	197.000000	247.000000	223.000000
357.000000	1.000000	1.000000	255.000000	1387.000000	1501.000000	1.000000	222.000000	467.000000	473.000000	709.000000	1.000000	393.000000	1.000000	219.000000	381.000000	665.000000	235.000000	1.000000	1.000000	1.000000
199.000000	453.000000	1.000000	1.000000	1.000000	1.000000	165.000000	3112.000000	2039.000000	663.000000	540.000000	839.000000	1071.000000	915.000000	677.000000	231.000000	223.000000	1.000000	1.000000	477.000000	1.000000
1.000000	797.000000	1485.000000	1.000000	1.000000	1.000000	1.000000	1.000000	937.000000	1637.000000	1688.000000	1767.000000	767.000000	503.000000	1.000000	421.000000	213.000000	299.000000	263.000000	631.000000	1.000000
1.000000	227.000000	897.000000	651.000000	183.000000	211.000000	1.000000	146.000000	622.000000	524.000000	749.000000	481.000000	1.000000	1.000000	395.000000	1084.000000	803.000000	383.000000	587.000000	297.000000	373.000000
1.000000	1.000000	649.000000	659.000000	608.000000	1275.000000	581.000000	655.000000	589.000000	387.000000	1.000000	1.000000	396.000000	1536.000000	1841.000000	845.000000	625.000000	1163.000000	705.000000	687.000000	463.000000
209.000000	1.000000	1.000000	229.000000	295.000000	549.000000	1159.000000	441.000000	1.000000	1.000000	1.000000	1.000000	217.000000	1613.000000	729.000000	803.000000	341.000000	211.000000	1.000000	181.000000	215.000000
193.000000	1.000000	1.000000	1.000000	1.000000	281.000000	613.000000	733.000000	833.000000	251.000000	265.000000	329.000000	647.000000	1137.000000	581.000000	325.000000	275.000000	1.000000	1.000000	1.000000	1.000000
1.000000	1.000000	1.000000	1.000000	1.000000	1.000000	1.000000	429.000000	385.000000	373.000000	373.000000	399.000000	371.000000	205.000000	1.000000	1.000000	1.000000	1.000000	1.000000	1.000000	1.000000
1.000000	1.000000	1.000000	1.000000	1.000000	1.000000	1.000000	1.000000	1.000000	1.000000	197.000000	1.000000	1.000000	1.000000	1.000000	1.000000	1.000000	1.000000	1.000000	1.000000	1.000000
1.000000	1.000000	1.000000	1.000000	1.000000	1.000000	1.000000	1.000000	1.000000	1.000000	1.000000	1.000000	1.000000	1.000000	1.000000	1.000000	1.000000	1.000000	1.000000	1.000000	1.000000
1.000000	1.000000	1.000000	1.000000	1.000000	1.000000	1.000000	1.000000	1.000000	1.000000	1.000000	1.000000	1.000000	1.000000	1.000000	1.000000	1.000000	1.000000	1.000000	1.000000	1.000000
