21 25 0
1.000000	1.000000	215.000000	1237.000000	1.000000	1.000000	283.000000	256.000000	1.000000	1.000000	1.000000	1.000000	1.000000	1.000000	191.000000	2325.000000	2198.000000	259.000000	1.000000	217.000000	479.000000
1.000000	1.000000	211.000000	399.000000	617.000000	1.000000	1.000000	1.000000	179.000000	1.000000	1.000000	1.000000	1.000000	1.000000	1.000000	237.000000	2330.000000	1810.000000	319.000000	1.000000	1.000000
1.000000	1.000000	1.000000	421.000000	794.000000	1.000000	1.000000	1.000000	1.000000	1.000000	1.000000	1.000000	1.000000	1.000000	1.000000	1.000000	741.000000	2300.000000	1581.000000	343.000000	1.000000
159.000000	1.000000	1.000000	171.000000	776.000000	713.000000	203.000000	381.000000	350.000000	393.000000	1.000000	1.000000	214.000000	1.000000	1.000000	1.000000	1.000000	872.000000	1319.000000	673.000000	1.000000
1.000000	1.000000	1.000000	1.000000	345.000000	547.000000	1107.000000	1141.000000	1139.000000	1526.000000	1347.000000	935.000000	611.000000	397.000000	1.000000	1.000000	1.000000	1247.000000	1101.000000	755.000000	1.000000
315.000000	1.000000	1.000000	1.000000	1.000000	1.000000	1.000000	1.000000	207.000000	375.000000	899.000000	1.000000	1.000000	1.000000	1.000000	1.000000	1.000000	481.000000	1171.000000	1401.000000	645.000000
1.000000	1.000000	1.000000	1.000000	1.000000	1.000000	1.000000	1.000000	1.000000	1.000000	1.000000	157.000000	1.000000	1.000000	1.000000	1.000000	499.000000	375.000000	415.000000	593.000000	865.000000
1.000000	1.000000	842.000000	381.000000	1.000000	751.000000	178.000000	1.000000	295.000000	1.000000	327.000000	2021.000000	1.000000	1.000000	505.000000	1.000000	1.000000	909.000000	751.000000	347.000000	607.000000
1.000000	1.000000	2305.000000	1417.000000	1.000000	1.000000	1619.000000	497.000000	901.000000	1.000000	281.000000	2910.000000	1295.000000	469.000000	1027.000000	317.000000	1.000000	975.000000	615.000000	1087.000000	393.000000
1.000000	1.000000	653.000000	2517.000000	1750.000000	361.000000	391.000000	591.000000	1365.000000	1.000000	1.000000	551.000000	1271.000000	831.000000	1757.000000	1571.000000	327.000000	337.000000	511.000000	1103.000000	395.000000
1.000000	1.000000	1.000000	1.000000	1563.000000	1463.000000	453.000000	1.000000	1.000000	1.000000	1.000000	301.000000	547.000000	243.000000	817.000000	465.000000	1.000000	1.000000	1.000000	943.000000	177.000000
928.000000	1.000000	1.000000	1.000000	1.000000	1.000000	267.000000	1.000000	1.000000	1.000000	1.000000	1878.000000	489.000000	283.000000	441.000000	167.000000	301.000000	1256.000000	1.000000	357.000000	273.000000
381.000000	1.000000	1.000000	1.000000	1.000000	1.000000	1.000000	1.000000	179.000000	1.000000	245.000000	1050.000000	1603.000000	1.000000	1.000000	1.000000	197.000000	1.000000	1.000000	215.000000	1.000000
1.000000	571.000000	1.000000	1.000000	1.000000	1.000000	1.000000	721.000000	1815.000000	463.000000	1.000000	1.000000	689.000000	481.000000	1.000000	1.000000	1.000000	821.000000	1.000000	313.000000	1.000000
571.000000	527.000000	1091.000000	319.000000	277.000000	1.000000	1.000000	205.000000	1713.000000	2267.000000	463.000000	365.000000	233.000000	1.000000	1.000000	1.000000	1.000000	715.000000	215.000000	463.000000	1.000000
261.000000	1.000000	875.000000	1157.000000	721.000000	1201.000000	1.000000	1.000000	1.000000	977.000000	1919.000000	1.000000	305.000000	1.000000	1.000000	624.000000	1.000000	439.000000	355.000000	1.000000	221.000000
689.000000	1.000000	1.000000	447.000000	205.000000	969.000000	1465.000000	794.000000	339.000000	1.000000	1.000000	1.000000	1.000000	1.000000	1.000000	1.000000	1.000000	1.000000	1.000000	1.000000	1.000000
1121.000000	247.000000	1.000000	229.000000	149.000000	1.000000	339.000000	1059.000000	1369.000000	575.000000	1.000000	1.000000	1.000000	1.000000	313.000000	1.000000	1.000000	333.000000	205.000000	1.000000	1.000000
1.000000	593.000000	674.000000	615.000000	289.000000	1.000000	1.000000	548.000000	1804.000000	1217.000000	217.000000	1.000000	1.000000	1.000000	313.000000	1.000000	1.000000	1.000000	1.000000	1.000000	1.000000
197.000000	239.000000	532.000000	651.000000	1587.000000	1.000000	1.000000	197.000000	803.000000	1223.000000	1081.000000	255.000000	347.000000	1.000000	1.000000	1.000000	373.000000	1.000000	1.000000	397.000000	177.000000
217.000000	1.000000	229.000000	207.000000	221.000000	407.000000	1.000000	1.000000	1.000000	1.000000	1.000000	1.000000	1.000000	1.000000	1.000000	1.000000	1.000000	375.000000	1.000000	1.000000	399.000000
1.000000	217.000000	1.000000	1.000000	321.000000	323.000000	1.000000	1.000000	1.000000	1.000000	1.000000	1.000000	1.000000	1.000000	1.000000	423.000000	1.000000	1.000000	1.000000	169.000000	1.000000
1.000000	169.000000	1.000000	1.000000	1.000000	221.000000	211.000000	1.000000	1.000000	1.000000	1.000000	1.000000	1.000000	1.000000	1.000000	1.000000	423.000000	1.000000	1.000000	1.000000	1.000000
1.000000	1.000000	1.000000	1.000000	1.000000	1.000000	1.000000	1.000000	1.000000	1.000000	1.000000	1.000000	1.000000	1.000000	1.000000	1.000000	1.000000	1.000000	1.000000	1.000000	1.000000
1.000000	1.000000	1.000000	1.000000	1.000000	1.000000	1.000000	1.000000	1.000000	1.000000	1.000000	1.000000	1.000000	1.000000	1.000000	1.000000	1.000000	1.000000	1.000000	1.000000	1.000000
