21 25 0
679.000000	399.000000	565.000000	715.000000	873.000000	881.000000	817.000000	1.000000	1.000000	259.000000	525.000000	255.000000	235.000000	1.000000	1.000000	579.000000	377.000000	1.000000	1.000000	165.000000	201.000000
1.000000	1.000000	237.000000	677.000000	945.000000	435.000000	1.000000	1.000000	1.000000	183.000000	1.000000	1.000000	1.000000	1.000000	1.000000	1.000000	1347.000000	1063.000000	297.000000	1.000000	1.000000
153.000000	1.000000	651.000000	1303.000000	413.000000	1.000000	1.000000	1.000000	1.000000	1.000000	1.000000	1.000000	1.000000	1.000000	1.000000	1.000000	205.000000	791.000000	1123.000000	281.000000	1.000000
1.000000	1.000000	1.000000	1.000000	983.000000	1019.000000	1012.000000	462.000000	354.000000	358.000000	358.000000	344.000000	349.000000	381.000000	754.000000	753.000000	139.000000	1.000000	259.000000	1.000000	1.000000
357.000000	836.000000	407.000000	321.000000	1011.000000	2557.000000	2905.000000	2389.000000	1601.000000	1593.000000	1568.000000	1609.000000	1679.000000	2130.000000	2661.000000	2365.000000	1293.000000	171.000000	1.000000	197.000000	1.000000
1217.000000	1105.000000	611.000000	1.000000	1.000000	1.000000	1.000000	1.000000	215.000000	821.000000	1361.000000	1185.000000	1209.000000	421.000000	227.000000	227.000000	199.000000	387.000000	863.000000	937.000000	1.000000
647.000000	825.000000	1.000000	1.000000	215.000000	303.000000	303.000000	239.000000	1.000000	1.000000	1.000000	1.000000	1.000000	1.000000	213.000000	219.000000	501.000000	513.000000	1.000000	769.000000	445.000000
1.000000	1.000000	475.000000	1.000000	651.000000	957.000000	469.000000	896.000000	407.000000	1.000000	1.000000	1.000000	1.000000	853.000000	759.000000	179.000000	339.000000	1.000000	413.000000	417.000000	387.000000
1.000000	477.000000	799.000000	659.000000	568.000000	351.000000	974.000000	1988.000000	2281.000000	1632.000000	653.000000	597.000000	1231.000000	1703.000000	727.000000	458.000000	1.000000	1.000000	455.000000	455.000000	1.000000
1.000000	1.000000	223.000000	1730.000000	1900.000000	759.000000	1403.000000	2451.000000	2146.000000	828.000000	1.000000	1.000000	549.000000	1809.000000	1840.000000	2721.000000	2091.000000	1397.000000	469.000000	227.000000	1.000000
1.000000	1.000000	1.000000	1.000000	1053.000000	1859.000000	2160.000000	563.000000	285.000000	261.000000	463.000000	1.000000	1.000000	1056.000000	1384.000000	2599.000000	1781.000000	673.000000	259.000000	1.000000	255.000000
407.000000	1.000000	1.000000	1.000000	1.000000	245.000000	455.000000	1.000000	1.000000	265.000000	876.000000	823.000000	1.000000	253.000000	451.000000	605.000000	167.000000	1.000000	1.000000	1.000000	1.000000
1.000000	1.000000	1.000000	1.000000	1.000000	1.000000	1.000000	1.000000	325.000000	465.000000	1667.000000	1379.000000	715.000000	1.000000	1.000000	1.000000	1.000000	1.000000	1.000000	1.000000	1.000000
197.000000	1.000000	1.000000	1.000000	1.000000	1.000000	1.000000	958.000000	776.000000	451.000000	229.000000	207.000000	207.000000	1.000000	1.000000	1.000000	1.000000	1.000000	1.000000	92.000000	277.000000
1.000000	1.000000	178.000000	177.000000	1.000000	1.000000	1.000000	1315.000000	2153.000000	2354.000000	1280.000000	1255.000000	1713.000000	333.000000	1.000000	1.000000	1.000000	1.000000	199.000000	392.000000	175.000000
1.000000	1.000000	225.000000	439.000000	773.000000	571.000000	1.000000	1.000000	1.000000	649.000000	1933.000000	2011.000000	307.000000	229.000000	474.000000	219.000000	1.000000	1.000000	1.000000	90.000000	175.000000
437.000000	1.000000	1.000000	203.000000	814.000000	1547.000000	1884.000000	777.000000	324.000000	1.000000	1.000000	1.000000	281.000000	1199.000000	1145.000000	257.000000	161.000000	415.000000	435.000000	225.000000	1.000000
241.000000	209.000000	387.000000	613.000000	241.000000	621.000000	1189.000000	1663.000000	2005.000000	1197.000000	471.000000	1295.000000	2178.000000	1923.000000	913.000000	537.000000	333.000000	167.000000	407.000000	391.000000	219.000000
217.000000	623.000000	693.000000	335.000000	221.000000	1.000000	1.000000	642.000000	1255.000000	1313.000000	1669.000000	2010.000000	1057.000000	613.000000	347.000000	1.000000	1.000000	1.000000	265.000000	363.000000	1.000000
1.000000	439.000000	1023.000000	1011.000000	213.000000	1.000000	1.000000	429.000000	1124.000000	2251.000000	1929.000000	1027.000000	347.000000	241.000000	1.000000	419.000000	619.000000	1.000000	639.000000	147.000000	163.000000
217.000000	195.000000	235.000000	201.000000	1.000000	1.000000	1.000000	1.000000	1.000000	175.000000	197.000000	1.000000	1.000000	1.000000	1.000000	1.000000	207.000000	575.000000	459.000000	191.000000	177.000000
1.000000	1.000000	1.000000	1.000000	1.000000	223.000000	1.000000	1.000000	1.000000	1.000000	1.000000	1.000000	1.000000	1.000000	1.000000	211.000000	1.000000	1.000000	1.000000	1.000000	1.000000
1.000000	1.000000	1.000000	1.000000	1.000000	1.000000	307.000000	281.000000	1.000000	1.000000	1.000000	1.000000	1.000000	387.000000	1.000000	1.000000	1.000000	1.000000	1.000000	1.000000	1.000000
1.000000	1.000000	1.000000	1.000000	1.000000	1.000000	1.000000	1.000000	1.000000	1.000000	1.000000	1.000000	1.000000	1.000000	1.000000	1.000000	1.000000	1.000000	1.000000	1.000000	1.000000
1.000000	1.000000	1.000000	1.000000	1.000000	1.000000	1.000000	1.000000	1.000000	1.000000	1.000000	1.000000	1.000000	1.000000	1.000000	1.000000	1.000000	1.000000	1.000000	1.000000	1.000000
