21 25 0
473.000000	245.000000	213.000000	1303.000000	229.000000	1.000000	311.000000	385.000000	1.000000	1.000000	1.000000	1.000000	1.000000	1.000000	1.000000	2155.000000	2167.000000	764.000000	1.000000	177.000000	229.000000
778.000000	251.000000	1.000000	403.000000	457.000000	1.000000	171.000000	223.000000	373.000000	1.000000	1.000000	1.000000	1.000000	1.000000	1.000000	679.000000	2111.000000	2444.000000	253.000000	407.000000	1.000000
890.000000	419.000000	1.000000	477.000000	903.000000	1.000000	1.000000	1.000000	449.000000	191.000000	195.000000	1.000000	1.000000	1.000000	1.000000	1.000000	519.000000	2028.000000	1673.000000	411.000000	1.000000
791.000000	175.000000	1.000000	344.000000	823.000000	169.000000	363.000000	531.000000	383.000000	569.000000	1.000000	1.000000	1.000000	177.000000	1.000000	1.000000	231.000000	1344.000000	1719.000000	1357.000000	1.000000
1279.000000	155.000000	1.000000	1.000000	189.000000	1.000000	193.000000	1.000000	1.000000	219.000000	1.000000	1.000000	1.000000	1.000000	1.000000	1.000000	409.000000	1409.000000	1513.000000	1579.000000	243.000000
563.000000	1.000000	402.000000	1054.000000	1.000000	1.000000	1.000000	1.000000	1.000000	1.000000	1.000000	1.000000	1.000000	1.000000	1.000000	1019.000000	421.000000	1416.000000	1397.000000	1609.000000	547.000000
363.000000	437.000000	1338.000000	401.000000	1.000000	1.000000	415.000000	1.000000	1.000000	1.000000	439.000000	472.000000	1367.000000	245.000000	1.000000	513.000000	1.000000	927.000000	417.000000	1021.000000	699.000000
255.000000	770.000000	2303.000000	1013.000000	1.000000	1.000000	1189.000000	1.000000	1.000000	1.000000	291.000000	2837.000000	1595.000000	1.000000	211.000000	1.000000	1.000000	980.000000	1121.000000	907.000000	783.000000
1.000000	824.000000	2384.000000	1748.000000	429.000000	671.000000	1486.000000	495.000000	517.000000	1.000000	283.000000	3063.000000	1299.000000	281.000000	747.000000	385.000000	1.000000	1013.000000	1471.000000	1145.000000	395.000000
1.000000	451.000000	1188.000000	2289.000000	917.000000	511.000000	275.000000	325.000000	1261.000000	1.000000	561.000000	2821.000000	865.000000	283.000000	1160.000000	259.000000	1.000000	1005.000000	1495.000000	1821.000000	467.000000
1.000000	1.000000	437.000000	1295.000000	595.000000	493.000000	1.000000	279.000000	1043.000000	199.000000	751.000000	1931.000000	663.000000	193.000000	553.000000	157.000000	1.000000	1362.000000	1007.000000	1503.000000	817.000000
1.000000	165.000000	1.000000	305.000000	397.000000	1.000000	269.000000	797.000000	1041.000000	1.000000	601.000000	2286.000000	763.000000	239.000000	313.000000	157.000000	611.000000	1338.000000	949.000000	1039.000000	701.000000
1.000000	167.000000	1.000000	161.000000	245.000000	389.000000	455.000000	823.000000	1025.000000	1.000000	527.000000	1966.000000	1386.000000	1.000000	253.000000	1.000000	1079.000000	1699.000000	1183.000000	525.000000	673.000000
165.000000	691.000000	557.000000	173.000000	1.000000	887.000000	757.000000	259.000000	1654.000000	467.000000	505.000000	599.000000	1305.000000	1.000000	253.000000	1.000000	1237.000000	1986.000000	1199.000000	269.000000	193.000000
813.000000	357.000000	977.000000	1455.000000	874.000000	1271.000000	429.000000	1.000000	1690.000000	1636.000000	1.000000	1.000000	1.000000	269.000000	259.000000	1.000000	1237.000000	1585.000000	1139.000000	701.000000	239.000000
785.000000	225.000000	899.000000	1354.000000	917.000000	1175.000000	309.000000	225.000000	289.000000	379.000000	943.000000	479.000000	1.000000	575.000000	259.000000	669.000000	1453.000000	815.000000	595.000000	695.000000	399.000000
675.000000	427.000000	450.000000	777.000000	493.000000	1.000000	1.000000	299.000000	1.000000	1.000000	1.000000	481.000000	1.000000	287.000000	1.000000	1257.000000	975.000000	815.000000	683.000000	433.000000	671.000000
787.000000	1045.000000	755.000000	357.000000	711.000000	1.000000	1.000000	193.000000	837.000000	1.000000	1.000000	417.000000	1.000000	1.000000	1457.000000	1195.000000	331.000000	517.000000	1087.000000	1.000000	505.000000
609.000000	1577.000000	703.000000	577.000000	1083.000000	1.000000	1.000000	1.000000	855.000000	583.000000	1.000000	1.000000	1.000000	884.000000	1512.000000	591.000000	259.000000	981.000000	265.000000	171.000000	461.000000
609.000000	1081.000000	896.000000	807.000000	1763.000000	1.000000	1.000000	1.000000	1049.000000	583.000000	1.000000	1.000000	347.000000	1948.000000	873.000000	539.000000	389.000000	921.000000	1.000000	413.000000	585.000000
1.000000	707.000000	229.000000	1.000000	1207.000000	373.000000	1.000000	1.000000	1.000000	1.000000	1.000000	1.000000	405.000000	1201.000000	353.000000	1.000000	565.000000	219.000000	1.000000	463.000000	267.000000
1.000000	461.000000	1.000000	1.000000	467.000000	1.000000	1.000000	1.000000	1.000000	1.000000	1.000000	1.000000	405.000000	389.000000	1.000000	415.000000	1.000000	1.000000	1.000000	1.000000	1.000000
1.000000	305.000000	1.000000	1.000000	281.000000	225.000000	1.000000	1.000000	1.000000	1.000000	1.000000	1.000000	1.000000	1.000000	1.000000	427.000000	249.000000	1.000000	1.000000	1.000000	1.000000
1.000000	1.000000	1.000000	1.000000	1.000000	1.000000	1.000000	1.000000	1.000000	1.000000	1.000000	1.000000	1.000000	1.000000	1.000000	1.000000	1.000000	1.000000	1.000000	1.000000	1.000000
1.000000	1.000000	1.000000	1.000000	1.000000	1.000000	1.000000	1.000000	1.000000	1.000000	1.000000	1.000000	1.000000	1.000000	1.000000	1.000000	1.000000	1.000000	1.000000	1.000000	1.000000
