21 25 0
197.000000	1.000000	1.000000	1.000000	1.000000	405.000000	277.000000	1.000000	1.000000	223.000000	1.000000	201.000000	803.000000	459.000000	1.000000	1.000000	1.000000	565.000000	1475.000000	627.000000	437.000000
412.000000	590.000000	427.000000	1.000000	235.000000	942.000000	968.000000	1.000000	169.000000	219.000000	187.000000	1100.000000	1273.000000	1587.000000	2183.000000	157.000000	1.000000	1.000000	953.000000	1820.000000	499.000000
177.000000	1039.000000	897.000000	1.000000	327.000000	381.000000	821.000000	559.000000	557.000000	621.000000	563.000000	1129.000000	1133.000000	1569.000000	1563.000000	1162.000000	171.000000	1.000000	1.000000	552.000000	617.000000
191.000000	1037.000000	897.000000	1.000000	295.000000	1.000000	1.000000	1.000000	1.000000	1.000000	1.000000	203.000000	193.000000	1.000000	427.000000	365.000000	551.000000	153.000000	1.000000	551.000000	483.000000
1.000000	563.000000	757.000000	1.000000	849.000000	187.000000	1.000000	1.000000	1.000000	1.000000	1.000000	1.000000	1.000000	1.000000	1.000000	1.000000	1.000000	1.000000	1.000000	1.000000	411.000000
1.000000	1.000000	307.000000	459.000000	1671.000000	2889.000000	1902.000000	722.000000	574.000000	217.000000	1.000000	1.000000	288.000000	1269.000000	2448.000000	591.000000	377.000000	373.000000	1.000000	1.000000	369.000000
1.000000	1.000000	1.000000	1.000000	1.000000	1.000000	2399.000000	2904.000000	2714.000000	1862.000000	245.000000	1.000000	421.000000	271.000000	1282.000000	1313.000000	179.000000	337.000000	475.000000	766.000000	1.000000
1185.000000	1.000000	1.000000	263.000000	1.000000	1.000000	1.000000	1.000000	499.000000	2013.000000	1.000000	1.000000	1.000000	1.000000	893.000000	1133.000000	425.000000	1.000000	385.000000	1161.000000	163.000000
2049.000000	947.000000	1.000000	393.000000	819.000000	1.000000	261.000000	1.000000	1.000000	1223.000000	687.000000	1.000000	1.000000	1.000000	1.000000	471.000000	1515.000000	1347.000000	399.000000	449.000000	367.000000
1729.000000	1685.000000	1.000000	509.000000	1.000000	1.000000	1.000000	1.000000	1.000000	1.000000	565.000000	1.000000	1.000000	1.000000	1.000000	1.000000	1.000000	409.000000	377.000000	419.000000	1.000000
735.000000	2049.000000	767.000000	505.000000	509.000000	1.000000	1.000000	1.000000	1.000000	1.000000	1.000000	1.000000	1048.000000	632.000000	1.000000	1.000000	1.000000	835.000000	601.000000	457.000000	1.000000
505.000000	1683.000000	1472.000000	165.000000	507.000000	158.000000	1.000000	405.000000	1.000000	489.000000	1.000000	245.000000	671.000000	2513.000000	344.000000	1.000000	1.000000	1.000000	601.000000	835.000000	1.000000
371.000000	347.000000	1474.000000	586.000000	613.000000	1.000000	437.000000	401.000000	555.000000	1837.000000	737.000000	467.000000	333.000000	1850.000000	1688.000000	1007.000000	527.000000	315.000000	1.000000	416.000000	453.000000
1119.000000	557.000000	377.000000	1092.000000	1067.000000	263.000000	161.000000	1.000000	291.000000	873.000000	2449.000000	847.000000	1.000000	805.000000	1534.000000	871.000000	507.000000	153.000000	1.000000	219.000000	1.000000
1540.000000	1713.000000	1.000000	445.000000	647.000000	477.000000	1433.000000	683.000000	1.000000	1.000000	1.000000	1825.000000	467.000000	1.000000	447.000000	187.000000	171.000000	233.000000	395.000000	277.000000	171.000000
1027.000000	1556.000000	931.000000	1.000000	1.000000	427.000000	287.000000	2749.000000	2225.000000	659.000000	337.000000	1.000000	1.000000	1.000000	1.000000	1.000000	1.000000	1.000000	1.000000	751.000000	179.000000
217.000000	1014.000000	1569.000000	1.000000	1.000000	427.000000	1.000000	1.000000	975.000000	1345.000000	1.000000	1.000000	1.000000	1.000000	1.000000	789.000000	1.000000	1.000000	1.000000	195.000000	161.000000
370.000000	1.000000	1135.000000	1006.000000	532.000000	509.000000	285.000000	1.000000	1.000000	1.000000	1.000000	1.000000	1.000000	1.000000	1.000000	1.000000	799.000000	1.000000	1.000000	193.000000	175.000000
381.000000	431.000000	445.000000	775.000000	901.000000	1723.000000	1177.000000	1.000000	1.000000	1.000000	1.000000	1.000000	1.000000	719.000000	1.000000	1.000000	305.000000	1087.000000	423.000000	1.000000	1.000000
202.000000	237.000000	263.000000	221.000000	307.000000	1315.000000	2210.000000	1253.000000	1.000000	1.000000	1.000000	1.000000	1.000000	811.000000	1.000000	1.000000	181.000000	347.000000	767.000000	281.000000	229.000000
1.000000	1.000000	1.000000	233.000000	1.000000	563.000000	787.000000	1007.000000	521.000000	1.000000	1.000000	1.000000	1.000000	1.000000	1.000000	1.000000	1.000000	1.000000	1.000000	173.000000	1.000000
1.000000	1.000000	1.000000	497.000000	1.000000	1.000000	1.000000	399.000000	307.000000	349.000000	349.000000	335.000000	1.000000	1.000000	1.000000	1.000000	1.000000	1.000000	1.000000	1.000000	165.000000
1.000000	1.000000	1.000000	223.000000	1.000000	1.000000	1.000000	1.000000	1.000000	1.000000	1.000000	1.000000	1.000000	1.000000	1.000000	1.000000	1.000000	1.000000	1.000000	1.000000	1.000000
1.000000	1.000000	1.000000	1.000000	1.000000	1.000000	1.000000	1.000000	1.000000	1.000000	1.000000	1.000000	1.000000	1.000000	1.000000	1.000000	1.000000	1.000000	1.000000	1.000000	1.000000
1.000000	1.000000	1.000000	1.000000	1.000000	1.000000	1.000000	1.000000	1.000000	1.000000	1.000000	1.000000	1.000000	1.000000	1.000000	1.000000	1.000000	1.000000	1.000000	1.000000	1.000000
