21 25 0
225.000000	534.000000	810.000000	696.000000	484.000000	813.000000	1.000000	123.000000	1.000000	237.000000	1.000000	125.000000	145.000000	1.000000	1.000000	369.000000	1.000000	1.000000	1.000000	1.000000	1.000000
727.000000	1177.000000	693.000000	989.000000	472.000000	1.000000	181.000000	823.000000	1035.000000	855.000000	379.000000	577.000000	580.000000	304.000000	1.000000	329.000000	1.000000	1.000000	1.000000	1.000000	1.000000
916.000000	828.000000	75.000000	167.000000	1.000000	127.000000	935.000000	1521.000000	371.000000	948.000000	364.000000	651.000000	591.000000	458.000000	140.000000	1.000000	1.000000	1.000000	295.000000	1.000000	1.000000
1298.000000	1047.000000	1.000000	1.000000	1.000000	729.000000	762.000000	389.000000	1.000000	1.000000	169.000000	151.000000	225.000000	1.000000	1.000000	1.000000	1.000000	1.000000	359.000000	476.000000	1.000000
951.000000	297.000000	1.000000	1.000000	2083.000000	1629.000000	398.000000	443.000000	1.000000	615.000000	1.000000	1.000000	311.000000	701.000000	1346.000000	337.000000	1.000000	177.000000	857.000000	960.000000	1.000000
1307.000000	207.000000	1.000000	872.000000	3757.000000	1441.000000	1.000000	867.000000	299.000000	413.000000	1.000000	893.000000	1297.000000	2052.000000	1204.000000	1.000000	1.000000	1.000000	1043.000000	399.000000	1.000000
1383.000000	1.000000	1.000000	2960.000000	1868.000000	167.000000	539.000000	289.000000	1.000000	1.000000	157.000000	1827.000000	1905.000000	485.000000	1.000000	1.000000	1.000000	1.000000	1120.000000	1.000000	1.000000
1098.000000	1.000000	499.000000	1573.000000	1.000000	1.000000	925.000000	709.000000	1.000000	1.000000	1503.000000	2275.000000	487.000000	1.000000	451.000000	1.000000	1.000000	1.000000	358.000000	463.000000	1.000000
151.000000	1.000000	1.000000	503.000000	367.000000	1275.000000	415.000000	1.000000	1.000000	1.000000	1470.000000	755.000000	1.000000	420.000000	418.000000	267.000000	1.000000	1.000000	1.000000	329.000000	1.000000
1.000000	1.000000	1.000000	621.000000	1.000000	1.000000	1.000000	1.000000	1.000000	1.000000	754.000000	384.000000	1.000000	1.000000	204.000000	1.000000	1.000000	1.000000	610.000000	2186.000000	1.000000
465.000000	1.000000	1.000000	630.000000	146.000000	297.000000	429.000000	1.000000	1.000000	1.000000	1.000000	1.000000	1.000000	1.000000	1.000000	1.000000	1.000000	1.000000	2176.000000	2706.000000	1.000000
455.000000	937.000000	1.000000	136.000000	453.000000	440.000000	1.000000	179.000000	1.000000	491.000000	1143.000000	647.000000	1.000000	1.000000	129.000000	283.000000	1.000000	322.000000	3285.000000	1178.000000	1.000000
1.000000	489.000000	937.000000	143.000000	127.000000	133.000000	189.000000	372.000000	449.000000	1413.000000	2572.000000	724.000000	232.000000	1.000000	1.000000	313.000000	1.000000	689.000000	2964.000000	605.000000	1.000000
1.000000	1.000000	937.000000	1.000000	1.000000	1.000000	343.000000	1.000000	978.000000	2197.000000	937.000000	1.000000	1.000000	1.000000	717.000000	161.000000	1.000000	1290.000000	2449.000000	767.000000	166.000000
491.000000	503.000000	389.000000	1.000000	1.000000	157.000000	252.000000	1149.000000	1060.000000	265.000000	1.000000	1.000000	1.000000	443.000000	149.000000	1.000000	1.000000	1602.000000	978.000000	1.000000	1.000000
1.000000	644.000000	465.000000	1.000000	1.000000	885.000000	1287.000000	914.000000	571.000000	1.000000	374.000000	1.000000	794.000000	1083.000000	1.000000	1.000000	273.000000	940.000000	205.000000	1.000000	425.000000
244.000000	465.000000	1.000000	1.000000	866.000000	1416.000000	1382.000000	778.000000	1.000000	1.000000	1.000000	187.000000	683.000000	383.000000	1.000000	137.000000	762.000000	863.000000	481.000000	890.000000	128.000000
1.000000	606.000000	1.000000	1.000000	1256.000000	1314.000000	738.000000	1.000000	1.000000	1.000000	1.000000	1.000000	1.000000	1.000000	1.000000	133.000000	793.000000	859.000000	641.000000	74.000000	1.000000
168.000000	612.000000	1.000000	1.000000	434.000000	890.000000	231.000000	203.000000	752.000000	1043.000000	415.000000	1.000000	1.000000	1.000000	1.000000	571.000000	1175.000000	1184.000000	721.000000	1.000000	1.000000
627.000000	149.000000	1.000000	1.000000	387.000000	187.000000	1.000000	355.000000	1281.000000	1767.000000	1352.000000	361.000000	1.000000	151.000000	1.000000	967.000000	1277.000000	711.000000	557.000000	1.000000	1.000000
152.000000	423.000000	1.000000	277.000000	1.000000	1.000000	1.000000	548.000000	277.000000	548.000000	339.000000	1.000000	742.000000	571.000000	594.000000	1128.000000	930.000000	619.000000	256.000000	1.000000	1.000000
457.000000	539.000000	1.000000	366.000000	1.000000	1.000000	243.000000	719.000000	345.000000	334.000000	1.000000	560.000000	722.000000	1107.000000	1055.000000	541.000000	1.000000	259.000000	1.000000	146.000000	1.000000
573.000000	560.000000	427.000000	1.000000	1.000000	135.000000	193.000000	497.000000	791.000000	409.000000	380.000000	715.000000	1344.000000	1273.000000	984.000000	482.000000	1.000000	1.000000	539.000000	163.000000	1.000000
719.000000	325.000000	1.000000	1.000000	1.000000	1.000000	1.000000	1.000000	1.000000	185.000000	285.000000	1.000000	442.000000	422.000000	475.000000	1.000000	332.000000	375.000000	1.000000	1.000000	1.000000
1.000000	1.000000	1.000000	1.000000	1.000000	1.000000	1.000000	1.000000	1.000000	176.000000	1.000000	1.000000	166.000000	166.000000	1.000000	1.000000	1.000000	353.000000	1.000000	1.000000	1.000000
