21 25 0
175.000000	157.000000	1.000000	1.000000	283.000000	1089.000000	1517.000000	2234.000000	1101.000000	436.000000	755.000000	739.000000	953.000000	1260.000000	354.000000	632.000000	378.000000	1.000000	1.000000	1.000000	172.000000
1.000000	1.000000	1.000000	1.000000	1157.000000	2081.000000	1652.000000	638.000000	1.000000	1.000000	131.000000	372.000000	92.000000	1.000000	1.000000	1.000000	1.000000	1.000000	1.000000	1.000000	214.000000
1.000000	1.000000	1.000000	1009.000000	2534.000000	1526.000000	506.000000	1.000000	1.000000	1.000000	1.000000	169.000000	173.000000	163.000000	153.000000	1.000000	1.000000	1.000000	391.000000	1.000000	143.000000
1.000000	1.000000	856.000000	3175.000000	1489.000000	1.000000	1.000000	1.000000	1.000000	187.000000	692.000000	934.000000	506.000000	486.000000	501.000000	1.000000	151.000000	1.000000	1.000000	1.000000	153.000000
1.000000	1.000000	2469.000000	2295.000000	1.000000	1.000000	129.000000	1.000000	1.000000	1.000000	797.000000	570.000000	649.000000	688.000000	145.000000	451.000000	367.000000	401.000000	1.000000	1.000000	659.000000
1.000000	491.000000	3130.000000	447.000000	1.000000	1.000000	1.000000	1.000000	1.000000	153.000000	187.000000	173.000000	1.000000	1.000000	509.000000	1.000000	1.000000	1.000000	1.000000	1.000000	500.000000
1.000000	1392.000000	3359.000000	1.000000	1.000000	1394.000000	1049.000000	1.000000	403.000000	1909.000000	753.000000	1.000000	1.000000	1100.000000	1.000000	487.000000	471.000000	979.000000	1.000000	1.000000	394.000000
1.000000	2254.000000	1829.000000	1.000000	497.000000	487.000000	435.000000	433.000000	1863.000000	641.000000	1.000000	1.000000	366.000000	925.000000	757.000000	183.000000	352.000000	1.000000	1.000000	1.000000	325.000000
1.000000	2641.000000	485.000000	1.000000	489.000000	176.000000	167.000000	445.000000	1216.000000	463.000000	1.000000	1.000000	952.000000	677.000000	1.000000	1.000000	445.000000	574.000000	1.000000	1.000000	167.000000
400.000000	1722.000000	263.000000	1.000000	178.000000	653.000000	461.000000	610.000000	838.000000	1.000000	1.000000	397.000000	1471.000000	589.000000	1.000000	1.000000	1916.000000	1810.000000	1.000000	1.000000	526.000000
981.000000	1353.000000	1.000000	1.000000	1.000000	1.000000	1.000000	611.000000	162.000000	1.000000	1.000000	481.000000	584.000000	398.000000	382.000000	773.000000	1365.000000	145.000000	1.000000	1.000000	1142.000000
874.000000	969.000000	1.000000	1.000000	1.000000	294.000000	421.000000	193.000000	65.000000	1.000000	1.000000	1.000000	228.000000	1.000000	1.000000	169.000000	161.000000	1.000000	1.000000	183.000000	844.000000
1.000000	1.000000	1.000000	1.000000	1.000000	429.000000	136.000000	1.000000	1.000000	1.000000	1.000000	1.000000	209.000000	209.000000	1.000000	158.000000	430.000000	1.000000	1.000000	154.000000	406.000000
1.000000	1.000000	1.000000	1.000000	143.000000	131.000000	224.000000	459.000000	1.000000	1.000000	1.000000	571.000000	1746.000000	400.000000	1.000000	172.000000	727.000000	1.000000	1.000000	275.000000	1233.000000
1.000000	1.000000	1.000000	606.000000	1.000000	1.000000	1.000000	115.000000	1.000000	433.000000	917.000000	1604.000000	1233.000000	1.000000	1.000000	294.000000	875.000000	1.000000	449.000000	2246.000000	1343.000000
1.000000	1.000000	508.000000	1380.000000	225.000000	1.000000	1.000000	1.000000	285.000000	582.000000	361.000000	1.000000	1.000000	203.000000	154.000000	993.000000	118.000000	1.000000	1841.000000	735.000000	334.000000
493.000000	213.000000	1305.000000	1540.000000	321.000000	1.000000	1.000000	327.000000	923.000000	229.000000	1.000000	1.000000	1.000000	644.000000	1141.000000	852.000000	1.000000	866.000000	1.000000	1.000000	159.000000
1.000000	197.000000	802.000000	932.000000	431.000000	1.000000	992.000000	950.000000	1239.000000	1246.000000	459.000000	192.000000	1.000000	831.000000	2073.000000	497.000000	1.000000	271.000000	1.000000	331.000000	943.000000
1.000000	251.000000	851.000000	906.000000	269.000000	909.000000	962.000000	1342.000000	595.000000	460.000000	1.000000	1.000000	1.000000	880.000000	226.000000	1.000000	203.000000	1.000000	754.000000	559.000000	535.000000
1.000000	1.000000	797.000000	357.000000	1.000000	233.000000	296.000000	208.000000	1.000000	1.000000	255.000000	720.000000	1.000000	1.000000	1.000000	1.000000	1.000000	149.000000	589.000000	432.000000	697.000000
359.000000	887.000000	956.000000	1.000000	1.000000	1.000000	186.000000	1.000000	1.000000	227.000000	1300.000000	1453.000000	1014.000000	151.000000	1.000000	1.000000	1.000000	293.000000	815.000000	252.000000	263.000000
1027.000000	1389.000000	415.000000	651.000000	1.000000	1.000000	1.000000	1.000000	1.000000	828.000000	635.000000	1334.000000	794.000000	145.000000	1.000000	1.000000	1.000000	673.000000	294.000000	123.000000	132.000000
868.000000	595.000000	1235.000000	196.000000	703.000000	1.000000	1.000000	1.000000	145.000000	1.000000	1.000000	474.000000	165.000000	1.000000	592.000000	1248.000000	865.000000	861.000000	1.000000	1.000000	460.000000
363.000000	1721.000000	651.000000	425.000000	1.000000	1.000000	1.000000	177.000000	370.000000	189.000000	1.000000	1.000000	1.000000	497.000000	1114.000000	1290.000000	1270.000000	157.000000	296.000000	157.000000	613.000000
171.000000	578.000000	425.000000	1.000000	1.000000	1.000000	1.000000	1.000000	1.000000	1.000000	1.000000	1.000000	1.000000	1.000000	203.000000	646.000000	405.000000	1.000000	1.000000	351.000000	1.000000
