21 25 0
311.000000	179.000000	1.000000	1.000000	239.000000	975.000000	1367.000000	1214.000000	1.000000	1.000000	157.000000	247.000000	1.000000	591.000000	1.000000	1.000000	1.000000	160.000000	361.000000	289.000000	652.000000
1.000000	179.000000	1.000000	1.000000	578.000000	1613.000000	1320.000000	402.000000	1.000000	1.000000	1.000000	1.000000	146.000000	1.000000	143.000000	264.000000	1.000000	1.000000	163.000000	763.000000	861.000000
1.000000	1.000000	373.000000	890.000000	1795.000000	880.000000	1.000000	1.000000	1.000000	1.000000	175.000000	186.000000	1.000000	145.000000	565.000000	605.000000	593.000000	1.000000	1.000000	1023.000000	1049.000000
1.000000	193.000000	1527.000000	2419.000000	512.000000	1.000000	1.000000	1.000000	1.000000	1.000000	624.000000	1.000000	428.000000	146.000000	305.000000	705.000000	1049.000000	288.000000	1.000000	1157.000000	1906.000000
1.000000	347.000000	3327.000000	1879.000000	1.000000	1.000000	1.000000	1.000000	1.000000	1.000000	239.000000	1.000000	68.000000	1.000000	1.000000	337.000000	1977.000000	1010.000000	1.000000	1039.000000	2257.000000
1.000000	730.000000	3759.000000	454.000000	1.000000	1.000000	1.000000	437.000000	461.000000	466.000000	367.000000	1.000000	1.000000	1.000000	1.000000	337.000000	2585.000000	1797.000000	1.000000	739.000000	2349.000000
1.000000	2265.000000	3345.000000	1.000000	1.000000	1.000000	1.000000	1.000000	2056.000000	1662.000000	589.000000	1.000000	1.000000	1.000000	1.000000	1.000000	1427.000000	2060.000000	1.000000	171.000000	1927.000000
1.000000	3820.000000	2655.000000	1.000000	497.000000	1.000000	1.000000	1.000000	2477.000000	2188.000000	590.000000	1.000000	1.000000	1.000000	1.000000	1.000000	379.000000	1439.000000	1.000000	172.000000	1690.000000
183.000000	3853.000000	2334.000000	1.000000	287.000000	1.000000	1.000000	1.000000	1657.000000	909.000000	1.000000	165.000000	856.000000	759.000000	1.000000	1.000000	445.000000	1106.000000	1.000000	171.000000	1312.000000
257.000000	2227.000000	2669.000000	1.000000	410.000000	1.000000	1.000000	1.000000	494.000000	135.000000	1.000000	195.000000	1479.000000	485.000000	1.000000	1.000000	1762.000000	2791.000000	1.000000	187.000000	1834.000000
1.000000	1602.000000	2678.000000	1.000000	1.000000	149.000000	1.000000	566.000000	411.000000	506.000000	1.000000	786.000000	1647.000000	394.000000	1.000000	171.000000	1950.000000	2680.000000	1.000000	187.000000	2772.000000
1.000000	877.000000	1642.000000	1.000000	1.000000	151.000000	158.000000	537.000000	420.000000	1.000000	1.000000	677.000000	1661.000000	547.000000	1.000000	427.000000	1953.000000	829.000000	1.000000	188.000000	2559.000000
1.000000	1.000000	2241.000000	167.000000	1.000000	165.000000	284.000000	213.000000	1.000000	1.000000	1.000000	549.000000	1646.000000	985.000000	1.000000	279.000000	2138.000000	457.000000	1.000000	621.000000	1519.000000
495.000000	1.000000	2069.000000	937.000000	1.000000	165.000000	1.000000	1.000000	1.000000	1.000000	1.000000	1505.000000	2212.000000	1044.000000	1.000000	271.000000	1928.000000	601.000000	1.000000	1409.000000	1598.000000
1670.000000	1.000000	979.000000	1631.000000	1.000000	1.000000	1.000000	1.000000	1.000000	1.000000	1.000000	529.000000	1981.000000	838.000000	1.000000	141.000000	857.000000	282.000000	1.000000	1177.000000	1139.000000
1576.000000	1.000000	581.000000	2271.000000	183.000000	1.000000	1.000000	1.000000	1.000000	522.000000	1.000000	305.000000	844.000000	1225.000000	453.000000	875.000000	147.000000	1.000000	433.000000	534.000000	669.000000
987.000000	251.000000	1406.000000	2819.000000	549.000000	1.000000	517.000000	138.000000	569.000000	449.000000	1.000000	1.000000	181.000000	1190.000000	1658.000000	979.000000	1.000000	451.000000	1009.000000	134.000000	363.000000
497.000000	197.000000	1373.000000	2584.000000	812.000000	1.000000	784.000000	684.000000	1.000000	261.000000	367.000000	1.000000	1.000000	711.000000	1655.000000	1073.000000	448.000000	1.000000	576.000000	271.000000	757.000000
1.000000	1.000000	1253.000000	2419.000000	792.000000	130.000000	379.000000	429.000000	461.000000	1.000000	733.000000	405.000000	1.000000	521.000000	1117.000000	676.000000	613.000000	1.000000	862.000000	643.000000	541.000000
1.000000	1.000000	463.000000	1650.000000	836.000000	866.000000	540.000000	447.000000	1.000000	1.000000	1309.000000	1392.000000	831.000000	683.000000	801.000000	469.000000	593.000000	293.000000	841.000000	653.000000	548.000000
293.000000	395.000000	1.000000	606.000000	1111.000000	1300.000000	1303.000000	437.000000	1.000000	1.000000	1223.000000	1645.000000	1278.000000	585.000000	431.000000	191.000000	255.000000	245.000000	615.000000	539.000000	549.000000
293.000000	1182.000000	299.000000	1.000000	575.000000	1257.000000	1834.000000	1109.000000	1.000000	202.000000	829.000000	1333.000000	848.000000	1.000000	1.000000	1.000000	401.000000	477.000000	680.000000	501.000000	719.000000
434.000000	695.000000	678.000000	172.000000	1.000000	705.000000	1938.000000	1301.000000	418.000000	480.000000	334.000000	1005.000000	403.000000	1.000000	646.000000	496.000000	1209.000000	603.000000	818.000000	420.000000	790.000000
1.000000	1239.000000	1125.000000	899.000000	1.000000	311.000000	928.000000	1114.000000	625.000000	95.000000	1.000000	295.000000	1.000000	379.000000	1000.000000	1093.000000	1487.000000	245.000000	518.000000	441.000000	588.000000
1.000000	464.000000	1.000000	1.000000	132.000000	1.000000	1.000000	1.000000	275.000000	1.000000	1.000000	1.000000	1.000000	1.000000	1.000000	538.000000	467.000000	1.000000	1.000000	1.000000	124.000000
