21 25 0
78.000000	127.000000	1.000000	1.000000	1.000000	1.000000	1.000000	1.000000	1.000000	1.000000	1.000000	1.000000	1.000000	145.000000	502.000000	1.000000	1.000000	610.000000	597.000000	295.000000	176.000000
1.000000	1.000000	1.000000	1.000000	1.000000	1.000000	1.000000	1.000000	179.000000	380.000000	350.000000	319.000000	307.000000	258.000000	817.000000	637.000000	1.000000	1.000000	304.000000	836.000000	1.000000
1.000000	157.000000	1.000000	1.000000	1.000000	1.000000	1.000000	1.000000	422.000000	887.000000	876.000000	484.000000	352.000000	661.000000	981.000000	961.000000	709.000000	1.000000	1.000000	649.000000	655.000000
1.000000	193.000000	489.000000	1.000000	1.000000	1.000000	1.000000	1.000000	175.000000	205.000000	196.000000	156.000000	155.000000	148.000000	278.000000	427.000000	304.000000	1.000000	1.000000	605.000000	1317.000000
1.000000	363.000000	411.000000	1.000000	1.000000	1.000000	425.000000	1225.000000	455.000000	1.000000	1.000000	1.000000	295.000000	373.000000	249.000000	866.000000	1544.000000	1.000000	1.000000	1.000000	1131.000000
1.000000	834.000000	1.000000	1.000000	1.000000	1.000000	434.000000	1342.000000	1343.000000	857.000000	1.000000	1.000000	787.000000	399.000000	1.000000	1022.000000	2745.000000	2604.000000	1.000000	67.000000	1146.000000
1.000000	485.000000	1.000000	1.000000	1.000000	1.000000	333.000000	578.000000	1420.000000	341.000000	1.000000	1.000000	1.000000	1.000000	1.000000	1.000000	971.000000	2547.000000	373.000000	1.000000	755.000000
1.000000	1417.000000	1.000000	1.000000	1.000000	374.000000	1.000000	215.000000	928.000000	527.000000	321.000000	1.000000	1.000000	350.000000	911.000000	1.000000	1.000000	943.000000	889.000000	1.000000	679.000000
1.000000	1877.000000	1.000000	1.000000	1.000000	1.000000	1.000000	1.000000	215.000000	1384.000000	1.000000	1.000000	1.000000	1.000000	382.000000	1048.000000	445.000000	1.000000	1.000000	1.000000	440.000000
153.000000	1507.000000	1848.000000	1.000000	1.000000	411.000000	1.000000	1.000000	1.000000	1.000000	1.000000	1.000000	1.000000	1.000000	1.000000	1.000000	296.000000	1.000000	1.000000	1.000000	194.000000
1.000000	869.000000	1011.000000	1.000000	1.000000	143.000000	453.000000	1.000000	1.000000	1.000000	1.000000	1.000000	228.000000	1.000000	1.000000	159.000000	255.000000	1.000000	1.000000	1.000000	165.000000
1.000000	449.000000	749.000000	1.000000	1.000000	1.000000	279.000000	414.000000	581.000000	492.000000	1.000000	1.000000	163.000000	1.000000	1.000000	446.000000	936.000000	1.000000	1.000000	1.000000	441.000000
183.000000	1.000000	863.000000	1.000000	1.000000	1.000000	1.000000	333.000000	282.000000	286.000000	1266.000000	1030.000000	1371.000000	624.000000	1.000000	172.000000	920.000000	286.000000	1.000000	1.000000	995.000000
483.000000	1.000000	1114.000000	207.000000	1.000000	1.000000	1.000000	1.000000	1.000000	231.000000	393.000000	444.000000	638.000000	484.000000	1.000000	1.000000	211.000000	314.000000	1.000000	381.000000	778.000000
1894.000000	1.000000	587.000000	153.000000	1.000000	1.000000	224.000000	1.000000	338.000000	1.000000	1.000000	247.000000	1070.000000	617.000000	1.000000	1.000000	1.000000	1.000000	1.000000	1.000000	199.000000
1174.000000	1132.000000	1.000000	330.000000	1.000000	1.000000	1.000000	224.000000	1355.000000	1082.000000	1.000000	1.000000	1258.000000	1534.000000	692.000000	1.000000	1.000000	1.000000	1.000000	155.000000	305.000000
1005.000000	541.000000	1501.000000	769.000000	1.000000	1.000000	1.000000	463.000000	1.000000	939.000000	1.000000	1.000000	345.000000	1585.000000	1735.000000	824.000000	1.000000	1.000000	673.000000	881.000000	155.000000
501.000000	331.000000	1560.000000	1154.000000	125.000000	1.000000	1.000000	1.000000	1.000000	1.000000	1.000000	1.000000	1.000000	601.000000	1542.000000	1020.000000	374.000000	1.000000	740.000000	252.000000	335.000000
1.000000	1.000000	912.000000	2180.000000	727.000000	1.000000	1.000000	1.000000	134.000000	1122.000000	913.000000	541.000000	1.000000	1.000000	763.000000	588.000000	207.000000	1.000000	1.000000	1.000000	297.000000
1.000000	1.000000	1.000000	2089.000000	1081.000000	1.000000	1.000000	1.000000	1.000000	343.000000	1627.000000	2377.000000	1353.000000	687.000000	177.000000	249.000000	1.000000	1.000000	1.000000	1.000000	141.000000
1.000000	1.000000	1.000000	652.000000	2471.000000	1658.000000	1085.000000	1.000000	1.000000	1.000000	1.000000	496.000000	367.000000	1.000000	1.000000	1.000000	1.000000	1.000000	439.000000	1.000000	533.000000
1.000000	1.000000	1.000000	1.000000	627.000000	2174.000000	2010.000000	874.000000	77.000000	1.000000	223.000000	357.000000	154.000000	1.000000	1.000000	1.000000	1.000000	1.000000	293.000000	135.000000	415.000000
1.000000	1.000000	1.000000	1.000000	1.000000	544.000000	2214.000000	1565.000000	701.000000	187.000000	649.000000	694.000000	485.000000	249.000000	1.000000	1.000000	1.000000	1.000000	285.000000	195.000000	774.000000
1.000000	333.000000	1581.000000	1.000000	1.000000	1.000000	1.000000	1025.000000	276.000000	199.000000	1.000000	268.000000	363.000000	170.000000	1.000000	257.000000	315.000000	1.000000	483.000000	153.000000	299.000000
1.000000	1.000000	1.000000	1.000000	1.000000	1.000000	1.000000	1.000000	262.000000	218.000000	122.000000	1.000000	1.000000	1.000000	1.000000	1.000000	1.000000	1.000000	1.000000	1.000000	1.000000
