21 25 0
286.000000	638.000000	637.000000	1.000000	682.000000	475.000000	1.000000	123.000000	413.000000	497.000000	469.000000	263.000000	263.000000	554.000000	279.000000	1.000000	1.000000	343.000000	312.000000	215.000000	149.000000
594.000000	581.000000	395.000000	1.000000	1.000000	1.000000	167.000000	629.000000	1219.000000	1560.000000	1182.000000	1112.000000	996.000000	1540.000000	1380.000000	306.000000	1.000000	1.000000	1.000000	1.000000	1.000000
1142.000000	738.000000	116.000000	1.000000	1.000000	1.000000	504.000000	980.000000	1578.000000	1416.000000	1367.000000	1488.000000	1416.000000	1182.000000	1116.000000	957.000000	157.000000	1.000000	1.000000	1.000000	1.000000
314.000000	289.000000	1.000000	1.000000	1.000000	1.000000	161.000000	179.000000	223.000000	402.000000	425.000000	414.000000	380.000000	315.000000	163.000000	1.000000	1.000000	1.000000	1.000000	1.000000	1.000000
193.000000	1.000000	1.000000	1.000000	596.000000	1298.000000	1737.000000	1873.000000	1160.000000	219.000000	1.000000	269.000000	475.000000	1199.000000	1594.000000	1327.000000	943.000000	1.000000	1.000000	1.000000	1.000000
1.000000	1.000000	1.000000	1315.000000	2797.000000	2409.000000	2305.000000	2111.000000	1164.000000	590.000000	1.000000	651.000000	1339.000000	2212.000000	2941.000000	2650.000000	2024.000000	1298.000000	1.000000	1.000000	1.000000
1.000000	1.000000	499.000000	1092.000000	774.000000	816.000000	651.000000	768.000000	434.000000	1.000000	1.000000	353.000000	1145.000000	1068.000000	372.000000	522.000000	937.000000	1828.000000	893.000000	1.000000	1.000000
140.000000	1.000000	1.000000	1.000000	1.000000	683.000000	894.000000	1215.000000	1068.000000	688.000000	850.000000	511.000000	191.000000	481.000000	483.000000	481.000000	1.000000	1.000000	1.000000	403.000000	67.000000
1.000000	497.000000	957.000000	1.000000	131.000000	1675.000000	513.000000	1.000000	1.000000	458.000000	397.000000	120.000000	1.000000	1.000000	1658.000000	1324.000000	334.000000	1.000000	1.000000	1.000000	1.000000
1.000000	1017.000000	1017.000000	1.000000	1.000000	1.000000	1.000000	1.000000	1.000000	1.000000	1.000000	1.000000	1.000000	1.000000	421.000000	143.000000	1.000000	1.000000	1.000000	1.000000	1.000000
493.000000	1.000000	1.000000	1.000000	283.000000	691.000000	839.000000	159.000000	1.000000	1.000000	1.000000	1.000000	1.000000	313.000000	275.000000	163.000000	137.000000	1.000000	882.000000	881.000000	1.000000
469.000000	909.000000	1.000000	246.000000	384.000000	655.000000	135.000000	726.000000	1001.000000	850.000000	662.000000	636.000000	88.000000	1.000000	173.000000	434.000000	550.000000	489.000000	1393.000000	905.000000	1.000000
1.000000	1.000000	1.000000	1.000000	1.000000	1.000000	181.000000	605.000000	1118.000000	2040.000000	2732.000000	2342.000000	1983.000000	650.000000	1.000000	137.000000	137.000000	458.000000	627.000000	361.000000	917.000000
1.000000	1.000000	1.000000	1.000000	1.000000	1.000000	145.000000	1.000000	269.000000	569.000000	1143.000000	304.000000	65.000000	1.000000	1.000000	154.000000	1.000000	1023.000000	830.000000	213.000000	934.000000
805.000000	314.000000	358.000000	1.000000	1.000000	1.000000	830.000000	989.000000	623.000000	1.000000	1.000000	1.000000	1.000000	225.000000	1.000000	1.000000	1.000000	1.000000	1.000000	1.000000	167.000000
920.000000	932.000000	1.000000	1.000000	1.000000	223.000000	1921.000000	1866.000000	1357.000000	787.000000	1048.000000	1117.000000	1806.000000	1802.000000	1215.000000	1.000000	1.000000	1.000000	199.000000	675.000000	935.000000
515.000000	753.000000	479.000000	185.000000	1.000000	1.000000	429.000000	1102.000000	726.000000	195.000000	195.000000	195.000000	707.000000	1252.000000	443.000000	823.000000	145.000000	1.000000	1229.000000	1721.000000	824.000000
332.000000	331.000000	202.000000	403.000000	1.000000	1.000000	1.000000	1.000000	1.000000	1.000000	1.000000	1.000000	1.000000	1.000000	1.000000	233.000000	115.000000	1.000000	1.000000	182.000000	1.000000
1.000000	1.000000	1.000000	1.000000	729.000000	343.000000	1.000000	598.000000	1411.000000	1459.000000	1658.000000	779.000000	1.000000	1.000000	1.000000	1.000000	316.000000	1.000000	205.000000	1.000000	1.000000
72.000000	1.000000	1.000000	621.000000	1162.000000	295.000000	1.000000	1.000000	738.000000	1670.000000	1882.000000	1453.000000	1218.000000	1480.000000	1052.000000	1606.000000	871.000000	433.000000	1.000000	1.000000	1.000000
1.000000	1.000000	1.000000	382.000000	2354.000000	1479.000000	1.000000	1.000000	1.000000	1.000000	1.000000	1.000000	1.000000	143.000000	676.000000	1373.000000	672.000000	458.000000	256.000000	1.000000	1.000000
291.000000	1.000000	1.000000	1.000000	215.000000	1445.000000	2571.000000	1675.000000	440.000000	155.000000	203.000000	717.000000	795.000000	541.000000	730.000000	209.000000	1.000000	271.000000	270.000000	1.000000	297.000000
427.000000	847.000000	1.000000	1.000000	1.000000	515.000000	1549.000000	2192.000000	1700.000000	1266.000000	1178.000000	1315.000000	1830.000000	1471.000000	1009.000000	426.000000	1.000000	1.000000	1.000000	1.000000	1.000000
125.000000	1.000000	1.000000	597.000000	1.000000	1.000000	1.000000	571.000000	495.000000	442.000000	713.000000	417.000000	605.000000	470.000000	404.000000	1.000000	1.000000	1.000000	1.000000	1.000000	1.000000
1.000000	1.000000	1.000000	1.000000	1.000000	1.000000	1.000000	1.000000	175.000000	262.000000	228.000000	166.000000	166.000000	166.000000	1.000000	1.000000	1.000000	297.000000	1.000000	1.000000	1.000000
