21 25 0
477.000000	137.000000	1.000000	1.000000	1.000000	827.000000	1524.000000	2157.000000	1854.000000	1477.000000	1312.000000	1227.000000	1315.000000	1342.000000	1462.000000	1969.000000	1686.000000	1016.000000	1.000000	1.000000	1.000000
329.000000	1.000000	1.000000	1.000000	1434.000000	1894.000000	1448.000000	938.000000	1.000000	275.000000	205.000000	361.000000	213.000000	202.000000	206.000000	588.000000	1175.000000	1337.000000	373.000000	1.000000	1.000000
164.000000	1.000000	1.000000	1315.000000	2684.000000	1276.000000	448.000000	1.000000	1.000000	1.000000	1.000000	1.000000	229.000000	267.000000	143.000000	121.000000	249.000000	921.000000	676.000000	1.000000	144.000000
1.000000	1.000000	305.000000	1925.000000	1654.000000	406.000000	496.000000	982.000000	1245.000000	1100.000000	741.000000	751.000000	1220.000000	1505.000000	1169.000000	712.000000	1253.000000	1744.000000	727.000000	1.000000	1.000000
163.000000	1.000000	329.000000	393.000000	1.000000	129.000000	584.000000	920.000000	909.000000	809.000000	884.000000	829.000000	1212.000000	1238.000000	943.000000	869.000000	642.000000	924.000000	343.000000	1.000000	1.000000
140.000000	1.000000	1.000000	1.000000	1.000000	1.000000	599.000000	209.000000	223.000000	223.000000	322.000000	1.000000	1.000000	421.000000	479.000000	1.000000	1.000000	1.000000	1.000000	434.000000	1.000000
1.000000	904.000000	236.000000	1.000000	1.000000	1424.000000	1739.000000	1610.000000	1019.000000	383.000000	299.000000	1.000000	1.000000	1143.000000	1315.000000	1786.000000	745.000000	1.000000	1.000000	1.000000	1.000000
1.000000	970.000000	507.000000	167.000000	405.000000	943.000000	1011.000000	809.000000	407.000000	1.000000	1.000000	1.000000	798.000000	1388.000000	2024.000000	1411.000000	936.000000	207.000000	1.000000	1.000000	1.000000
351.000000	1.000000	1.000000	1.000000	503.000000	839.000000	706.000000	1150.000000	878.000000	554.000000	1.000000	251.000000	709.000000	531.000000	361.000000	304.000000	457.000000	760.000000	421.000000	179.000000	1.000000
1445.000000	441.000000	1.000000	178.000000	450.000000	1197.000000	1303.000000	1141.000000	927.000000	288.000000	288.000000	284.000000	1145.000000	1041.000000	1238.000000	1646.000000	1085.000000	433.000000	1.000000	1.000000	1.000000
2264.000000	1685.000000	1.000000	1.000000	189.000000	189.000000	157.000000	161.000000	161.000000	1121.000000	1311.000000	755.000000	231.000000	406.000000	580.000000	741.000000	1177.000000	439.000000	1.000000	1.000000	137.000000
925.000000	933.000000	1.000000	1.000000	70.000000	301.000000	144.000000	149.000000	323.000000	383.000000	456.000000	380.000000	217.000000	386.000000	439.000000	1.000000	1.000000	1.000000	1.000000	1.000000	1.000000
454.000000	1.000000	1.000000	1.000000	149.000000	423.000000	131.000000	354.000000	1.000000	1.000000	1.000000	1.000000	1.000000	1.000000	64.000000	399.000000	1.000000	1.000000	1.000000	1.000000	1.000000
473.000000	471.000000	1.000000	1.000000	414.000000	402.000000	222.000000	215.000000	214.000000	1.000000	1.000000	1.000000	174.000000	1.000000	1.000000	141.000000	141.000000	1.000000	1.000000	691.000000	869.000000
1.000000	1.000000	1.000000	1.000000	704.000000	264.000000	1.000000	231.000000	231.000000	1797.000000	2807.000000	2243.000000	1388.000000	658.000000	132.000000	536.000000	277.000000	1.000000	867.000000	2253.000000	1662.000000
1.000000	1.000000	1.000000	279.000000	307.000000	243.000000	1.000000	1.000000	1.000000	539.000000	562.000000	1.000000	1.000000	1.000000	1.000000	291.000000	165.000000	1.000000	876.000000	625.000000	481.000000
672.000000	307.000000	857.000000	387.000000	1.000000	341.000000	738.000000	749.000000	722.000000	253.000000	1.000000	266.000000	265.000000	1.000000	1.000000	1.000000	1.000000	251.000000	1.000000	271.000000	1.000000
493.000000	511.000000	1.000000	1.000000	1.000000	509.000000	1937.000000	2329.000000	2289.000000	2119.000000	2510.000000	2449.000000	2196.000000	1594.000000	1184.000000	337.000000	1.000000	1.000000	1.000000	685.000000	948.000000
279.000000	487.000000	389.000000	1.000000	1.000000	157.000000	270.000000	1083.000000	523.000000	410.000000	283.000000	1.000000	1137.000000	1837.000000	876.000000	361.000000	1.000000	309.000000	504.000000	686.000000	268.000000
320.000000	330.000000	346.000000	1.000000	1.000000	1.000000	750.000000	406.000000	1.000000	1.000000	1.000000	1.000000	1.000000	1.000000	1.000000	1.000000	1.000000	1.000000	1.000000	161.000000	293.000000
558.000000	678.000000	554.000000	1.000000	1.000000	1.000000	121.000000	824.000000	1347.000000	2014.000000	1934.000000	1565.000000	583.000000	247.000000	1.000000	1.000000	1.000000	1.000000	1.000000	1.000000	1.000000
1.000000	1280.000000	1533.000000	1559.000000	293.000000	1.000000	1.000000	1.000000	236.000000	869.000000	1396.000000	1146.000000	740.000000	509.000000	1.000000	1.000000	1.000000	327.000000	1.000000	1.000000	1.000000
394.000000	843.000000	851.000000	2176.000000	1897.000000	377.000000	1.000000	1.000000	1.000000	1.000000	1.000000	1.000000	1.000000	1.000000	749.000000	1182.000000	1048.000000	1409.000000	509.000000	183.000000	1.000000
1.000000	471.000000	642.000000	365.000000	522.000000	474.000000	1.000000	201.000000	386.000000	360.000000	179.000000	1.000000	1.000000	600.000000	615.000000	579.000000	153.000000	441.000000	378.000000	605.000000	157.000000
147.000000	260.000000	425.000000	1.000000	1.000000	329.000000	338.000000	1.000000	1.000000	1.000000	1.000000	1.000000	1.000000	1.000000	1.000000	318.000000	157.000000	1.000000	1.000000	453.000000	1.000000
