21 25 0
397.000000	901.000000	526.000000	907.000000	157.000000	1.000000	1.000000	1.000000	158.000000	364.000000	159.000000	367.000000	1.000000	1.000000	1.000000	1129.000000	1107.000000	780.000000	1.000000	1.000000	163.000000
750.000000	769.000000	480.000000	396.000000	1.000000	1.000000	181.000000	1.000000	208.000000	1.000000	1.000000	1.000000	1.000000	1.000000	1.000000	329.000000	830.000000	1495.000000	603.000000	1.000000	165.000000
1235.000000	869.000000	152.000000	1.000000	1.000000	425.000000	437.000000	709.000000	351.000000	207.000000	1.000000	1.000000	1.000000	1.000000	1.000000	1.000000	447.000000	1702.000000	1541.000000	1.000000	1.000000
1365.000000	1203.000000	1.000000	1.000000	485.000000	897.000000	537.000000	410.000000	632.000000	187.000000	1.000000	1.000000	1.000000	1.000000	1.000000	1.000000	1.000000	1357.000000	2273.000000	612.000000	1.000000
1533.000000	715.000000	1.000000	1.000000	2390.000000	631.000000	181.000000	225.000000	239.000000	1.000000	1.000000	231.000000	1.000000	390.000000	421.000000	1.000000	1.000000	1275.000000	2974.000000	1262.000000	1.000000
1816.000000	454.000000	1.000000	1338.000000	3381.000000	450.000000	1.000000	1.000000	1.000000	1.000000	1.000000	894.000000	761.000000	391.000000	423.000000	1.000000	1.000000	647.000000	3083.000000	1759.000000	1.000000
2722.000000	1.000000	1.000000	3431.000000	2317.000000	1.000000	1.000000	205.000000	1.000000	1.000000	821.000000	2307.000000	1001.000000	1.000000	1.000000	503.000000	1.000000	1.000000	2094.000000	1726.000000	1.000000
2724.000000	1.000000	1.000000	3762.000000	419.000000	1.000000	1.000000	173.000000	1.000000	1.000000	1982.000000	2353.000000	484.000000	1.000000	1.000000	503.000000	1.000000	1.000000	1496.000000	1590.000000	1.000000
2273.000000	1.000000	1.000000	3603.000000	173.000000	1.000000	215.000000	211.000000	1.000000	1.000000	1697.000000	1153.000000	1.000000	1.000000	297.000000	437.000000	1.000000	1.000000	2172.000000	1602.000000	1.000000
2004.000000	1.000000	1.000000	2724.000000	1.000000	1.000000	216.000000	1.000000	1.000000	588.000000	1673.000000	510.000000	1.000000	440.000000	479.000000	1.000000	1.000000	1.000000	2614.000000	2414.000000	1.000000
2194.000000	1000.000000	1.000000	2519.000000	271.000000	1.000000	149.000000	1.000000	1.000000	828.000000	1787.000000	778.000000	1.000000	578.000000	933.000000	1.000000	1.000000	201.000000	3134.000000	2777.000000	1.000000
1683.000000	1476.000000	1.000000	1155.000000	591.000000	450.000000	1.000000	1.000000	1.000000	702.000000	1668.000000	778.000000	1.000000	359.000000	1198.000000	317.000000	1.000000	338.000000	3281.000000	1672.000000	1.000000
953.000000	968.000000	129.000000	744.000000	800.000000	198.000000	181.000000	1.000000	237.000000	711.000000	708.000000	131.000000	1.000000	173.000000	1277.000000	494.000000	1.000000	685.000000	2841.000000	1149.000000	1.000000
745.000000	1720.000000	621.000000	149.000000	841.000000	492.000000	165.000000	1.000000	1063.000000	1697.000000	285.000000	1.000000	1.000000	193.000000	1051.000000	650.000000	1.000000	1362.000000	2589.000000	906.000000	1.000000
461.000000	2978.000000	1001.000000	1.000000	658.000000	884.000000	1.000000	1.000000	510.000000	741.000000	1000.000000	1.000000	1.000000	143.000000	460.000000	278.000000	1.000000	1211.000000	1463.000000	257.000000	1.000000
1.000000	1604.000000	507.000000	1.000000	757.000000	1987.000000	580.000000	1.000000	183.000000	1.000000	1189.000000	304.000000	1.000000	1.000000	1.000000	1.000000	977.000000	945.000000	804.000000	1.000000	1.000000
304.000000	1101.000000	469.000000	1.000000	1311.000000	2358.000000	1148.000000	195.000000	1.000000	1.000000	641.000000	1183.000000	879.000000	312.000000	1.000000	497.000000	1186.000000	1209.000000	1029.000000	680.000000	1.000000
985.000000	892.000000	499.000000	1.000000	1363.000000	1393.000000	1217.000000	1.000000	1.000000	1.000000	1.000000	619.000000	1502.000000	383.000000	1.000000	485.000000	1632.000000	1303.000000	1068.000000	273.000000	1.000000
641.000000	819.000000	257.000000	1.000000	889.000000	1402.000000	646.000000	1.000000	778.000000	1.000000	1.000000	401.000000	1108.000000	769.000000	618.000000	589.000000	1213.000000	1232.000000	996.000000	281.000000	1.000000
1094.000000	571.000000	621.000000	1.000000	1.000000	637.000000	1.000000	927.000000	1600.000000	704.000000	235.000000	1.000000	510.000000	612.000000	868.000000	1316.000000	1103.000000	1129.000000	671.000000	1.000000	149.000000
460.000000	587.000000	543.000000	950.000000	1.000000	129.000000	1.000000	1165.000000	1969.000000	1574.000000	1235.000000	1.000000	749.000000	801.000000	912.000000	821.000000	588.000000	599.000000	257.000000	1.000000	146.000000
458.000000	273.000000	678.000000	1382.000000	1.000000	1.000000	1.000000	398.000000	1141.000000	1321.000000	1289.000000	1.000000	763.000000	695.000000	923.000000	470.000000	393.000000	345.000000	1.000000	520.000000	1.000000
329.000000	145.000000	409.000000	1339.000000	2021.000000	1239.000000	1.000000	226.000000	168.000000	504.000000	1084.000000	1.000000	681.000000	488.000000	881.000000	430.000000	1044.000000	460.000000	653.000000	572.000000	1.000000
277.000000	208.000000	1.000000	725.000000	1275.000000	1883.000000	1.000000	1.000000	1.000000	1.000000	742.000000	1.000000	581.000000	532.000000	848.000000	247.000000	942.000000	616.000000	776.000000	777.000000	1.000000
1.000000	1.000000	1.000000	1.000000	1.000000	905.000000	339.000000	1.000000	1.000000	1.000000	1.000000	1.000000	1.000000	291.000000	1.000000	1.000000	1.000000	675.000000	169.000000	1.000000	1.000000
