21 25 0
86.000000	153.000000	1.000000	1.000000	1.000000	1.000000	429.000000	387.000000	727.000000	1177.000000	705.000000	528.000000	365.000000	299.000000	1264.000000	1888.000000	1890.000000	919.000000	1.000000	1.000000	1.000000
349.000000	185.000000	1.000000	1.000000	1.000000	423.000000	1.000000	1.000000	1.000000	347.000000	177.000000	205.000000	90.000000	1.000000	1.000000	659.000000	1705.000000	1949.000000	641.000000	1.000000	1.000000
356.000000	198.000000	1.000000	1.000000	1.000000	377.000000	1.000000	1.000000	1.000000	1.000000	1.000000	1.000000	1.000000	1.000000	1.000000	1.000000	598.000000	1757.000000	1392.000000	1.000000	1.000000
367.000000	1.000000	1.000000	1.000000	417.000000	1.000000	285.000000	408.000000	956.000000	831.000000	592.000000	1.000000	1.000000	1.000000	1.000000	1.000000	1.000000	1615.000000	2085.000000	1.000000	1.000000
847.000000	1.000000	1.000000	1.000000	1.000000	1.000000	129.000000	594.000000	891.000000	645.000000	229.000000	426.000000	1.000000	1.000000	1.000000	1.000000	1.000000	678.000000	2701.000000	1.000000	1.000000
476.000000	1.000000	1.000000	1.000000	493.000000	1.000000	1.000000	1.000000	223.000000	133.000000	167.000000	1.000000	1.000000	1.000000	1.000000	1.000000	1.000000	718.000000	2277.000000	1009.000000	1.000000
1.000000	1.000000	1.000000	989.000000	1.000000	1.000000	435.000000	488.000000	453.000000	1.000000	1.000000	529.000000	562.000000	313.000000	906.000000	1135.000000	251.000000	1.000000	1163.000000	1524.000000	1.000000
1.000000	1.000000	1.000000	501.000000	719.000000	410.000000	460.000000	433.000000	1.000000	1.000000	775.000000	1.000000	1.000000	670.000000	437.000000	1270.000000	770.000000	379.000000	684.000000	624.000000	1.000000
349.000000	1.000000	1.000000	1893.000000	189.000000	489.000000	483.000000	457.000000	201.000000	1.000000	373.000000	237.000000	197.000000	575.000000	1.000000	479.000000	443.000000	1.000000	775.000000	327.000000	1.000000
1898.000000	1.000000	1.000000	1471.000000	1.000000	1.000000	297.000000	297.000000	1.000000	568.000000	730.000000	1.000000	1.000000	418.000000	1315.000000	175.000000	1.000000	1.000000	2006.000000	431.000000	1.000000
1767.000000	1003.000000	1.000000	1.000000	145.000000	1.000000	1.000000	1.000000	157.000000	825.000000	1459.000000	570.000000	1.000000	1.000000	143.000000	1.000000	1.000000	1.000000	1369.000000	621.000000	1.000000
919.000000	981.000000	1.000000	1.000000	141.000000	1.000000	1.000000	1.000000	1.000000	257.000000	544.000000	445.000000	1.000000	1.000000	939.000000	1.000000	1.000000	1.000000	1.000000	1.000000	1.000000
961.000000	894.000000	1.000000	1.000000	684.000000	126.000000	1.000000	393.000000	1.000000	1.000000	1.000000	1.000000	1.000000	223.000000	800.000000	455.000000	1.000000	1.000000	619.000000	1.000000	1.000000
513.000000	2811.000000	1.000000	1.000000	653.000000	551.000000	179.000000	1.000000	1153.000000	821.000000	1.000000	1.000000	1.000000	1.000000	295.000000	296.000000	1.000000	1.000000	525.000000	629.000000	1.000000
1.000000	1767.000000	963.000000	1.000000	553.000000	267.000000	1.000000	1.000000	506.000000	1338.000000	1499.000000	357.000000	1.000000	141.000000	306.000000	406.000000	1.000000	1.000000	1172.000000	351.000000	651.000000
1.000000	983.000000	1.000000	1.000000	993.000000	1007.000000	1.000000	1.000000	1.000000	1.000000	837.000000	142.000000	1.000000	1.000000	275.000000	306.000000	466.000000	159.000000	437.000000	591.000000	331.000000
310.000000	513.000000	971.000000	1.000000	333.000000	1610.000000	740.000000	538.000000	171.000000	1.000000	340.000000	1075.000000	463.000000	1.000000	1.000000	332.000000	457.000000	613.000000	507.000000	271.000000	1.000000
810.000000	285.000000	513.000000	1.000000	297.000000	947.000000	1548.000000	675.000000	712.000000	1.000000	265.000000	2399.000000	2808.000000	1299.000000	333.000000	133.000000	1165.000000	958.000000	924.000000	259.000000	1.000000
801.000000	453.000000	129.000000	1.000000	1.000000	1.000000	339.000000	1.000000	455.000000	1.000000	1.000000	1.000000	887.000000	1317.000000	805.000000	1.000000	582.000000	629.000000	440.000000	183.000000	1.000000
613.000000	549.000000	1.000000	1.000000	1.000000	311.000000	197.000000	1277.000000	812.000000	155.000000	1.000000	1.000000	1.000000	544.000000	247.000000	224.000000	1.000000	1.000000	1.000000	155.000000	1.000000
310.000000	526.000000	1271.000000	1.000000	1.000000	1.000000	1.000000	298.000000	1865.000000	1817.000000	663.000000	1.000000	1.000000	1.000000	1.000000	1.000000	1.000000	1.000000	1.000000	1.000000	1.000000
289.000000	1.000000	1381.000000	2175.000000	509.000000	1.000000	1.000000	1.000000	82.000000	1106.000000	1331.000000	143.000000	1.000000	1.000000	1.000000	247.000000	399.000000	577.000000	1.000000	1.000000	1.000000
137.000000	1.000000	331.000000	1865.000000	2588.000000	821.000000	1.000000	1.000000	1.000000	178.000000	261.000000	1.000000	1.000000	1.000000	1.000000	404.000000	1032.000000	759.000000	611.000000	663.000000	1.000000
1.000000	137.000000	1.000000	341.000000	2408.000000	2748.000000	655.000000	1.000000	1.000000	1.000000	76.000000	1.000000	1.000000	1.000000	1.000000	323.000000	559.000000	1148.000000	662.000000	857.000000	299.000000
1.000000	1.000000	423.000000	1.000000	1.000000	897.000000	817.000000	1.000000	1.000000	1.000000	1.000000	1.000000	1.000000	1.000000	1.000000	1.000000	1.000000	1.000000	295.000000	198.000000	147.000000
