21 25 0
975.000000	234.000000	1.000000	1.000000	1.000000	1134.000000	2510.000000	2091.000000	1288.000000	1503.000000	1207.000000	635.000000	518.000000	188.000000	291.000000	1.000000	1.000000	1.000000	756.000000	293.000000	75.000000
1.000000	1.000000	1.000000	947.000000	1760.000000	1598.000000	1440.000000	1322.000000	1302.000000	1194.000000	1408.000000	1458.000000	1503.000000	1622.000000	1660.000000	609.000000	187.000000	1.000000	1.000000	1.000000	571.000000
1.000000	1.000000	580.000000	735.000000	884.000000	880.000000	707.000000	804.000000	790.000000	492.000000	153.000000	620.000000	906.000000	1162.000000	1297.000000	633.000000	336.000000	165.000000	1.000000	1.000000	207.000000
1.000000	1.000000	1.000000	210.000000	1.000000	1.000000	1.000000	1.000000	1.000000	1.000000	1.000000	1.000000	1.000000	1.000000	1.000000	1.000000	1.000000	1.000000	1.000000	399.000000	639.000000
237.000000	1.000000	1.000000	1.000000	1.000000	1.000000	1.000000	1.000000	1.000000	1.000000	1.000000	1.000000	1.000000	1.000000	1.000000	1.000000	1.000000	1.000000	1.000000	1.000000	334.000000
1.000000	243.000000	301.000000	511.000000	690.000000	957.000000	1701.000000	1914.000000	1017.000000	813.000000	366.000000	497.000000	1109.000000	1738.000000	2386.000000	2355.000000	1520.000000	835.000000	289.000000	1.000000	1.000000
1.000000	1.000000	261.000000	2277.000000	2698.000000	2961.000000	3050.000000	3228.000000	2788.000000	2209.000000	952.000000	1318.000000	2500.000000	3194.000000	3123.000000	3392.000000	3429.000000	2496.000000	961.000000	1.000000	1.000000
1.000000	1.000000	563.000000	1460.000000	1481.000000	1302.000000	273.000000	473.000000	451.000000	238.000000	1.000000	1.000000	1.000000	1.000000	1.000000	1.000000	221.000000	342.000000	1.000000	1.000000	1.000000
1.000000	1.000000	1.000000	1.000000	1.000000	1.000000	1.000000	1.000000	1.000000	1.000000	1.000000	1.000000	1.000000	1.000000	1.000000	1.000000	1.000000	1.000000	1.000000	1.000000	1.000000
1179.000000	613.000000	1.000000	1.000000	1.000000	1.000000	1.000000	1.000000	1.000000	1.000000	1.000000	1.000000	1.000000	303.000000	1.000000	1.000000	1.000000	1.000000	1.000000	1.000000	896.000000
1063.000000	1206.000000	1303.000000	256.000000	1.000000	1.000000	1.000000	1.000000	1.000000	512.000000	610.000000	1.000000	333.000000	1.000000	1.000000	1.000000	1.000000	1.000000	489.000000	1395.000000	501.000000
497.000000	391.000000	1198.000000	1408.000000	826.000000	1286.000000	1813.000000	1879.000000	345.000000	1.000000	1.000000	1.000000	1.000000	365.000000	1508.000000	1111.000000	563.000000	430.000000	785.000000	438.000000	1.000000
513.000000	649.000000	556.000000	935.000000	798.000000	1901.000000	2253.000000	1449.000000	1189.000000	2453.000000	1588.000000	1128.000000	1104.000000	1456.000000	1663.000000	2082.000000	1655.000000	1206.000000	1120.000000	385.000000	1.000000
668.000000	668.000000	195.000000	1036.000000	1523.000000	945.000000	236.000000	1.000000	765.000000	1946.000000	3272.000000	3744.000000	1996.000000	1.000000	197.000000	652.000000	1094.000000	1070.000000	462.000000	269.000000	1.000000
489.000000	487.000000	192.000000	418.000000	584.000000	192.000000	880.000000	519.000000	1.000000	1.000000	196.000000	604.000000	1.000000	444.000000	204.000000	1.000000	1.000000	1.000000	1.000000	1.000000	1.000000
149.000000	213.000000	1.000000	1.000000	1.000000	489.000000	1019.000000	2717.000000	2308.000000	1041.000000	387.000000	535.000000	1226.000000	1525.000000	1191.000000	254.000000	1.000000	1.000000	1.000000	1.000000	1.000000
247.000000	237.000000	393.000000	611.000000	578.000000	1.000000	1.000000	762.000000	2042.000000	1697.000000	1524.000000	1459.000000	1848.000000	937.000000	1.000000	1.000000	296.000000	1679.000000	917.000000	122.000000	1.000000
575.000000	424.000000	496.000000	821.000000	827.000000	953.000000	1.000000	1.000000	1.000000	305.000000	587.000000	612.000000	355.000000	1.000000	400.000000	612.000000	705.000000	566.000000	489.000000	205.000000	1133.000000
1.000000	1.000000	249.000000	451.000000	297.000000	592.000000	1.000000	304.000000	327.000000	811.000000	1002.000000	676.000000	218.000000	155.000000	399.000000	277.000000	245.000000	1.000000	1.000000	1.000000	858.000000
201.000000	201.000000	1.000000	1.000000	257.000000	580.000000	1125.000000	1.000000	1.000000	133.000000	430.000000	1.000000	1.000000	1.000000	1.000000	290.000000	248.000000	191.000000	1.000000	1.000000	297.000000
529.000000	371.000000	1.000000	1.000000	1.000000	1.000000	1306.000000	3267.000000	2293.000000	1736.000000	1071.000000	1302.000000	1858.000000	2018.000000	1112.000000	824.000000	226.000000	343.000000	1.000000	1.000000	1.000000
1.000000	1.000000	1.000000	1.000000	1.000000	1.000000	1.000000	415.000000	2729.000000	2937.000000	2424.000000	2033.000000	821.000000	693.000000	668.000000	1.000000	1.000000	1.000000	1.000000	217.000000	1.000000
1.000000	1.000000	1.000000	1.000000	1.000000	1.000000	1.000000	1.000000	1.000000	1.000000	343.000000	1.000000	1.000000	1.000000	1.000000	1.000000	1.000000	1.000000	211.000000	1.000000	1.000000
1.000000	1.000000	1.000000	1.000000	1.000000	1.000000	1.000000	1.000000	1.000000	1.000000	1.000000	1.000000	1.000000	1.000000	1.000000	1.000000	1.000000	1.000000	1.000000	1.000000	1.000000
1.000000	1.000000	1.000000	1.000000	1.000000	1.000000	1.000000	1.000000	1.000000	1.000000	1.000000	1.000000	1.000000	1.000000	1.000000	1.000000	1.000000	1.000000	1.000000	1.000000	1.000000
