21 25 0
1.000000	249.000000	2716.000000	2454.000000	669.000000	1.000000	1.000000	1.000000	1.000000	1.000000	1.000000	1.000000	273.000000	361.000000	340.000000	1.000000	1.000000	1.000000	1.000000	1.000000	179.000000
1.000000	1422.000000	2165.000000	1.000000	1.000000	1.000000	1.000000	1.000000	1.000000	1.000000	1.000000	1.000000	1.000000	1.000000	1.000000	1.000000	230.000000	1.000000	449.000000	393.000000	459.000000
239.000000	971.000000	841.000000	1.000000	1.000000	1.000000	1.000000	1.000000	169.000000	176.000000	80.000000	145.000000	1.000000	170.000000	179.000000	354.000000	237.000000	1.000000	1.000000	611.000000	314.000000
269.000000	656.000000	285.000000	1.000000	1.000000	578.000000	1002.000000	1220.000000	703.000000	993.000000	1048.000000	463.000000	387.000000	567.000000	1268.000000	1225.000000	181.000000	1.000000	1.000000	219.000000	1.000000
1.000000	433.000000	1034.000000	143.000000	539.000000	812.000000	919.000000	674.000000	651.000000	654.000000	523.000000	1080.000000	1203.000000	1256.000000	993.000000	530.000000	157.000000	338.000000	1.000000	1.000000	1.000000
259.000000	1038.000000	1214.000000	138.000000	245.000000	1.000000	1.000000	1.000000	1.000000	1.000000	147.000000	145.000000	1.000000	1.000000	1.000000	1.000000	1.000000	1.000000	1.000000	1.000000	1.000000
313.000000	2557.000000	1.000000	1.000000	1.000000	1.000000	1.000000	1.000000	1.000000	1.000000	1.000000	1.000000	1.000000	1.000000	1.000000	1.000000	1.000000	1.000000	1.000000	1.000000	1.000000
1166.000000	2137.000000	1.000000	1.000000	1.000000	1.000000	241.000000	1.000000	1.000000	914.000000	1200.000000	1.000000	1.000000	1.000000	875.000000	830.000000	1.000000	1081.000000	302.000000	1.000000	1.000000
671.000000	248.000000	1.000000	1.000000	519.000000	657.000000	798.000000	641.000000	1110.000000	2928.000000	1859.000000	1.000000	141.000000	705.000000	461.000000	212.000000	699.000000	2316.000000	1048.000000	199.000000	1.000000
1.000000	473.000000	710.000000	1.000000	305.000000	502.000000	1634.000000	1605.000000	1382.000000	955.000000	695.000000	1.000000	1.000000	1.000000	1.000000	709.000000	1683.000000	2093.000000	1039.000000	1.000000	303.000000
1.000000	795.000000	266.000000	1.000000	1.000000	1468.000000	2051.000000	847.000000	232.000000	1.000000	1.000000	1.000000	1.000000	713.000000	1813.000000	1327.000000	1167.000000	1042.000000	136.000000	1.000000	521.000000
1.000000	1.000000	1.000000	1.000000	1.000000	613.000000	204.000000	1.000000	1.000000	991.000000	1191.000000	258.000000	1.000000	1.000000	207.000000	1.000000	1.000000	139.000000	1.000000	1.000000	443.000000
491.000000	1.000000	279.000000	1.000000	1.000000	1.000000	1.000000	1.000000	374.000000	524.000000	463.000000	1.000000	1.000000	1.000000	1.000000	1.000000	1.000000	1.000000	1.000000	1.000000	812.000000
1.000000	1.000000	403.000000	1.000000	1.000000	1.000000	549.000000	1144.000000	1.000000	1.000000	1.000000	1.000000	1.000000	663.000000	175.000000	1.000000	1.000000	1.000000	98.000000	619.000000	203.000000
1.000000	745.000000	775.000000	1.000000	1.000000	321.000000	1148.000000	897.000000	1.000000	1.000000	1.000000	271.000000	2599.000000	1547.000000	1.000000	1.000000	535.000000	755.000000	244.000000	885.000000	649.000000
1.000000	341.000000	462.000000	382.000000	343.000000	351.000000	315.000000	1.000000	1.000000	1.000000	814.000000	1230.000000	403.000000	1.000000	1.000000	1104.000000	910.000000	707.000000	240.000000	943.000000	896.000000
1.000000	1.000000	885.000000	195.000000	1.000000	1.000000	1.000000	1.000000	1.000000	952.000000	480.000000	1.000000	1.000000	1.000000	2356.000000	1284.000000	311.000000	1.000000	352.000000	1191.000000	1077.000000
317.000000	503.000000	1175.000000	218.000000	1.000000	297.000000	281.000000	1.000000	485.000000	928.000000	1.000000	1.000000	637.000000	2487.000000	1089.000000	1.000000	1.000000	1.000000	1120.000000	571.000000	1029.000000
313.000000	926.000000	775.000000	663.000000	1.000000	1.000000	568.000000	1.000000	1.000000	1.000000	1.000000	239.000000	1467.000000	1104.000000	1.000000	1.000000	364.000000	1.000000	545.000000	387.000000	443.000000
279.000000	359.000000	665.000000	359.000000	1.000000	881.000000	451.000000	1.000000	1.000000	137.000000	1547.000000	2022.000000	1585.000000	846.000000	155.000000	364.000000	1.000000	323.000000	139.000000	599.000000	193.000000
1.000000	1.000000	310.000000	359.000000	1.000000	451.000000	473.000000	1.000000	1.000000	1.000000	1.000000	1.000000	260.000000	1.000000	227.000000	570.000000	203.000000	724.000000	1000.000000	739.000000	344.000000
203.000000	199.000000	235.000000	412.000000	195.000000	187.000000	1.000000	1.000000	1.000000	1.000000	1.000000	1.000000	1.000000	369.000000	950.000000	405.000000	443.000000	1010.000000	960.000000	376.000000	156.000000
1.000000	193.000000	1.000000	1.000000	197.000000	1.000000	1.000000	1.000000	1.000000	1.000000	1.000000	1.000000	1.000000	1.000000	1.000000	209.000000	1.000000	1.000000	1.000000	1.000000	1.000000
1.000000	1.000000	1.000000	1.000000	1.000000	1.000000	1.000000	1.000000	1.000000	1.000000	1.000000	1.000000	1.000000	1.000000	1.000000	1.000000	1.000000	1.000000	1.000000	1.000000	1.000000
1.000000	1.000000	1.000000	1.000000	1.000000	1.000000	1.000000	1.000000	1.000000	1.000000	1.000000	1.000000	1.000000	1.000000	1.000000	1.000000	1.000000	1.000000	1.000000	1.000000	1.000000
