21 25 0
249.000000	529.000000	2105.000000	2115.000000	901.000000	1.000000	1.000000	1.000000	1.000000	1.000000	1.000000	177.000000	779.000000	1032.000000	1484.000000	1903.000000	1968.000000	794.000000	388.000000	1.000000	1.000000
263.000000	916.000000	786.000000	1.000000	1.000000	1.000000	1.000000	1.000000	1.000000	1.000000	1.000000	1.000000	1.000000	1.000000	1.000000	1.000000	941.000000	1214.000000	229.000000	1.000000	105.000000
1.000000	307.000000	305.000000	1.000000	1.000000	1.000000	1.000000	1.000000	159.000000	175.000000	502.000000	318.000000	181.000000	178.000000	169.000000	1.000000	1.000000	331.000000	1.000000	1.000000	207.000000
1.000000	286.000000	286.000000	1.000000	341.000000	1259.000000	1365.000000	1591.000000	1383.000000	1362.000000	1315.000000	1337.000000	1422.000000	1439.000000	1545.000000	1164.000000	453.000000	1.000000	323.000000	285.000000	1.000000
1.000000	1.000000	373.000000	1177.000000	2143.000000	2035.000000	2075.000000	1925.000000	1808.000000	1657.000000	1336.000000	1345.000000	1642.000000	1687.000000	2087.000000	2734.000000	3081.000000	2506.000000	1757.000000	619.000000	339.000000
1.000000	1.000000	763.000000	1021.000000	729.000000	311.000000	299.000000	207.000000	328.000000	334.000000	600.000000	501.000000	1.000000	1.000000	1.000000	1.000000	1.000000	1.000000	341.000000	735.000000	395.000000
1.000000	1.000000	1.000000	1.000000	1.000000	1.000000	1.000000	1.000000	1.000000	1.000000	1.000000	1.000000	1.000000	1.000000	1.000000	1.000000	1.000000	1.000000	1.000000	1.000000	1.000000
1169.000000	800.000000	269.000000	469.000000	451.000000	881.000000	1262.000000	1183.000000	281.000000	1.000000	857.000000	973.000000	1035.000000	2028.000000	2167.000000	1769.000000	1050.000000	411.000000	719.000000	453.000000	1.000000
377.000000	377.000000	826.000000	1886.000000	1429.000000	1254.000000	884.000000	2098.000000	1871.000000	1881.000000	1680.000000	1465.000000	1546.000000	2413.000000	1898.000000	924.000000	542.000000	825.000000	881.000000	445.000000	445.000000
493.000000	343.000000	757.000000	2091.000000	2261.000000	1818.000000	1773.000000	1864.000000	1077.000000	401.000000	1.000000	1.000000	277.000000	1176.000000	1411.000000	983.000000	688.000000	682.000000	218.000000	1.000000	1.000000
1.000000	1.000000	337.000000	512.000000	735.000000	2179.000000	2560.000000	1675.000000	815.000000	1.000000	1.000000	1.000000	1.000000	1484.000000	2403.000000	2576.000000	1665.000000	444.000000	1.000000	1.000000	1.000000
1220.000000	626.000000	1.000000	1.000000	200.000000	666.000000	711.000000	1.000000	1.000000	921.000000	2807.000000	3299.000000	902.000000	1.000000	249.000000	651.000000	534.000000	247.000000	1.000000	1.000000	1.000000
489.000000	1.000000	1.000000	1.000000	1.000000	1.000000	1.000000	1.000000	1.000000	139.000000	482.000000	425.000000	1.000000	1.000000	1.000000	1.000000	1.000000	1.000000	1.000000	1.000000	255.000000
1.000000	211.000000	1.000000	1.000000	1.000000	1.000000	711.000000	2150.000000	1384.000000	1.000000	1.000000	1.000000	1.000000	146.000000	1026.000000	260.000000	1.000000	1.000000	1.000000	1.000000	799.000000
1.000000	308.000000	239.000000	223.000000	1.000000	285.000000	853.000000	1910.000000	2288.000000	2115.000000	2183.000000	1602.000000	2295.000000	1968.000000	913.000000	453.000000	1173.000000	440.000000	201.000000	168.000000	546.000000
395.000000	1.000000	1.000000	1003.000000	1158.000000	740.000000	1.000000	1.000000	249.000000	741.000000	1889.000000	1350.000000	461.000000	1.000000	1.000000	339.000000	289.000000	797.000000	95.000000	1.000000	345.000000
1.000000	1.000000	1.000000	1.000000	404.000000	734.000000	1127.000000	1123.000000	795.000000	480.000000	426.000000	224.000000	154.000000	674.000000	921.000000	430.000000	1.000000	1.000000	1.000000	1.000000	285.000000
317.000000	501.000000	950.000000	1.000000	1.000000	1.000000	913.000000	2048.000000	2853.000000	1193.000000	740.000000	675.000000	1472.000000	2086.000000	1098.000000	474.000000	236.000000	1.000000	503.000000	501.000000	1.000000
1.000000	144.000000	1008.000000	697.000000	1.000000	1.000000	1.000000	609.000000	821.000000	689.000000	1.000000	296.000000	640.000000	376.000000	1.000000	1.000000	1.000000	527.000000	1472.000000	775.000000	347.000000
150.000000	71.000000	1.000000	153.000000	1.000000	449.000000	449.000000	341.000000	2046.000000	3165.000000	2990.000000	2967.000000	2316.000000	1015.000000	468.000000	1.000000	492.000000	439.000000	308.000000	713.000000	1056.000000
139.000000	1.000000	1.000000	642.000000	328.000000	221.000000	1.000000	1.000000	1.000000	507.000000	784.000000	763.000000	375.000000	1.000000	1.000000	1.000000	1.000000	153.000000	542.000000	961.000000	1302.000000
191.000000	510.000000	667.000000	1.000000	311.000000	386.000000	240.000000	1.000000	1.000000	1.000000	1.000000	1.000000	1.000000	1.000000	1.000000	1.000000	1.000000	191.000000	186.000000	185.000000	411.000000
1.000000	1.000000	1.000000	1.000000	1.000000	1.000000	1.000000	217.000000	1.000000	1.000000	1.000000	1.000000	1.000000	1.000000	1.000000	283.000000	1.000000	1.000000	1.000000	1.000000	1.000000
1.000000	1.000000	1.000000	1.000000	1.000000	1.000000	1.000000	1.000000	1.000000	1.000000	1.000000	1.000000	1.000000	1.000000	1.000000	1.000000	1.000000	1.000000	1.000000	1.000000	1.000000
1.000000	1.000000	1.000000	1.000000	1.000000	1.000000	1.000000	1.000000	1.000000	1.000000	1.000000	1.000000	1.000000	1.000000	1.000000	1.000000	1.000000	1.000000	1.000000	1.000000	1.000000
