21 25 0
545.000000	1.000000	1.000000	997.000000	128.000000	1.000000	1.000000	1.000000	1.000000	1.000000	1.000000	209.000000	176.000000	1.000000	184.000000	1629.000000	2405.000000	870.000000	390.000000	425.000000	839.000000
476.000000	1.000000	1.000000	1.000000	1.000000	1.000000	1.000000	1.000000	1.000000	1.000000	1.000000	1.000000	1.000000	1.000000	1.000000	1.000000	1492.000000	2111.000000	732.000000	1.000000	649.000000
81.000000	247.000000	1.000000	1.000000	507.000000	530.000000	1.000000	1.000000	1.000000	1.000000	170.000000	172.000000	187.000000	1.000000	1.000000	1.000000	1.000000	1684.000000	1420.000000	608.000000	384.000000
1.000000	1.000000	1.000000	181.000000	649.000000	1292.000000	759.000000	713.000000	445.000000	697.000000	428.000000	888.000000	1077.000000	917.000000	532.000000	163.000000	1.000000	560.000000	1540.000000	581.000000	1.000000
1.000000	1.000000	1.000000	173.000000	339.000000	721.000000	719.000000	333.000000	1576.000000	1287.000000	604.000000	298.000000	151.000000	198.000000	337.000000	155.000000	1.000000	746.000000	2128.000000	1076.000000	350.000000
1.000000	1.000000	1.000000	1.000000	1.000000	1.000000	1.000000	1.000000	231.000000	1.000000	294.000000	1.000000	1.000000	1.000000	1.000000	1.000000	1.000000	1.000000	2161.000000	1103.000000	733.000000
1.000000	1.000000	1.000000	1.000000	1.000000	1.000000	1.000000	1.000000	1.000000	1.000000	310.000000	1.000000	1.000000	1.000000	1.000000	1.000000	1.000000	1.000000	1161.000000	987.000000	313.000000
1.000000	207.000000	944.000000	798.000000	1.000000	1.000000	1.000000	721.000000	233.000000	1.000000	305.000000	2031.000000	1066.000000	1096.000000	478.000000	185.000000	1.000000	1.000000	451.000000	2242.000000	276.000000
78.000000	183.000000	995.000000	2200.000000	1154.000000	1.000000	1.000000	1031.000000	1509.000000	1.000000	293.000000	2245.000000	1612.000000	1055.000000	1348.000000	1.000000	1.000000	1.000000	306.000000	1512.000000	788.000000
178.000000	1.000000	648.000000	1806.000000	2262.000000	1722.000000	367.000000	436.000000	401.000000	1.000000	1.000000	879.000000	1384.000000	1210.000000	1115.000000	307.000000	1.000000	1.000000	1158.000000	505.000000	155.000000
1040.000000	1.000000	373.000000	637.000000	1053.000000	846.000000	727.000000	803.000000	381.000000	1.000000	1.000000	1.000000	326.000000	249.000000	1095.000000	2033.000000	514.000000	1.000000	304.000000	759.000000	1.000000
1139.000000	476.000000	1.000000	1.000000	247.000000	1.000000	520.000000	1.000000	1.000000	184.000000	1.000000	1023.000000	1543.000000	1.000000	1.000000	491.000000	245.000000	155.000000	254.000000	1.000000	1.000000
704.000000	338.000000	1.000000	1.000000	1.000000	1.000000	1.000000	1.000000	1.000000	1.000000	1.000000	163.000000	882.000000	1.000000	1.000000	1.000000	1.000000	1.000000	1.000000	1.000000	1.000000
1301.000000	482.000000	241.000000	1.000000	1.000000	1.000000	351.000000	2373.000000	2133.000000	1.000000	1.000000	1.000000	1.000000	285.000000	406.000000	385.000000	1.000000	307.000000	450.000000	1.000000	386.000000
1059.000000	1.000000	369.000000	645.000000	231.000000	1.000000	1.000000	671.000000	2214.000000	2960.000000	863.000000	1.000000	1.000000	191.000000	438.000000	677.000000	233.000000	502.000000	1.000000	451.000000	210.000000
1117.000000	393.000000	1.000000	1005.000000	482.000000	856.000000	445.000000	1.000000	1.000000	1019.000000	1052.000000	852.000000	1.000000	1.000000	181.000000	191.000000	96.000000	699.000000	373.000000	1.000000	174.000000
1.000000	399.000000	1.000000	1.000000	489.000000	411.000000	1836.000000	1076.000000	264.000000	1.000000	1.000000	1.000000	322.000000	1.000000	311.000000	1.000000	219.000000	1.000000	1.000000	188.000000	690.000000
73.000000	803.000000	1.000000	459.000000	1.000000	1.000000	1.000000	2210.000000	1439.000000	363.000000	1.000000	435.000000	1.000000	1.000000	1.000000	569.000000	1.000000	669.000000	499.000000	441.000000	1.000000
673.000000	400.000000	437.000000	741.000000	1269.000000	1.000000	137.000000	671.000000	1960.000000	901.000000	1.000000	1.000000	1.000000	1.000000	1.000000	131.000000	560.000000	1.000000	784.000000	499.000000	362.000000
526.000000	334.000000	482.000000	1157.000000	1302.000000	355.000000	1.000000	225.000000	2309.000000	1721.000000	2437.000000	225.000000	1.000000	1.000000	1.000000	1.000000	463.000000	472.000000	1.000000	938.000000	317.000000
897.000000	523.000000	525.000000	327.000000	2103.000000	2145.000000	1.000000	1.000000	1.000000	414.000000	205.000000	1.000000	1.000000	1.000000	1.000000	1.000000	1.000000	74.000000	151.000000	1005.000000	818.000000
795.000000	544.000000	555.000000	413.000000	944.000000	1427.000000	1291.000000	445.000000	1.000000	1.000000	1.000000	1.000000	1.000000	1.000000	1.000000	1.000000	765.000000	200.000000	175.000000	429.000000	710.000000
175.000000	1.000000	1.000000	209.000000	1.000000	1.000000	195.000000	327.000000	1.000000	1.000000	1.000000	1.000000	1.000000	1.000000	1.000000	1.000000	1.000000	1.000000	1.000000	1.000000	1.000000
1.000000	1.000000	1.000000	1.000000	1.000000	1.000000	1.000000	1.000000	1.000000	1.000000	1.000000	1.000000	1.000000	1.000000	1.000000	1.000000	1.000000	1.000000	1.000000	1.000000	1.000000
1.000000	1.000000	1.000000	1.000000	1.000000	1.000000	1.000000	1.000000	1.000000	1.000000	1.000000	1.000000	1.000000	1.000000	1.000000	1.000000	1.000000	1.000000	1.000000	1.000000	1.000000
