21 25 0
1729.000000	230.000000	1.000000	1.000000	1.000000	834.000000	1497.000000	1294.000000	951.000000	784.000000	324.000000	1.000000	1.000000	1.000000	1.000000	1.000000	1.000000	1.000000	1.000000	1.000000	1.000000
234.000000	1.000000	1.000000	285.000000	1808.000000	1439.000000	1345.000000	1015.000000	1240.000000	950.000000	478.000000	349.000000	377.000000	394.000000	413.000000	185.000000	1.000000	1.000000	188.000000	213.000000	1.000000
255.000000	1.000000	1.000000	1073.000000	1481.000000	855.000000	316.000000	1.000000	140.000000	157.000000	1.000000	167.000000	251.000000	1128.000000	884.000000	165.000000	1.000000	878.000000	555.000000	1.000000	1.000000
214.000000	1.000000	173.000000	616.000000	78.000000	1.000000	1.000000	1.000000	1.000000	1.000000	1.000000	1.000000	1.000000	1.000000	1.000000	1.000000	1.000000	203.000000	1.000000	1.000000	272.000000
1.000000	1.000000	1.000000	1.000000	1.000000	1.000000	1.000000	1.000000	1.000000	1.000000	1.000000	1.000000	1.000000	1.000000	1.000000	1.000000	1.000000	1.000000	1.000000	339.000000	253.000000
1.000000	1.000000	1.000000	1.000000	167.000000	862.000000	1405.000000	1240.000000	417.000000	207.000000	1.000000	234.000000	320.000000	735.000000	706.000000	304.000000	157.000000	460.000000	463.000000	715.000000	369.000000
230.000000	1.000000	263.000000	1619.000000	2421.000000	2806.000000	2680.000000	1464.000000	1645.000000	613.000000	1.000000	732.000000	2484.000000	3016.000000	2394.000000	1600.000000	639.000000	444.000000	141.000000	1003.000000	1.000000
1.000000	1.000000	916.000000	1800.000000	1598.000000	1373.000000	1.000000	1.000000	1.000000	1.000000	1.000000	223.000000	1553.000000	1.000000	1.000000	1.000000	1.000000	1.000000	1.000000	527.000000	140.000000
1.000000	1.000000	266.000000	1.000000	1.000000	1.000000	1.000000	1.000000	490.000000	1.000000	1.000000	363.000000	1.000000	1.000000	1.000000	1.000000	1.000000	1.000000	1.000000	687.000000	370.000000
1.000000	1.000000	1.000000	1.000000	457.000000	1.000000	1.000000	1.000000	1.000000	1.000000	437.000000	1115.000000	1.000000	303.000000	1.000000	1.000000	1.000000	1.000000	785.000000	2062.000000	1402.000000
1.000000	1.000000	1.000000	1.000000	1.000000	1.000000	1.000000	1.000000	364.000000	560.000000	1.000000	1.000000	1.000000	1.000000	1.000000	1.000000	1.000000	1.000000	1954.000000	1795.000000	977.000000
1.000000	1.000000	141.000000	1.000000	1.000000	1.000000	1134.000000	1840.000000	1271.000000	1.000000	1.000000	1.000000	1.000000	1.000000	1.000000	1.000000	1.000000	451.000000	2040.000000	1038.000000	1.000000
1183.000000	613.000000	1.000000	1.000000	1.000000	1222.000000	2156.000000	784.000000	244.000000	1.000000	1.000000	1450.000000	2402.000000	1960.000000	1.000000	1.000000	438.000000	1019.000000	1363.000000	634.000000	424.000000
1292.000000	495.000000	272.000000	1.000000	805.000000	959.000000	459.000000	1.000000	1.000000	530.000000	925.000000	3255.000000	2013.000000	1.000000	1.000000	193.000000	385.000000	888.000000	475.000000	365.000000	399.000000
1478.000000	1.000000	331.000000	1.000000	1.000000	218.000000	1.000000	1.000000	462.000000	663.000000	1.000000	485.000000	1.000000	1.000000	884.000000	1.000000	1.000000	1.000000	619.000000	195.000000	333.000000
552.000000	713.000000	386.000000	1.000000	1.000000	1.000000	1.000000	393.000000	1110.000000	1.000000	1.000000	1.000000	461.000000	2594.000000	957.000000	1.000000	1.000000	1123.000000	1584.000000	1277.000000	307.000000
872.000000	163.000000	1.000000	1.000000	687.000000	1.000000	1.000000	1.000000	477.000000	1.000000	239.000000	699.000000	2320.000000	406.000000	1.000000	1.000000	944.000000	2260.000000	1757.000000	383.000000	1.000000
972.000000	379.000000	1.000000	439.000000	279.000000	1.000000	1.000000	1.000000	1.000000	1.000000	960.000000	1054.000000	1.000000	1.000000	1.000000	1114.000000	1653.000000	1123.000000	735.000000	240.000000	1.000000
766.000000	1.000000	722.000000	881.000000	1.000000	252.000000	1.000000	167.000000	1.000000	204.000000	587.000000	446.000000	1.000000	1.000000	852.000000	1045.000000	892.000000	565.000000	247.000000	1.000000	1.000000
1.000000	447.000000	736.000000	457.000000	1.000000	282.000000	1.000000	1.000000	1.000000	432.000000	447.000000	1.000000	1.000000	803.000000	1238.000000	744.000000	521.000000	653.000000	1.000000	1.000000	1.000000
604.000000	502.000000	1.000000	1.000000	1.000000	479.000000	1.000000	1.000000	1.000000	1.000000	449.000000	1053.000000	1551.000000	1660.000000	1097.000000	1090.000000	1434.000000	556.000000	259.000000	1.000000	267.000000
427.000000	146.000000	1.000000	1.000000	144.000000	564.000000	1.000000	429.000000	816.000000	1.000000	1594.000000	1636.000000	445.000000	654.000000	611.000000	1000.000000	1075.000000	260.000000	1.000000	579.000000	413.000000
1.000000	1.000000	1.000000	1.000000	1.000000	1.000000	1.000000	1.000000	1.000000	409.000000	1.000000	1.000000	1.000000	1.000000	1.000000	1.000000	1.000000	1.000000	217.000000	339.000000	1.000000
1.000000	1.000000	1.000000	1.000000	1.000000	1.000000	1.000000	1.000000	1.000000	1.000000	1.000000	1.000000	1.000000	1.000000	1.000000	1.000000	1.000000	1.000000	1.000000	1.000000	1.000000
1.000000	1.000000	1.000000	1.000000	1.000000	1.000000	1.000000	1.000000	1.000000	1.000000	1.000000	1.000000	1.000000	1.000000	1.000000	1.000000	1.000000	1.000000	1.000000	1.000000	1.000000
