21 25 0
1810.000000	469.000000	1.000000	1.000000	1.000000	1.000000	1.000000	1.000000	1.000000	1.000000	1.000000	70.000000	1.000000	1.000000	1.000000	264.000000	1823.000000	437.000000	364.000000	555.000000	493.000000
1368.000000	1.000000	1.000000	475.000000	1083.000000	481.000000	1.000000	1.000000	1.000000	1.000000	163.000000	1.000000	1.000000	1.000000	1.000000	1.000000	319.000000	2109.000000	581.000000	1.000000	279.000000
697.000000	1.000000	173.000000	960.000000	1125.000000	1016.000000	1.000000	159.000000	83.000000	1.000000	163.000000	1.000000	1.000000	1.000000	1.000000	1.000000	247.000000	1902.000000	2153.000000	612.000000	575.000000
459.000000	1.000000	175.000000	1098.000000	838.000000	1007.000000	1.000000	1.000000	82.000000	1.000000	1.000000	1.000000	1.000000	1.000000	1.000000	1.000000	1.000000	1185.000000	1647.000000	706.000000	483.000000
300.000000	1.000000	283.000000	169.000000	71.000000	153.000000	1.000000	1.000000	1.000000	1.000000	1.000000	1.000000	1.000000	1.000000	1.000000	1.000000	1.000000	596.000000	2198.000000	1013.000000	607.000000
282.000000	1.000000	136.000000	151.000000	1.000000	442.000000	414.000000	1.000000	1.000000	1.000000	257.000000	157.000000	1.000000	1.000000	1.000000	1.000000	1.000000	228.000000	2268.000000	1758.000000	719.000000
283.000000	315.000000	763.000000	922.000000	671.000000	1222.000000	414.000000	1.000000	1.000000	1.000000	459.000000	1314.000000	1129.000000	830.000000	1.000000	1.000000	1.000000	1.000000	1698.000000	1948.000000	547.000000
215.000000	315.000000	1873.000000	1242.000000	369.000000	1.000000	1.000000	1.000000	1.000000	1.000000	293.000000	2720.000000	2157.000000	1.000000	1.000000	1.000000	1.000000	1.000000	1253.000000	2257.000000	766.000000
246.000000	339.000000	1509.000000	1758.000000	372.000000	1.000000	1.000000	263.000000	1135.000000	1.000000	295.000000	2944.000000	1560.000000	231.000000	1.000000	1.000000	1.000000	1.000000	1086.000000	2507.000000	905.000000
246.000000	317.000000	865.000000	1437.000000	981.000000	1.000000	1.000000	425.000000	619.000000	193.000000	237.000000	2346.000000	1143.000000	1.000000	1.000000	1.000000	1.000000	1.000000	1456.000000	2548.000000	979.000000
914.000000	1.000000	397.000000	1187.000000	1327.000000	215.000000	1.000000	1.000000	173.000000	445.000000	1.000000	1347.000000	703.000000	1.000000	1.000000	1.000000	1.000000	1.000000	2019.000000	2665.000000	747.000000
730.000000	482.000000	1.000000	289.000000	317.000000	1.000000	1.000000	1.000000	590.000000	1.000000	1.000000	1150.000000	957.000000	1.000000	1.000000	1.000000	299.000000	453.000000	2137.000000	1289.000000	487.000000
1350.000000	239.000000	233.000000	1.000000	247.000000	423.000000	198.000000	273.000000	244.000000	1.000000	1.000000	1775.000000	1612.000000	372.000000	1.000000	1.000000	1.000000	221.000000	1604.000000	463.000000	499.000000
2186.000000	342.000000	798.000000	1.000000	1.000000	1073.000000	1.000000	301.000000	1154.000000	1043.000000	1.000000	1819.000000	1008.000000	1.000000	441.000000	1.000000	1.000000	485.000000	1537.000000	460.000000	507.000000
2239.000000	355.000000	860.000000	730.000000	293.000000	705.000000	1.000000	149.000000	2129.000000	2681.000000	511.000000	507.000000	1.000000	1.000000	830.000000	381.000000	181.000000	1105.000000	1276.000000	318.000000	912.000000
2131.000000	567.000000	468.000000	384.000000	649.000000	208.000000	1.000000	1.000000	702.000000	1067.000000	513.000000	1.000000	463.000000	1.000000	389.000000	1.000000	1.000000	1595.000000	1576.000000	758.000000	815.000000
2031.000000	881.000000	1.000000	157.000000	563.000000	1.000000	225.000000	255.000000	1.000000	1.000000	1.000000	489.000000	1060.000000	1.000000	313.000000	1.000000	721.000000	1796.000000	1501.000000	286.000000	308.000000
1817.000000	1187.000000	471.000000	1187.000000	1.000000	1.000000	1.000000	553.000000	843.000000	1.000000	1.000000	174.000000	1.000000	1.000000	1.000000	910.000000	1085.000000	1566.000000	1028.000000	716.000000	363.000000
1814.000000	776.000000	756.000000	1217.000000	1510.000000	309.000000	1.000000	357.000000	1359.000000	1.000000	1.000000	1.000000	1.000000	173.000000	568.000000	1203.000000	1522.000000	827.000000	802.000000	443.000000	151.000000
1030.000000	1020.000000	894.000000	1326.000000	1910.000000	766.000000	1.000000	1.000000	438.000000	1.000000	1.000000	1.000000	1.000000	813.000000	333.000000	1040.000000	1342.000000	872.000000	377.000000	429.000000	152.000000
1171.000000	918.000000	717.000000	915.000000	1556.000000	1236.000000	1.000000	1.000000	440.000000	1.000000	440.000000	443.000000	1.000000	690.000000	515.000000	1178.000000	1662.000000	451.000000	203.000000	504.000000	793.000000
931.000000	532.000000	619.000000	603.000000	1142.000000	1463.000000	668.000000	295.000000	1.000000	1.000000	441.000000	443.000000	1.000000	1.000000	222.000000	489.000000	1257.000000	486.000000	176.000000	476.000000	894.000000
183.000000	1.000000	1.000000	193.000000	1.000000	1.000000	221.000000	237.000000	1.000000	1.000000	1.000000	1.000000	1.000000	1.000000	1.000000	1.000000	1.000000	1.000000	1.000000	307.000000	1.000000
1.000000	1.000000	1.000000	1.000000	1.000000	1.000000	1.000000	1.000000	1.000000	1.000000	1.000000	1.000000	1.000000	1.000000	1.000000	1.000000	1.000000	1.000000	1.000000	1.000000	1.000000
1.000000	1.000000	1.000000	1.000000	1.000000	1.000000	1.000000	1.000000	1.000000	1.000000	1.000000	1.000000	1.000000	1.000000	1.000000	1.000000	1.000000	1.000000	1.000000	1.000000	1.000000
