21 25 0
1.000000	191.000000	2640.000000	1068.000000	1.000000	1.000000	1.000000	1.000000	1.000000	1.000000	1.000000	203.000000	277.000000	1.000000	1.000000	1.000000	1.000000	1.000000	863.000000	905.000000	504.000000
1.000000	999.000000	2212.000000	163.000000	1.000000	1.000000	1.000000	1.000000	1.000000	157.000000	1.000000	153.000000	161.000000	1.000000	293.000000	254.000000	163.000000	1.000000	449.000000	1700.000000	659.000000
239.000000	1033.000000	1846.000000	1.000000	1.000000	1.000000	261.000000	1.000000	1.000000	157.000000	241.000000	478.000000	161.000000	353.000000	343.000000	1345.000000	1289.000000	187.000000	279.000000	1972.000000	697.000000
507.000000	1387.000000	1190.000000	145.000000	1.000000	169.000000	355.000000	343.000000	1.000000	1.000000	162.000000	1.000000	161.000000	167.000000	328.000000	984.000000	839.000000	157.000000	1.000000	964.000000	725.000000
641.000000	1450.000000	1118.000000	145.000000	1.000000	1.000000	1.000000	1.000000	1.000000	1.000000	1.000000	1.000000	1.000000	1.000000	1.000000	1.000000	351.000000	1.000000	1.000000	433.000000	1071.000000
663.000000	2080.000000	955.000000	133.000000	1.000000	1.000000	1.000000	1.000000	321.000000	1.000000	1.000000	1.000000	1.000000	1.000000	1.000000	416.000000	596.000000	1.000000	1.000000	143.000000	864.000000
973.000000	2696.000000	718.000000	1.000000	1.000000	1.000000	1.000000	1.000000	256.000000	971.000000	179.000000	1.000000	1.000000	1.000000	1.000000	623.000000	727.000000	973.000000	542.000000	1.000000	1273.000000
1483.000000	2623.000000	453.000000	1.000000	1.000000	1.000000	1.000000	1.000000	729.000000	2950.000000	1665.000000	1.000000	1.000000	1.000000	470.000000	413.000000	825.000000	1953.000000	1058.000000	303.000000	1057.000000
1247.000000	1769.000000	453.000000	1.000000	1.000000	1.000000	281.000000	190.000000	547.000000	3223.000000	1822.000000	1.000000	1.000000	1.000000	471.000000	213.000000	1.000000	2056.000000	1265.000000	435.000000	791.000000
1080.000000	2216.000000	1014.000000	1.000000	1.000000	1.000000	410.000000	171.000000	237.000000	2010.000000	1708.000000	1.000000	1.000000	1.000000	1.000000	1.000000	592.000000	1938.000000	935.000000	443.000000	1227.000000
635.000000	1894.000000	1182.000000	231.000000	1.000000	1.000000	1.000000	1.000000	1.000000	544.000000	980.000000	1.000000	1.000000	1.000000	197.000000	1.000000	594.000000	1871.000000	509.000000	151.000000	1400.000000
199.000000	1172.000000	539.000000	404.000000	143.000000	1.000000	242.000000	1.000000	1.000000	781.000000	1446.000000	258.000000	1.000000	315.000000	977.000000	1.000000	302.000000	338.000000	190.000000	194.000000	1128.000000
245.000000	1128.000000	825.000000	765.000000	499.000000	1.000000	1.000000	1.000000	878.000000	1242.000000	2462.000000	827.000000	1.000000	481.000000	885.000000	311.000000	271.000000	140.000000	1.000000	567.000000	659.000000
431.000000	1494.000000	1386.000000	465.000000	572.000000	1.000000	263.000000	1068.000000	1.000000	271.000000	2573.000000	503.000000	1.000000	481.000000	406.000000	1.000000	543.000000	319.000000	238.000000	844.000000	1032.000000
431.000000	1257.000000	1605.000000	261.000000	644.000000	1.000000	791.000000	1310.000000	1.000000	1.000000	1184.000000	1.000000	1.000000	215.000000	1.000000	1.000000	628.000000	964.000000	245.000000	1052.000000	1391.000000
1.000000	887.000000	1917.000000	409.000000	227.000000	157.000000	193.000000	1.000000	1.000000	1.000000	791.000000	417.000000	1.000000	1.000000	103.000000	183.000000	671.000000	704.000000	638.000000	1577.000000	1631.000000
1.000000	650.000000	1948.000000	699.000000	1.000000	776.000000	1.000000	1.000000	475.000000	1.000000	1.000000	1.000000	1.000000	1.000000	1116.000000	1.000000	741.000000	331.000000	395.000000	1943.000000	1742.000000
437.000000	772.000000	1270.000000	1206.000000	297.000000	1000.000000	738.000000	1.000000	477.000000	1.000000	1.000000	1.000000	1.000000	1198.000000	721.000000	1.000000	383.000000	453.000000	801.000000	1595.000000	2076.000000
411.000000	861.000000	1444.000000	680.000000	713.000000	1785.000000	2131.000000	1.000000	1.000000	489.000000	1.000000	189.000000	543.000000	739.000000	78.000000	1.000000	1.000000	429.000000	343.000000	669.000000	1857.000000
313.000000	873.000000	1380.000000	1133.000000	595.000000	1582.000000	2329.000000	573.000000	1.000000	1.000000	1.000000	189.000000	1049.000000	200.000000	1.000000	457.000000	1.000000	413.000000	421.000000	686.000000	646.000000
267.000000	676.000000	1137.000000	1212.000000	516.000000	762.000000	1509.000000	2281.000000	446.000000	1.000000	1.000000	1.000000	260.000000	1.000000	629.000000	395.000000	363.000000	559.000000	864.000000	616.000000	144.000000
203.000000	533.000000	765.000000	896.000000	568.000000	339.000000	241.000000	777.000000	1204.000000	471.000000	1.000000	1.000000	1.000000	1.000000	1231.000000	245.000000	431.000000	811.000000	1263.000000	457.000000	156.000000
1.000000	165.000000	1.000000	1.000000	197.000000	241.000000	1.000000	1.000000	1.000000	1.000000	1.000000	1.000000	1.000000	1.000000	1.000000	185.000000	171.000000	143.000000	1.000000	1.000000	1.000000
1.000000	1.000000	1.000000	1.000000	1.000000	1.000000	1.000000	1.000000	1.000000	1.000000	1.000000	1.000000	1.000000	1.000000	1.000000	1.000000	1.000000	1.000000	1.000000	1.000000	1.000000
1.000000	1.000000	1.000000	1.000000	1.000000	1.000000	1.000000	1.000000	1.000000	1.000000	1.000000	1.000000	1.000000	1.000000	1.000000	1.000000	1.000000	1.000000	1.000000	1.000000	1.000000
