21 25 0
1.000000	1.000000	1.000000	1.000000	1.000000	1.000000	177.000000	1.000000	393.000000	614.000000	832.000000	363.000000	147.000000	1.000000	180.000000	1.000000	1.000000	395.000000	1858.000000	1298.000000	436.000000
1.000000	213.000000	511.000000	1.000000	1.000000	172.000000	1188.000000	421.000000	157.000000	336.000000	973.000000	1128.000000	1278.000000	988.000000	982.000000	659.000000	447.000000	1.000000	451.000000	1150.000000	851.000000
149.000000	223.000000	877.000000	1.000000	169.000000	317.000000	702.000000	397.000000	315.000000	147.000000	1.000000	151.000000	459.000000	732.000000	742.000000	1568.000000	856.000000	350.000000	245.000000	1601.000000	1112.000000
267.000000	519.000000	210.000000	1.000000	1.000000	1.000000	1.000000	1.000000	1.000000	1.000000	1.000000	1.000000	1.000000	1.000000	1.000000	1.000000	291.000000	1.000000	1.000000	497.000000	703.000000
267.000000	1038.000000	1.000000	1.000000	1.000000	1.000000	1.000000	1.000000	1.000000	1.000000	1.000000	1.000000	1.000000	1.000000	1.000000	1.000000	1.000000	1.000000	1.000000	197.000000	429.000000
247.000000	746.000000	679.000000	269.000000	1.000000	1.000000	1.000000	888.000000	845.000000	1.000000	1.000000	1.000000	773.000000	929.000000	1611.000000	1544.000000	1061.000000	289.000000	1.000000	1.000000	728.000000
921.000000	431.000000	694.000000	1072.000000	1008.000000	624.000000	1246.000000	2311.000000	2480.000000	1803.000000	1.000000	1.000000	925.000000	1907.000000	2644.000000	3351.000000	2998.000000	1911.000000	502.000000	1.000000	534.000000
1.000000	689.000000	1.000000	228.000000	888.000000	1.000000	1.000000	587.000000	1237.000000	2156.000000	169.000000	1.000000	1.000000	1.000000	1.000000	725.000000	762.000000	1523.000000	493.000000	1.000000	404.000000
1.000000	740.000000	167.000000	1.000000	1.000000	1.000000	143.000000	1.000000	289.000000	1283.000000	1101.000000	1.000000	1.000000	1.000000	1.000000	1.000000	1.000000	383.000000	369.000000	1.000000	139.000000
1509.000000	2126.000000	455.000000	1.000000	1.000000	1.000000	1.000000	1.000000	1.000000	359.000000	1378.000000	1.000000	1.000000	1.000000	1.000000	1.000000	1.000000	1.000000	1.000000	1.000000	1.000000
611.000000	1916.000000	1715.000000	495.000000	1.000000	1.000000	1.000000	1.000000	1.000000	1.000000	1.000000	1.000000	215.000000	240.000000	1.000000	1.000000	1.000000	139.000000	1.000000	1.000000	225.000000
1.000000	926.000000	1501.000000	895.000000	489.000000	584.000000	1.000000	1210.000000	1.000000	1.000000	1.000000	1.000000	1.000000	1018.000000	1531.000000	874.000000	1.000000	1.000000	1.000000	1.000000	187.000000
1.000000	161.000000	1062.000000	1173.000000	735.000000	1.000000	242.000000	1.000000	1296.000000	3049.000000	1892.000000	273.000000	1.000000	269.000000	1161.000000	1858.000000	1077.000000	314.000000	1.000000	1.000000	195.000000
339.000000	369.000000	287.000000	804.000000	919.000000	1.000000	1.000000	1.000000	1.000000	2178.000000	3792.000000	2270.000000	266.000000	1.000000	263.000000	478.000000	1156.000000	609.000000	224.000000	1.000000	171.000000
431.000000	349.000000	683.000000	1.000000	459.000000	192.000000	831.000000	1134.000000	1.000000	1.000000	1003.000000	387.000000	497.000000	1.000000	1.000000	1.000000	280.000000	1.000000	1.000000	1.000000	1.000000
1.000000	229.000000	1536.000000	179.000000	1.000000	227.000000	435.000000	3027.000000	2424.000000	1.000000	1.000000	1.000000	375.000000	1.000000	1.000000	1.000000	1.000000	1.000000	1.000000	256.000000	640.000000
1.000000	167.000000	640.000000	1290.000000	678.000000	1.000000	1.000000	143.000000	1487.000000	1281.000000	1.000000	1.000000	272.000000	1.000000	1.000000	1.000000	179.000000	1.000000	390.000000	1179.000000	1223.000000
1.000000	1.000000	163.000000	1071.000000	526.000000	1356.000000	542.000000	1.000000	1.000000	543.000000	353.000000	414.000000	161.000000	1.000000	1.000000	1.000000	1.000000	179.000000	209.000000	1195.000000	2177.000000
313.000000	209.000000	1.000000	328.000000	899.000000	1506.000000	1553.000000	229.000000	1.000000	1.000000	1.000000	1.000000	94.000000	1.000000	1.000000	1.000000	1.000000	1.000000	1.000000	291.000000	1448.000000
1.000000	1.000000	849.000000	577.000000	321.000000	1305.000000	2416.000000	1032.000000	1.000000	1.000000	1.000000	1.000000	1.000000	1.000000	1.000000	1.000000	1.000000	413.000000	1.000000	217.000000	291.000000
369.000000	259.000000	646.000000	951.000000	1.000000	553.000000	1683.000000	2760.000000	2623.000000	447.000000	1.000000	1.000000	1.000000	1.000000	1.000000	395.000000	1.000000	1.000000	1.000000	1.000000	1.000000
1.000000	369.000000	547.000000	959.000000	578.000000	1.000000	1.000000	778.000000	2017.000000	3267.000000	1.000000	235.000000	443.000000	898.000000	1.000000	1.000000	1.000000	205.000000	375.000000	144.000000	1.000000
1.000000	1.000000	1.000000	1.000000	1.000000	265.000000	1.000000	1.000000	1.000000	1.000000	465.000000	1.000000	1.000000	1.000000	1.000000	1.000000	1.000000	211.000000	1.000000	1.000000	1.000000
1.000000	1.000000	1.000000	1.000000	1.000000	1.000000	1.000000	1.000000	1.000000	1.000000	1.000000	1.000000	1.000000	1.000000	1.000000	1.000000	1.000000	1.000000	1.000000	1.000000	1.000000
1.000000	1.000000	1.000000	1.000000	1.000000	1.000000	1.000000	1.000000	1.000000	1.000000	1.000000	1.000000	1.000000	1.000000	1.000000	1.000000	1.000000	1.000000	1.000000	1.000000	1.000000
