21 25 0
903.000000	1.000000	871.000000	502.000000	312.000000	180.000000	344.000000	361.000000	1.000000	173.000000	1.000000	335.000000	193.000000	178.000000	422.000000	333.000000	333.000000	1.000000	1.000000	1.000000	1.000000
804.000000	1.000000	874.000000	574.000000	403.000000	742.000000	712.000000	394.000000	248.000000	668.000000	1049.000000	375.000000	1.000000	1.000000	323.000000	237.000000	195.000000	179.000000	1.000000	405.000000	1.000000
433.000000	169.000000	456.000000	1.000000	389.000000	173.000000	1.000000	1.000000	177.000000	1.000000	1.000000	1.000000	1.000000	167.000000	187.000000	1.000000	1.000000	1.000000	1.000000	727.000000	926.000000
1.000000	1.000000	1.000000	1.000000	1.000000	1.000000	1.000000	1.000000	1.000000	1.000000	1.000000	1.000000	1.000000	1.000000	1.000000	1.000000	1.000000	178.000000	191.000000	454.000000	1092.000000
1.000000	1.000000	1.000000	1.000000	179.000000	667.000000	321.000000	164.000000	1.000000	1.000000	1.000000	1.000000	375.000000	622.000000	314.000000	155.000000	231.000000	1.000000	452.000000	933.000000	1091.000000
238.000000	1.000000	1.000000	209.000000	465.000000	1127.000000	1.000000	175.000000	1.000000	1.000000	231.000000	625.000000	625.000000	1292.000000	1528.000000	1183.000000	586.000000	151.000000	846.000000	335.000000	987.000000
321.000000	486.000000	1.000000	1.000000	209.000000	1127.000000	2327.000000	818.000000	477.000000	291.000000	395.000000	1763.000000	1043.000000	1772.000000	634.000000	499.000000	260.000000	209.000000	335.000000	669.000000	661.000000
1.000000	1.000000	1.000000	241.000000	343.000000	1653.000000	513.000000	837.000000	211.000000	1.000000	473.000000	738.000000	1.000000	1.000000	501.000000	1.000000	329.000000	383.000000	421.000000	939.000000	404.000000
1.000000	1.000000	1.000000	1.000000	244.000000	513.000000	1.000000	319.000000	1.000000	693.000000	394.000000	1280.000000	513.000000	1.000000	1.000000	1.000000	383.000000	1.000000	178.000000	395.000000	1.000000
195.000000	1.000000	1.000000	1.000000	1.000000	1.000000	1.000000	866.000000	1038.000000	1.000000	507.000000	452.000000	1.000000	1.000000	1.000000	1.000000	1.000000	407.000000	468.000000	229.000000	286.000000
468.000000	1.000000	325.000000	1.000000	1.000000	410.000000	738.000000	2038.000000	1072.000000	1.000000	307.000000	457.000000	1.000000	1.000000	1.000000	1.000000	369.000000	80.000000	907.000000	243.000000	265.000000
1.000000	1.000000	1.000000	1.000000	941.000000	680.000000	1518.000000	1298.000000	1.000000	1.000000	1.000000	1.000000	301.000000	315.000000	329.000000	1601.000000	1378.000000	1189.000000	925.000000	224.000000	529.000000
1.000000	1.000000	354.000000	852.000000	1127.000000	1.000000	473.000000	225.000000	1.000000	845.000000	1287.000000	2428.000000	1488.000000	826.000000	305.000000	548.000000	1.000000	207.000000	593.000000	639.000000	687.000000
280.000000	1.000000	1.000000	567.000000	151.000000	157.000000	1.000000	1.000000	405.000000	885.000000	1991.000000	1910.000000	836.000000	1.000000	1.000000	274.000000	340.000000	612.000000	694.000000	706.000000	606.000000
1.000000	1.000000	1.000000	1.000000	271.000000	1.000000	1.000000	1.000000	1.000000	1.000000	1.000000	1.000000	1.000000	1.000000	616.000000	1076.000000	677.000000	431.000000	445.000000	185.000000	545.000000
1.000000	1.000000	1.000000	1.000000	303.000000	330.000000	344.000000	1.000000	1.000000	1.000000	1.000000	1.000000	334.000000	1489.000000	2393.000000	1428.000000	1.000000	1.000000	251.000000	564.000000	325.000000
1.000000	1.000000	1.000000	197.000000	459.000000	860.000000	1.000000	1.000000	1.000000	1.000000	315.000000	1292.000000	1349.000000	787.000000	460.000000	260.000000	1.000000	569.000000	945.000000	1.000000	610.000000
1.000000	1.000000	1.000000	1.000000	1.000000	1.000000	375.000000	1.000000	1.000000	169.000000	248.000000	1.000000	1.000000	1.000000	1.000000	490.000000	701.000000	1020.000000	699.000000	283.000000	882.000000
1.000000	1.000000	1.000000	1.000000	367.000000	1.000000	1.000000	1.000000	1.000000	1.000000	1.000000	1.000000	434.000000	1.000000	309.000000	201.000000	533.000000	760.000000	549.000000	177.000000	170.000000
1.000000	494.000000	1.000000	378.000000	1.000000	1.000000	1.000000	1.000000	1.000000	1.000000	425.000000	1.000000	434.000000	379.000000	239.000000	675.000000	334.000000	439.000000	720.000000	1.000000	166.000000
217.000000	230.000000	190.000000	901.000000	553.000000	1.000000	1.000000	1.000000	1.000000	1.000000	1.000000	436.000000	397.000000	1290.000000	2064.000000	1375.000000	693.000000	716.000000	307.000000	1.000000	1.000000
655.000000	1.000000	696.000000	325.000000	1.000000	1.000000	541.000000	828.000000	2604.000000	2957.000000	3023.000000	2948.000000	2356.000000	2251.000000	1541.000000	608.000000	490.000000	246.000000	208.000000	1.000000	1.000000
1.000000	1.000000	325.000000	257.000000	1.000000	275.000000	1.000000	1.000000	285.000000	342.000000	374.000000	350.000000	396.000000	855.000000	365.000000	316.000000	417.000000	1.000000	957.000000	1.000000	1.000000
1.000000	1.000000	1.000000	1.000000	1.000000	1.000000	1.000000	1.000000	1.000000	1.000000	1.000000	1.000000	1.000000	1.000000	1.000000	1.000000	1.000000	1.000000	1.000000	1.000000	1.000000
1.000000	1.000000	1.000000	1.000000	1.000000	1.000000	1.000000	1.000000	1.000000	1.000000	1.000000	1.000000	1.000000	1.000000	1.000000	1.000000	1.000000	1.000000	1.000000	1.000000	1.000000
