21 25 0
1.000000	1.000000	1.000000	1.000000	1.000000	214.000000	402.000000	181.000000	170.000000	157.000000	644.000000	938.000000	608.000000	1.000000	258.000000	244.000000	1.000000	375.000000	1.000000	1621.000000	578.000000
1.000000	1.000000	1.000000	1.000000	1.000000	1.000000	213.000000	383.000000	1.000000	1.000000	177.000000	551.000000	1.000000	1.000000	1.000000	488.000000	1.000000	1.000000	377.000000	815.000000	1152.000000
255.000000	1.000000	1.000000	1.000000	1.000000	316.000000	203.000000	364.000000	1.000000	334.000000	271.000000	340.000000	679.000000	188.000000	188.000000	637.000000	247.000000	1.000000	407.000000	279.000000	1036.000000
254.000000	165.000000	1.000000	408.000000	570.000000	381.000000	901.000000	1122.000000	1095.000000	760.000000	503.000000	243.000000	624.000000	1091.000000	954.000000	1484.000000	959.000000	471.000000	172.000000	203.000000	874.000000
1.000000	1.000000	1.000000	1.000000	1.000000	181.000000	1.000000	434.000000	680.000000	744.000000	515.000000	1.000000	1.000000	167.000000	1.000000	465.000000	224.000000	756.000000	872.000000	235.000000	285.000000
642.000000	1.000000	486.000000	1.000000	1.000000	1.000000	1.000000	1.000000	145.000000	159.000000	1.000000	1.000000	1.000000	1.000000	1.000000	1.000000	466.000000	1.000000	193.000000	287.000000	1.000000
200.000000	608.000000	358.000000	1.000000	159.000000	697.000000	1.000000	1.000000	1.000000	389.000000	710.000000	1.000000	1.000000	1.000000	1.000000	1.000000	1.000000	1.000000	1.000000	443.000000	353.000000
1.000000	199.000000	1.000000	441.000000	195.000000	145.000000	372.000000	724.000000	1.000000	471.000000	1413.000000	703.000000	337.000000	163.000000	1.000000	1.000000	1.000000	1.000000	82.000000	345.000000	659.000000
840.000000	267.000000	1272.000000	194.000000	1530.000000	659.000000	1216.000000	1144.000000	173.000000	1.000000	1414.000000	1261.000000	1.000000	864.000000	607.000000	700.000000	206.000000	263.000000	1.000000	355.000000	367.000000
465.000000	1.000000	1.000000	1206.000000	824.000000	780.000000	725.000000	170.000000	698.000000	1.000000	953.000000	2491.000000	438.000000	637.000000	872.000000	646.000000	1617.000000	1079.000000	502.000000	141.000000	461.000000
1.000000	238.000000	1.000000	293.000000	259.000000	179.000000	277.000000	163.000000	425.000000	1.000000	377.000000	1943.000000	916.000000	1.000000	894.000000	381.000000	281.000000	503.000000	221.000000	1.000000	342.000000
209.000000	230.000000	246.000000	1.000000	1.000000	1.000000	1.000000	1.000000	1.000000	1.000000	185.000000	1691.000000	1154.000000	1.000000	1.000000	1.000000	285.000000	299.000000	1.000000	209.000000	1.000000
1.000000	268.000000	1.000000	287.000000	1.000000	1.000000	533.000000	209.000000	1.000000	1.000000	1.000000	1.000000	349.000000	1.000000	1.000000	1.000000	1.000000	1.000000	1.000000	1.000000	1.000000
313.000000	1.000000	231.000000	1.000000	215.000000	211.000000	1153.000000	2514.000000	905.000000	1.000000	1.000000	228.000000	1.000000	1.000000	772.000000	961.000000	1.000000	297.000000	1.000000	1.000000	1.000000
216.000000	321.000000	265.000000	405.000000	1.000000	1.000000	1.000000	1935.000000	3731.000000	2299.000000	505.000000	1.000000	1.000000	1.000000	255.000000	726.000000	610.000000	1.000000	297.000000	1.000000	457.000000
684.000000	1.000000	541.000000	689.000000	867.000000	1.000000	1.000000	1.000000	467.000000	2414.000000	1816.000000	718.000000	1.000000	1.000000	1.000000	1.000000	576.000000	640.000000	733.000000	1.000000	974.000000
210.000000	1.000000	1.000000	247.000000	557.000000	2340.000000	1155.000000	421.000000	1.000000	1.000000	1.000000	1.000000	1.000000	1.000000	1.000000	291.000000	1.000000	689.000000	621.000000	288.000000	816.000000
366.000000	147.000000	1.000000	1.000000	250.000000	1.000000	1709.000000	1884.000000	422.000000	1.000000	1.000000	589.000000	1.000000	1.000000	1.000000	252.000000	1.000000	1.000000	185.000000	1.000000	227.000000
481.000000	598.000000	734.000000	190.000000	179.000000	262.000000	655.000000	1058.000000	1.000000	1.000000	1.000000	1.000000	1.000000	1.000000	241.000000	211.000000	245.000000	1.000000	287.000000	1.000000	1087.000000
1.000000	235.000000	572.000000	153.000000	253.000000	1.000000	262.000000	1729.000000	2612.000000	2450.000000	1003.000000	229.000000	397.000000	1.000000	183.000000	1.000000	386.000000	1133.000000	1.000000	307.000000	917.000000
415.000000	1.000000	307.000000	791.000000	1210.000000	251.000000	1.000000	1.000000	272.000000	402.000000	420.000000	1.000000	1.000000	910.000000	332.000000	163.000000	505.000000	1076.000000	1136.000000	1.000000	838.000000
330.000000	800.000000	677.000000	1004.000000	972.000000	2479.000000	378.000000	1.000000	1.000000	1.000000	169.000000	1.000000	1.000000	489.000000	1.000000	1.000000	487.000000	507.000000	995.000000	1.000000	358.000000
1.000000	157.000000	395.000000	567.000000	934.000000	1157.000000	1901.000000	1.000000	1.000000	1.000000	1.000000	1.000000	1.000000	1.000000	489.000000	1.000000	1.000000	489.000000	1125.000000	914.000000	491.000000
1.000000	1.000000	1.000000	1.000000	1.000000	1.000000	254.000000	453.000000	1.000000	1.000000	1.000000	1.000000	1.000000	1.000000	1.000000	1.000000	1.000000	1.000000	1.000000	1.000000	1.000000
1.000000	1.000000	1.000000	1.000000	1.000000	1.000000	1.000000	1.000000	1.000000	1.000000	1.000000	1.000000	1.000000	1.000000	1.000000	1.000000	1.000000	1.000000	1.000000	1.000000	1.000000
