21 25 0
409.000000	523.000000	1285.000000	371.000000	875.000000	1.000000	1.000000	159.000000	186.000000	90.000000	101.000000	1.000000	670.000000	999.000000	369.000000	183.000000	506.000000	631.000000	341.000000	383.000000	925.000000
415.000000	942.000000	1308.000000	876.000000	1006.000000	1.000000	1.000000	239.000000	185.000000	191.000000	1.000000	1.000000	585.000000	732.000000	213.000000	196.000000	701.000000	557.000000	537.000000	383.000000	849.000000
367.000000	940.000000	1253.000000	1003.000000	910.000000	220.000000	183.000000	159.000000	1.000000	188.000000	190.000000	1.000000	338.000000	157.000000	378.000000	450.000000	772.000000	849.000000	1352.000000	449.000000	981.000000
165.000000	877.000000	904.000000	1100.000000	679.000000	204.000000	175.000000	1.000000	1.000000	213.000000	202.000000	178.000000	159.000000	1.000000	198.000000	302.000000	337.000000	815.000000	1320.000000	633.000000	992.000000
165.000000	1178.000000	1173.000000	1151.000000	568.000000	1.000000	1.000000	1.000000	1.000000	1.000000	197.000000	1.000000	1.000000	1.000000	447.000000	1.000000	1.000000	859.000000	930.000000	230.000000	1030.000000
165.000000	672.000000	1959.000000	1145.000000	360.000000	1.000000	1.000000	321.000000	757.000000	283.000000	1.000000	1.000000	442.000000	485.000000	455.000000	1.000000	1.000000	721.000000	1083.000000	164.000000	1032.000000
383.000000	424.000000	1467.000000	689.000000	360.000000	1.000000	1.000000	831.000000	1209.000000	460.000000	1.000000	1.000000	442.000000	331.000000	896.000000	466.000000	230.000000	553.000000	1194.000000	630.000000	1123.000000
493.000000	156.000000	603.000000	1016.000000	1.000000	1.000000	481.000000	1385.000000	1374.000000	2516.000000	320.000000	165.000000	320.000000	1.000000	2034.000000	539.000000	1197.000000	865.000000	869.000000	640.000000	623.000000
481.000000	396.000000	1131.000000	555.000000	1.000000	1.000000	481.000000	805.000000	1391.000000	2865.000000	481.000000	415.000000	1055.000000	1.000000	705.000000	351.000000	1201.000000	566.000000	286.000000	407.000000	923.000000
219.000000	467.000000	2326.000000	697.000000	1.000000	1.000000	1.000000	1.000000	981.000000	2419.000000	1401.000000	369.000000	1745.000000	1195.000000	1.000000	1.000000	1.000000	186.000000	1.000000	401.000000	1234.000000
1.000000	457.000000	1985.000000	1654.000000	1.000000	1.000000	1.000000	1.000000	595.000000	2630.000000	1344.000000	369.000000	1653.000000	1833.000000	1.000000	1.000000	1.000000	321.000000	1.000000	560.000000	696.000000
264.000000	281.000000	838.000000	1072.000000	1.000000	313.000000	78.000000	1.000000	851.000000	1980.000000	978.000000	1.000000	265.000000	1797.000000	463.000000	1.000000	1.000000	321.000000	1.000000	806.000000	209.000000
427.000000	245.000000	499.000000	784.000000	232.000000	1023.000000	415.000000	1.000000	1798.000000	1962.000000	857.000000	455.000000	1.000000	1511.000000	533.000000	1.000000	157.000000	273.000000	1.000000	704.000000	1.000000
1.000000	307.000000	356.000000	943.000000	646.000000	1548.000000	471.000000	1.000000	623.000000	1297.000000	753.000000	457.000000	752.000000	2394.000000	540.000000	1.000000	267.000000	175.000000	209.000000	481.000000	1.000000
351.000000	625.000000	762.000000	507.000000	1.000000	1183.000000	1967.000000	1.000000	1.000000	1.000000	1.000000	1.000000	749.000000	2338.000000	532.000000	1.000000	459.000000	339.000000	1.000000	227.000000	1.000000
389.000000	594.000000	1305.000000	938.000000	1.000000	286.000000	199.000000	495.000000	1.000000	1.000000	1.000000	1.000000	467.000000	343.000000	85.000000	1.000000	691.000000	314.000000	232.000000	749.000000	551.000000
443.000000	418.000000	800.000000	1506.000000	1.000000	145.000000	1.000000	1423.000000	1931.000000	1.000000	1.000000	1.000000	1.000000	404.000000	824.000000	1074.000000	767.000000	373.000000	232.000000	899.000000	565.000000
1.000000	237.000000	677.000000	1642.000000	454.000000	1.000000	1.000000	1.000000	990.000000	1061.000000	482.000000	1.000000	327.000000	729.000000	1105.000000	813.000000	584.000000	371.000000	247.000000	705.000000	1.000000
113.000000	275.000000	1.000000	899.000000	545.000000	751.000000	1.000000	1.000000	1.000000	507.000000	482.000000	1.000000	327.000000	795.000000	327.000000	82.000000	204.000000	1.000000	1.000000	910.000000	1.000000
467.000000	294.000000	630.000000	411.000000	223.000000	2200.000000	1244.000000	1.000000	1.000000	1.000000	134.000000	1.000000	525.000000	1.000000	1.000000	1.000000	173.000000	361.000000	275.000000	2211.000000	1.000000
467.000000	1.000000	1249.000000	1.000000	723.000000	1574.000000	2018.000000	2055.000000	1.000000	1.000000	1.000000	1.000000	1.000000	1.000000	1.000000	725.000000	676.000000	1.000000	489.000000	2389.000000	441.000000
501.000000	216.000000	1120.000000	1.000000	898.000000	421.000000	1524.000000	2059.000000	793.000000	1.000000	1.000000	1.000000	203.000000	1.000000	1.000000	1004.000000	1218.000000	479.000000	653.000000	1358.000000	1806.000000
503.000000	980.000000	1181.000000	175.000000	1021.000000	1.000000	1.000000	1.000000	455.000000	1.000000	1.000000	445.000000	490.000000	1.000000	1.000000	615.000000	1264.000000	854.000000	301.000000	994.000000	1420.000000
1.000000	1.000000	1.000000	1.000000	1.000000	426.000000	1.000000	1.000000	366.000000	1.000000	1.000000	1.000000	1.000000	1.000000	1.000000	1.000000	1.000000	179.000000	172.000000	484.000000	1.000000
1.000000	1.000000	1.000000	1.000000	1.000000	1.000000	1.000000	1.000000	1.000000	1.000000	1.000000	1.000000	1.000000	1.000000	1.000000	1.000000	1.000000	1.000000	1.000000	1.000000	1.000000
