21 25 0
1187.000000	151.000000	1053.000000	199.000000	161.000000	217.000000	780.000000	516.000000	195.000000	179.000000	546.000000	726.000000	577.000000	179.000000	343.000000	308.000000	1.000000	347.000000	621.000000	1664.000000	768.000000
1042.000000	1.000000	788.000000	841.000000	218.000000	988.000000	501.000000	181.000000	1.000000	233.000000	540.000000	610.000000	393.000000	1.000000	151.000000	472.000000	195.000000	183.000000	413.000000	1299.000000	1357.000000
664.000000	373.000000	1.000000	889.000000	252.000000	880.000000	406.000000	195.000000	189.000000	524.000000	1.000000	177.000000	182.000000	1.000000	181.000000	566.000000	480.000000	292.000000	719.000000	1203.000000	1532.000000
250.000000	359.000000	1.000000	618.000000	163.000000	523.000000	1.000000	1.000000	268.000000	364.000000	1.000000	1.000000	183.000000	1.000000	379.000000	685.000000	693.000000	724.000000	1158.000000	1074.000000	1465.000000
523.000000	211.000000	1.000000	487.000000	392.000000	989.000000	1.000000	1.000000	193.000000	196.000000	1.000000	1.000000	1.000000	1.000000	1.000000	624.000000	651.000000	736.000000	1012.000000	906.000000	1436.000000
1089.000000	221.000000	534.000000	983.000000	562.000000	642.000000	376.000000	1.000000	1.000000	1.000000	179.000000	403.000000	1.000000	776.000000	442.000000	378.000000	599.000000	635.000000	980.000000	987.000000	1444.000000
678.000000	359.000000	1.000000	989.000000	606.000000	607.000000	475.000000	1.000000	377.000000	395.000000	1141.000000	1864.000000	1.000000	1731.000000	444.000000	1.000000	1.000000	328.000000	463.000000	1255.000000	1435.000000
271.000000	477.000000	1.000000	976.000000	555.000000	495.000000	864.000000	723.000000	633.000000	469.000000	1406.000000	2095.000000	431.000000	1127.000000	1.000000	1.000000	330.000000	1.000000	447.000000	1265.000000	749.000000
920.000000	542.000000	1.000000	547.000000	431.000000	294.000000	374.000000	849.000000	1391.000000	469.000000	1912.000000	3248.000000	1.000000	359.000000	1.000000	1.000000	581.000000	409.000000	449.000000	875.000000	764.000000
875.000000	184.000000	1.000000	467.000000	1015.000000	670.000000	1.000000	991.000000	1982.000000	1.000000	1788.000000	2783.000000	648.000000	345.000000	1.000000	183.000000	385.000000	329.000000	411.000000	558.000000	811.000000
230.000000	420.000000	1.000000	457.000000	682.000000	165.000000	291.000000	1919.000000	1096.000000	1.000000	983.000000	2492.000000	856.000000	1.000000	1.000000	369.000000	474.000000	329.000000	1019.000000	533.000000	516.000000
1.000000	435.000000	1.000000	143.000000	688.000000	1.000000	791.000000	1718.000000	1.000000	1.000000	857.000000	2072.000000	1022.000000	1.000000	1.000000	1240.000000	303.000000	313.000000	686.000000	481.000000	1.000000
1.000000	201.000000	1.000000	1.000000	349.000000	260.000000	1288.000000	1355.000000	244.000000	1.000000	1732.000000	2485.000000	1218.000000	1.000000	179.000000	1068.000000	263.000000	207.000000	658.000000	226.000000	878.000000
1.000000	1.000000	95.000000	1.000000	408.000000	155.000000	369.000000	1337.000000	389.000000	1.000000	1644.000000	1948.000000	986.000000	1.000000	611.000000	718.000000	265.000000	376.000000	224.000000	411.000000	839.000000
1.000000	1.000000	267.000000	368.000000	316.000000	1.000000	1.000000	565.000000	1170.000000	490.000000	1.000000	1.000000	1.000000	1.000000	956.000000	1290.000000	261.000000	301.000000	839.000000	1.000000	681.000000
563.000000	1.000000	267.000000	398.000000	1274.000000	714.000000	1.000000	1.000000	1.000000	167.000000	1.000000	364.000000	339.000000	1.000000	755.000000	585.000000	431.000000	482.000000	1101.000000	77.000000	1093.000000
582.000000	255.000000	445.000000	1.000000	891.000000	1049.000000	507.000000	1.000000	1.000000	1.000000	315.000000	1326.000000	341.000000	1.000000	1.000000	316.000000	1.000000	900.000000	1197.000000	1.000000	1399.000000
1.000000	177.000000	177.000000	227.000000	268.000000	1.000000	1510.000000	1.000000	1.000000	1.000000	1.000000	902.000000	1.000000	1.000000	1.000000	316.000000	569.000000	783.000000	739.000000	1.000000	894.000000
1.000000	405.000000	212.000000	181.000000	1.000000	1.000000	1.000000	231.000000	1.000000	1.000000	1.000000	1.000000	436.000000	1.000000	179.000000	461.000000	569.000000	357.000000	506.000000	1.000000	739.000000
1.000000	596.000000	443.000000	781.000000	315.000000	1.000000	1.000000	185.000000	493.000000	1.000000	1.000000	1.000000	436.000000	583.000000	929.000000	399.000000	524.000000	1054.000000	484.000000	1.000000	515.000000
347.000000	500.000000	443.000000	1722.000000	965.000000	1.000000	1.000000	1.000000	413.000000	1.000000	1.000000	1.000000	1.000000	1861.000000	1875.000000	743.000000	805.000000	327.000000	1351.000000	1.000000	484.000000
1098.000000	669.000000	1189.000000	1735.000000	741.000000	1.000000	877.000000	1.000000	1.000000	1.000000	374.000000	1.000000	1.000000	1767.000000	1588.000000	928.000000	688.000000	513.000000	973.000000	1.000000	508.000000
1278.000000	475.000000	753.000000	1663.000000	926.000000	507.000000	1729.000000	1.000000	1.000000	1.000000	376.000000	1.000000	1.000000	471.000000	482.000000	212.000000	330.000000	355.000000	961.000000	527.000000	360.000000
1.000000	1.000000	1.000000	1.000000	1.000000	1.000000	336.000000	411.000000	1.000000	1.000000	376.000000	1.000000	1.000000	1.000000	1.000000	1.000000	1.000000	1.000000	1.000000	1.000000	172.000000
1.000000	1.000000	1.000000	1.000000	1.000000	1.000000	1.000000	1.000000	1.000000	1.000000	1.000000	1.000000	1.000000	1.000000	1.000000	1.000000	1.000000	1.000000	1.000000	1.000000	1.000000
