21 25 0
467.000000	822.000000	1258.000000	370.000000	945.000000	1.000000	1.000000	1.000000	304.000000	335.000000	426.000000	1.000000	179.000000	156.000000	165.000000	1.000000	171.000000	179.000000	1.000000	1.000000	1.000000
413.000000	835.000000	733.000000	660.000000	337.000000	1.000000	1.000000	1.000000	1.000000	1.000000	1.000000	1.000000	496.000000	346.000000	211.000000	208.000000	159.000000	205.000000	364.000000	1.000000	1.000000
367.000000	642.000000	315.000000	651.000000	102.000000	181.000000	349.000000	529.000000	284.000000	346.000000	372.000000	536.000000	403.000000	431.000000	411.000000	529.000000	573.000000	424.000000	180.000000	1.000000	453.000000
1.000000	1.000000	536.000000	849.000000	1301.000000	1186.000000	752.000000	282.000000	532.000000	163.000000	192.000000	1097.000000	997.000000	843.000000	799.000000	1021.000000	639.000000	200.000000	1.000000	1.000000	519.000000
1.000000	1.000000	930.000000	1045.000000	807.000000	1.000000	1.000000	1.000000	1.000000	1.000000	346.000000	930.000000	515.000000	259.000000	296.000000	203.000000	1.000000	1.000000	1.000000	1.000000	525.000000
291.000000	1.000000	748.000000	527.000000	1.000000	1.000000	1.000000	1.000000	1.000000	1.000000	1.000000	1.000000	1.000000	1.000000	439.000000	1.000000	1.000000	1.000000	1.000000	1.000000	858.000000
381.000000	400.000000	1.000000	1.000000	1.000000	1.000000	1.000000	1.000000	383.000000	294.000000	1.000000	1.000000	1.000000	351.000000	1.000000	847.000000	413.000000	520.000000	180.000000	479.000000	1047.000000
1.000000	1.000000	1.000000	1.000000	1.000000	1.000000	1.000000	643.000000	897.000000	1296.000000	771.000000	1.000000	1.000000	1.000000	820.000000	185.000000	169.000000	379.000000	530.000000	339.000000	1.000000
1.000000	1.000000	424.000000	1083.000000	355.000000	738.000000	1145.000000	1041.000000	387.000000	874.000000	1205.000000	359.000000	832.000000	503.000000	1042.000000	323.000000	861.000000	899.000000	302.000000	329.000000	674.000000
1.000000	1.000000	1311.000000	617.000000	283.000000	541.000000	661.000000	595.000000	499.000000	764.000000	1.000000	303.000000	718.000000	1609.000000	753.000000	768.000000	279.000000	534.000000	312.000000	1.000000	980.000000
1.000000	467.000000	539.000000	288.000000	1.000000	245.000000	1.000000	1.000000	637.000000	1839.000000	1.000000	1.000000	943.000000	328.000000	1.000000	1.000000	1.000000	275.000000	292.000000	1.000000	684.000000
1.000000	487.000000	288.000000	385.000000	1.000000	1.000000	1.000000	1.000000	1372.000000	1928.000000	1.000000	1.000000	1.000000	1.000000	1.000000	1.000000	1.000000	292.000000	1.000000	360.000000	1.000000
1.000000	1.000000	182.000000	1.000000	1.000000	1.000000	1.000000	1.000000	423.000000	1.000000	1.000000	1.000000	1.000000	1.000000	1.000000	1.000000	1.000000	223.000000	645.000000	580.000000	199.000000
1.000000	1.000000	1.000000	321.000000	234.000000	1358.000000	473.000000	1.000000	1.000000	1.000000	1.000000	1.000000	615.000000	1454.000000	1309.000000	160.000000	404.000000	1.000000	292.000000	659.000000	143.000000
195.000000	1.000000	667.000000	997.000000	1414.000000	1366.000000	1.000000	1.000000	1.000000	1.000000	1.000000	1141.000000	2188.000000	1997.000000	206.000000	1.000000	1.000000	572.000000	386.000000	188.000000	1.000000
387.000000	569.000000	739.000000	1330.000000	339.000000	230.000000	157.000000	290.000000	145.000000	1.000000	1.000000	1.000000	1.000000	1.000000	1.000000	1.000000	900.000000	840.000000	679.000000	648.000000	207.000000
1.000000	1.000000	371.000000	636.000000	254.000000	298.000000	1.000000	1.000000	1.000000	483.000000	465.000000	1.000000	1.000000	291.000000	1218.000000	1521.000000	1031.000000	714.000000	404.000000	411.000000	578.000000
1.000000	1.000000	1.000000	1.000000	277.000000	284.000000	705.000000	239.000000	1186.000000	475.000000	481.000000	1.000000	1.000000	1622.000000	1683.000000	1104.000000	470.000000	1.000000	1.000000	389.000000	163.000000
148.000000	225.000000	1.000000	1.000000	1.000000	1.000000	1.000000	483.000000	475.000000	1.000000	1.000000	1.000000	783.000000	1074.000000	355.000000	1.000000	254.000000	247.000000	487.000000	614.000000	1.000000
1.000000	1.000000	363.000000	220.000000	1.000000	455.000000	366.000000	1.000000	451.000000	307.000000	2237.000000	2547.000000	1816.000000	1049.000000	1.000000	240.000000	1.000000	145.000000	384.000000	279.000000	1.000000
465.000000	1.000000	880.000000	1.000000	455.000000	503.000000	1.000000	1.000000	1.000000	1.000000	395.000000	195.000000	445.000000	435.000000	400.000000	1.000000	1.000000	234.000000	1.000000	820.000000	1.000000
511.000000	1.000000	1155.000000	170.000000	973.000000	1.000000	1.000000	1.000000	1.000000	1.000000	1.000000	1.000000	1.000000	1.000000	1.000000	327.000000	803.000000	936.000000	764.000000	468.000000	1.000000
1.000000	999.000000	664.000000	463.000000	701.000000	1.000000	1.000000	1.000000	1.000000	1.000000	1.000000	203.000000	435.000000	1.000000	540.000000	666.000000	1024.000000	610.000000	424.000000	615.000000	1.000000
1.000000	1.000000	1.000000	1.000000	1.000000	1.000000	1.000000	1.000000	1.000000	1.000000	1.000000	1.000000	1.000000	1.000000	1.000000	1.000000	157.000000	263.000000	199.000000	1.000000	1.000000
1.000000	1.000000	1.000000	1.000000	1.000000	1.000000	1.000000	1.000000	1.000000	1.000000	1.000000	1.000000	1.000000	1.000000	1.000000	1.000000	1.000000	1.000000	1.000000	1.000000	1.000000
