21 25 0
1.000000	1.000000	177.000000	177.000000	184.000000	330.000000	249.000000	171.000000	96.000000	190.000000	1.000000	411.000000	718.000000	381.000000	571.000000	833.000000	509.000000	201.000000	1.000000	1.000000	1.000000
1.000000	92.000000	354.000000	566.000000	920.000000	1285.000000	1132.000000	1116.000000	1099.000000	1104.000000	931.000000	598.000000	387.000000	373.000000	666.000000	843.000000	200.000000	357.000000	1.000000	1.000000	1.000000
1.000000	1.000000	224.000000	169.000000	416.000000	415.000000	195.000000	183.000000	177.000000	359.000000	185.000000	1.000000	1.000000	165.000000	185.000000	183.000000	1.000000	229.000000	229.000000	211.000000	1.000000
1.000000	1.000000	1.000000	1.000000	1.000000	1.000000	1.000000	1.000000	1.000000	1.000000	1.000000	1.000000	1.000000	1.000000	1.000000	1.000000	1.000000	1.000000	1.000000	1.000000	1.000000
1.000000	1.000000	1.000000	1.000000	814.000000	1138.000000	1042.000000	267.000000	185.000000	184.000000	215.000000	518.000000	522.000000	621.000000	759.000000	566.000000	466.000000	1.000000	1.000000	431.000000	427.000000
1.000000	1.000000	307.000000	682.000000	1304.000000	1774.000000	1664.000000	1149.000000	593.000000	390.000000	429.000000	2066.000000	2159.000000	1975.000000	2278.000000	2069.000000	1473.000000	486.000000	177.000000	1.000000	1.000000
305.000000	736.000000	735.000000	348.000000	437.000000	1560.000000	1339.000000	2128.000000	1786.000000	1596.000000	452.000000	870.000000	1753.000000	1901.000000	2080.000000	1038.000000	790.000000	407.000000	1.000000	356.000000	1.000000
245.000000	244.000000	285.000000	662.000000	487.000000	456.000000	758.000000	511.000000	365.000000	1.000000	1.000000	1.000000	219.000000	219.000000	665.000000	503.000000	372.000000	142.000000	362.000000	163.000000	163.000000
1.000000	1.000000	1.000000	1.000000	293.000000	472.000000	1.000000	1.000000	1.000000	509.000000	1.000000	447.000000	1.000000	1.000000	1.000000	1.000000	1.000000	173.000000	181.000000	181.000000	1.000000
1.000000	1.000000	431.000000	431.000000	1.000000	1.000000	1.000000	1.000000	1.000000	1.000000	1.000000	1.000000	1.000000	1.000000	1.000000	155.000000	147.000000	275.000000	273.000000	1.000000	1.000000
1.000000	309.000000	326.000000	536.000000	487.000000	1087.000000	896.000000	396.000000	165.000000	1.000000	1.000000	1.000000	1.000000	1.000000	551.000000	73.000000	526.000000	162.000000	162.000000	264.000000	1.000000
1.000000	1.000000	1.000000	740.000000	1193.000000	1579.000000	1153.000000	1.000000	1.000000	1.000000	1.000000	1.000000	313.000000	502.000000	1384.000000	2241.000000	1719.000000	1597.000000	1052.000000	193.000000	144.000000
1.000000	367.000000	1332.000000	1445.000000	1428.000000	1124.000000	1102.000000	1131.000000	1370.000000	2106.000000	2069.000000	2428.000000	2332.000000	2068.000000	1652.000000	1214.000000	174.000000	379.000000	602.000000	214.000000	1.000000
505.000000	725.000000	970.000000	772.000000	562.000000	200.000000	1.000000	471.000000	1695.000000	2844.000000	3556.000000	2779.000000	1284.000000	1.000000	1.000000	1.000000	192.000000	650.000000	774.000000	601.000000	1.000000
1.000000	1.000000	1.000000	283.000000	283.000000	1.000000	1.000000	1.000000	1.000000	1.000000	1.000000	1.000000	1.000000	285.000000	431.000000	973.000000	484.000000	446.000000	498.000000	913.000000	675.000000
1.000000	1.000000	1.000000	1.000000	1.000000	1416.000000	2949.000000	2860.000000	1108.000000	392.000000	1.000000	307.000000	1253.000000	2218.000000	2800.000000	1245.000000	1.000000	1.000000	1.000000	302.000000	1.000000
197.000000	333.000000	733.000000	1.000000	181.000000	181.000000	1.000000	645.000000	1885.000000	2562.000000	1734.000000	1389.000000	1433.000000	1146.000000	832.000000	1.000000	1.000000	291.000000	291.000000	177.000000	1.000000
268.000000	213.000000	579.000000	1012.000000	253.000000	1.000000	1.000000	1.000000	1.000000	1.000000	1.000000	1.000000	1.000000	1.000000	177.000000	532.000000	889.000000	1170.000000	709.000000	228.000000	1.000000
254.000000	227.000000	1.000000	517.000000	1327.000000	756.000000	429.000000	319.000000	937.000000	2618.000000	2460.000000	1495.000000	600.000000	424.000000	1.000000	830.000000	1004.000000	692.000000	903.000000	1.000000	296.000000
1.000000	279.000000	417.000000	591.000000	613.000000	605.000000	1.000000	1.000000	326.000000	477.000000	505.000000	492.000000	169.000000	154.000000	1.000000	197.000000	196.000000	256.000000	485.000000	1.000000	166.000000
181.000000	150.000000	484.000000	651.000000	767.000000	1866.000000	2758.000000	1660.000000	1.000000	1.000000	1.000000	1.000000	1.000000	816.000000	1231.000000	1318.000000	898.000000	716.000000	389.000000	299.000000	1.000000
1.000000	1.000000	251.000000	175.000000	1.000000	350.000000	1230.000000	3178.000000	3163.000000	3172.000000	3204.000000	3253.000000	2548.000000	2336.000000	1535.000000	874.000000	622.000000	621.000000	406.000000	279.000000	732.000000
1.000000	1.000000	1.000000	1.000000	163.000000	1.000000	1.000000	356.000000	1571.000000	2811.000000	1897.000000	1231.000000	437.000000	447.000000	383.000000	340.000000	264.000000	206.000000	206.000000	1.000000	1.000000
1.000000	1.000000	1.000000	1.000000	170.000000	1.000000	1.000000	1.000000	1.000000	185.000000	305.000000	1.000000	1.000000	1.000000	1.000000	1.000000	1.000000	1.000000	1.000000	1.000000	1.000000
1.000000	1.000000	1.000000	1.000000	1.000000	1.000000	1.000000	1.000000	1.000000	1.000000	1.000000	1.000000	1.000000	1.000000	1.000000	1.000000	1.000000	1.000000	1.000000	1.000000	1.000000
