21 25 0
1.000000	819.000000	818.000000	183.000000	220.000000	396.000000	585.000000	384.000000	724.000000	882.000000	748.000000	668.000000	552.000000	150.000000	1.000000	1.000000	1.000000	377.000000	367.000000	762.000000	395.000000
1.000000	1.000000	1.000000	1.000000	337.000000	1.000000	1.000000	1.000000	1.000000	1.000000	1.000000	353.000000	493.000000	173.000000	173.000000	1.000000	1.000000	1.000000	1.000000	810.000000	808.000000
1.000000	1.000000	1.000000	1.000000	513.000000	448.000000	722.000000	1061.000000	704.000000	348.000000	395.000000	727.000000	811.000000	450.000000	540.000000	786.000000	235.000000	167.000000	1.000000	1.000000	1.000000
1.000000	1.000000	518.000000	1013.000000	2253.000000	2082.000000	1925.000000	1695.000000	1551.000000	1577.000000	1122.000000	1457.000000	1717.000000	1672.000000	1393.000000	1634.000000	1397.000000	438.000000	1.000000	1.000000	1.000000
1.000000	247.000000	1.000000	589.000000	486.000000	486.000000	709.000000	637.000000	1307.000000	1329.000000	895.000000	1078.000000	1993.000000	1811.000000	1707.000000	1098.000000	966.000000	464.000000	227.000000	1.000000	1.000000
1.000000	1.000000	1.000000	1.000000	1.000000	1.000000	1.000000	1.000000	383.000000	189.000000	1.000000	1.000000	1.000000	1.000000	509.000000	1.000000	1.000000	1.000000	1.000000	1.000000	1.000000
1.000000	1.000000	1.000000	1.000000	1.000000	471.000000	1.000000	1.000000	1.000000	1.000000	1.000000	1.000000	1.000000	1.000000	1.000000	1.000000	413.000000	442.000000	1.000000	1.000000	1.000000
1.000000	1.000000	1.000000	1.000000	1.000000	1.000000	1.000000	414.000000	407.000000	414.000000	868.000000	820.000000	505.000000	679.000000	366.000000	169.000000	219.000000	287.000000	1.000000	1.000000	359.000000
319.000000	319.000000	340.000000	1855.000000	1887.000000	2049.000000	2451.000000	1602.000000	659.000000	498.000000	221.000000	597.000000	673.000000	1426.000000	1662.000000	781.000000	606.000000	549.000000	269.000000	1.000000	355.000000
201.000000	243.000000	743.000000	1062.000000	1055.000000	1383.000000	1444.000000	862.000000	1.000000	1.000000	1.000000	245.000000	1046.000000	1932.000000	2039.000000	2204.000000	2001.000000	1898.000000	1129.000000	586.000000	570.000000
1.000000	1.000000	1.000000	1.000000	299.000000	243.000000	1.000000	1.000000	1.000000	1.000000	1.000000	1.000000	1.000000	1.000000	463.000000	222.000000	1.000000	1.000000	171.000000	451.000000	684.000000
278.000000	493.000000	1.000000	1.000000	1.000000	1.000000	1.000000	1.000000	1345.000000	1386.000000	1106.000000	1358.000000	311.000000	145.000000	1.000000	1.000000	1.000000	1.000000	1.000000	1.000000	1.000000
283.000000	209.000000	1.000000	1.000000	1.000000	1.000000	1.000000	1.000000	1.000000	1.000000	485.000000	349.000000	1.000000	1.000000	1.000000	1.000000	367.000000	167.000000	403.000000	1.000000	1.000000
1.000000	329.000000	1.000000	234.000000	619.000000	1341.000000	1624.000000	758.000000	253.000000	1.000000	1.000000	1.000000	1.000000	868.000000	1861.000000	1349.000000	809.000000	378.000000	398.000000	227.000000	1.000000
234.000000	498.000000	606.000000	1343.000000	1325.000000	1014.000000	1100.000000	2419.000000	3639.000000	3207.000000	1792.000000	2657.000000	2436.000000	2036.000000	949.000000	710.000000	1.000000	297.000000	297.000000	484.000000	422.000000
257.000000	244.000000	708.000000	612.000000	339.000000	1.000000	1.000000	286.000000	380.000000	1173.000000	1375.000000	474.000000	1.000000	1.000000	1.000000	1.000000	153.000000	1045.000000	1018.000000	659.000000	1.000000
1.000000	1.000000	1.000000	1.000000	330.000000	367.000000	412.000000	1.000000	1.000000	633.000000	153.000000	281.000000	279.000000	279.000000	903.000000	1238.000000	196.000000	696.000000	694.000000	519.000000	321.000000
75.000000	1.000000	1.000000	1.000000	1.000000	388.000000	2540.000000	2708.000000	1274.000000	785.000000	718.000000	1038.000000	2193.000000	2116.000000	1459.000000	641.000000	462.000000	1.000000	1.000000	1.000000	327.000000
337.000000	337.000000	190.000000	284.000000	180.000000	179.000000	1.000000	480.000000	494.000000	1.000000	1.000000	1.000000	157.000000	215.000000	1.000000	1.000000	216.000000	245.000000	499.000000	266.000000	401.000000
1.000000	371.000000	391.000000	251.000000	153.000000	262.000000	1030.000000	2500.000000	2948.000000	2746.000000	3252.000000	3211.000000	2149.000000	1180.000000	355.000000	1.000000	517.000000	400.000000	358.000000	275.000000	480.000000
322.000000	1.000000	257.000000	130.000000	163.000000	1.000000	1.000000	1.000000	1017.000000	2790.000000	2678.000000	2252.000000	1310.000000	462.000000	432.000000	315.000000	1.000000	1192.000000	1190.000000	1.000000	551.000000
740.000000	827.000000	1239.000000	1557.000000	2224.000000	1303.000000	1.000000	1.000000	1.000000	237.000000	304.000000	195.000000	1.000000	511.000000	511.000000	1.000000	709.000000	1465.000000	1726.000000	1.000000	1.000000
1.000000	1.000000	1.000000	1.000000	737.000000	1485.000000	736.000000	1.000000	1.000000	1.000000	1.000000	1.000000	1.000000	1.000000	754.000000	1064.000000	872.000000	363.000000	630.000000	210.000000	1.000000
1.000000	1.000000	1.000000	1.000000	1.000000	1.000000	1.000000	1.000000	1.000000	1.000000	1.000000	1.000000	1.000000	1.000000	1.000000	1.000000	288.000000	290.000000	1.000000	1.000000	1.000000
1.000000	1.000000	1.000000	1.000000	1.000000	1.000000	1.000000	1.000000	1.000000	1.000000	1.000000	1.000000	1.000000	1.000000	1.000000	1.000000	1.000000	1.000000	1.000000	1.000000	1.000000
