21 25 0
1.000000	347.000000	1.000000	1.000000	1.000000	152.000000	157.000000	1.000000	195.000000	1.000000	1.000000	171.000000	592.000000	760.000000	553.000000	406.000000	441.000000	703.000000	1.000000	679.000000	419.000000
1.000000	642.000000	317.000000	183.000000	476.000000	435.000000	331.000000	514.000000	372.000000	627.000000	354.000000	1.000000	171.000000	383.000000	1.000000	187.000000	269.000000	257.000000	254.000000	293.000000	510.000000
1.000000	179.000000	425.000000	307.000000	214.000000	377.000000	189.000000	1.000000	1.000000	369.000000	190.000000	1.000000	1.000000	1.000000	194.000000	191.000000	183.000000	259.000000	440.000000	1.000000	485.000000
291.000000	1.000000	1.000000	626.000000	1.000000	1.000000	1.000000	1.000000	1.000000	1.000000	167.000000	1.000000	1.000000	1.000000	1.000000	1.000000	1.000000	217.000000	268.000000	451.000000	713.000000
1.000000	672.000000	1.000000	662.000000	494.000000	182.000000	1.000000	1.000000	1.000000	1.000000	213.000000	299.000000	1.000000	155.000000	267.000000	1.000000	1.000000	1.000000	1.000000	1.000000	993.000000
1.000000	826.000000	1007.000000	362.000000	362.000000	211.000000	1406.000000	1429.000000	408.000000	1.000000	1.000000	1241.000000	1410.000000	1128.000000	468.000000	622.000000	266.000000	449.000000	1.000000	1.000000	94.000000
1.000000	1.000000	1331.000000	670.000000	1177.000000	1.000000	373.000000	1601.000000	1775.000000	543.000000	1.000000	371.000000	609.000000	805.000000	1790.000000	1.000000	351.000000	249.000000	507.000000	1.000000	1.000000
477.000000	78.000000	1.000000	1070.000000	443.000000	1170.000000	1.000000	489.000000	1319.000000	1326.000000	1.000000	1.000000	1.000000	1.000000	1195.000000	719.000000	493.000000	1.000000	303.000000	273.000000	452.000000
497.000000	167.000000	1346.000000	1.000000	1.000000	1.000000	509.000000	1.000000	1007.000000	1966.000000	1.000000	1.000000	1.000000	1.000000	1.000000	507.000000	1.000000	805.000000	1.000000	1.000000	1.000000
1.000000	421.000000	1939.000000	1028.000000	1.000000	1.000000	1.000000	1.000000	1.000000	939.000000	987.000000	1.000000	543.000000	162.000000	1.000000	1.000000	1.000000	1.000000	1.000000	1.000000	1.000000
281.000000	1.000000	1672.000000	2123.000000	220.000000	1.000000	1.000000	1.000000	1.000000	360.000000	224.000000	1.000000	815.000000	1192.000000	544.000000	1.000000	1.000000	160.000000	1.000000	1.000000	1.000000
269.000000	1.000000	309.000000	1653.000000	929.000000	192.000000	1.000000	1.000000	1.000000	136.000000	1.000000	1.000000	269.000000	2171.000000	1522.000000	205.000000	227.000000	243.000000	1.000000	275.000000	1.000000
606.000000	725.000000	347.000000	882.000000	898.000000	530.000000	157.000000	497.000000	2301.000000	1633.000000	892.000000	411.000000	1.000000	1.000000	532.000000	1048.000000	755.000000	1.000000	395.000000	1.000000	1.000000
536.000000	515.000000	513.000000	602.000000	388.000000	218.000000	1.000000	1.000000	909.000000	2801.000000	1715.000000	498.000000	431.000000	279.000000	1.000000	1.000000	213.000000	213.000000	112.000000	1.000000	1.000000
1.000000	576.000000	1.000000	281.000000	281.000000	567.000000	354.000000	1.000000	1.000000	1.000000	1.000000	483.000000	1.000000	799.000000	443.000000	1.000000	289.000000	203.000000	214.000000	511.000000	1.000000
389.000000	545.000000	909.000000	355.000000	1.000000	612.000000	2768.000000	2825.000000	946.000000	1.000000	1.000000	1.000000	233.000000	1145.000000	1912.000000	448.000000	1.000000	239.000000	1.000000	302.000000	283.000000
333.000000	331.000000	845.000000	911.000000	1.000000	1.000000	192.000000	1158.000000	3144.000000	879.000000	582.000000	1.000000	349.000000	299.000000	577.000000	486.000000	572.000000	1.000000	1.000000	181.000000	1.000000
269.000000	273.000000	695.000000	1608.000000	1137.000000	1.000000	1.000000	1.000000	1.000000	1.000000	1.000000	1.000000	1.000000	1.000000	1.000000	243.000000	622.000000	269.000000	1.000000	1.000000	1.000000
463.000000	275.000000	237.000000	478.000000	1683.000000	966.000000	185.000000	1.000000	1.000000	642.000000	878.000000	1.000000	1.000000	1.000000	1.000000	195.000000	1.000000	664.000000	278.000000	427.000000	1.000000
1.000000	364.000000	361.000000	411.000000	879.000000	1743.000000	853.000000	1.000000	1.000000	1.000000	1.000000	493.000000	1.000000	1.000000	1.000000	1.000000	1.000000	327.000000	1.000000	768.000000	1.000000
1.000000	1.000000	294.000000	652.000000	758.000000	1866.000000	3292.000000	1818.000000	1.000000	1.000000	1.000000	1.000000	1.000000	1.000000	1.000000	390.000000	195.000000	1.000000	415.000000	1082.000000	538.000000
1.000000	974.000000	163.000000	153.000000	1.000000	350.000000	1670.000000	3500.000000	3395.000000	3069.000000	2645.000000	2932.000000	2349.000000	1123.000000	337.000000	431.000000	731.000000	376.000000	199.000000	536.000000	1091.000000
503.000000	1.000000	1158.000000	1.000000	754.000000	1.000000	1.000000	212.000000	451.000000	785.000000	1.000000	786.000000	874.000000	393.000000	363.000000	316.000000	1.000000	1327.000000	377.000000	1.000000	1029.000000
1.000000	1.000000	1.000000	1.000000	1.000000	427.000000	1.000000	1.000000	1.000000	367.000000	1.000000	1.000000	1.000000	1.000000	1.000000	1.000000	1.000000	1.000000	1.000000	1.000000	1.000000
1.000000	1.000000	1.000000	1.000000	1.000000	1.000000	1.000000	1.000000	1.000000	1.000000	1.000000	1.000000	1.000000	1.000000	1.000000	1.000000	1.000000	1.000000	1.000000	1.000000	1.000000
