21 25 0
1.000000	1.000000	1536.000000	2269.000000	438.000000	389.000000	405.000000	1.000000	1.000000	1.000000	1.000000	581.000000	798.000000	1.000000	1.000000	1.000000	184.000000	1.000000	153.000000	157.000000	622.000000
1.000000	410.000000	2342.000000	2058.000000	445.000000	391.000000	1.000000	1.000000	1.000000	1.000000	311.000000	369.000000	413.000000	1.000000	1.000000	1.000000	1.000000	1.000000	155.000000	322.000000	458.000000
477.000000	1104.000000	1917.000000	897.000000	1.000000	1.000000	1.000000	1.000000	1.000000	1.000000	1.000000	143.000000	1.000000	1.000000	1.000000	494.000000	311.000000	1.000000	494.000000	513.000000	1.000000
758.000000	1627.000000	1482.000000	285.000000	1.000000	1.000000	1.000000	1.000000	1.000000	145.000000	148.000000	802.000000	166.000000	1.000000	1.000000	362.000000	959.000000	1.000000	300.000000	153.000000	233.000000
870.000000	1386.000000	1124.000000	235.000000	1.000000	1.000000	1.000000	1.000000	1.000000	1.000000	163.000000	629.000000	1.000000	1.000000	1.000000	307.000000	609.000000	1.000000	1.000000	153.000000	433.000000
818.000000	1320.000000	1085.000000	209.000000	1.000000	1.000000	1.000000	824.000000	619.000000	359.000000	1.000000	1.000000	1.000000	351.000000	423.000000	189.000000	1.000000	161.000000	350.000000	167.000000	200.000000
985.000000	1742.000000	1017.000000	1.000000	1.000000	1.000000	1.000000	1101.000000	2144.000000	316.000000	1.000000	1.000000	1.000000	155.000000	838.000000	703.000000	1.000000	489.000000	618.000000	299.000000	369.000000
612.000000	1899.000000	971.000000	1.000000	1.000000	1.000000	409.000000	696.000000	1332.000000	316.000000	1.000000	416.000000	223.000000	151.000000	750.000000	275.000000	269.000000	802.000000	480.000000	523.000000	728.000000
707.000000	2437.000000	1486.000000	1.000000	1.000000	1.000000	736.000000	935.000000	769.000000	267.000000	1.000000	763.000000	1278.000000	1.000000	1.000000	1.000000	736.000000	1054.000000	285.000000	723.000000	1359.000000
1.000000	1442.000000	1536.000000	220.000000	1.000000	1.000000	327.000000	1.000000	441.000000	459.000000	1.000000	689.000000	2066.000000	922.000000	1.000000	135.000000	1087.000000	1130.000000	1.000000	544.000000	1067.000000
429.000000	979.000000	1060.000000	819.000000	217.000000	603.000000	463.000000	1.000000	897.000000	2397.000000	902.000000	1.000000	1984.000000	1706.000000	1.000000	135.000000	475.000000	685.000000	1.000000	546.000000	1238.000000
891.000000	134.000000	967.000000	1615.000000	329.000000	287.000000	576.000000	1.000000	1651.000000	2673.000000	840.000000	1.000000	1297.000000	2333.000000	1.000000	1.000000	189.000000	1.000000	287.000000	176.000000	987.000000
959.000000	467.000000	802.000000	1592.000000	726.000000	1.000000	1.000000	1.000000	863.000000	2550.000000	1.000000	1.000000	897.000000	1459.000000	1.000000	1.000000	351.000000	1.000000	706.000000	644.000000	807.000000
941.000000	689.000000	667.000000	1089.000000	534.000000	1.000000	1.000000	442.000000	1.000000	1.000000	1.000000	1.000000	1472.000000	2317.000000	400.000000	1.000000	144.000000	330.000000	400.000000	511.000000	941.000000
801.000000	917.000000	672.000000	901.000000	291.000000	1.000000	391.000000	443.000000	1.000000	1.000000	1.000000	1.000000	1941.000000	3296.000000	782.000000	1.000000	1.000000	1.000000	131.000000	214.000000	465.000000
655.000000	1.000000	1305.000000	978.000000	1667.000000	1.000000	1.000000	1.000000	1.000000	469.000000	1.000000	405.000000	501.000000	2273.000000	1271.000000	1.000000	1.000000	1.000000	461.000000	290.000000	337.000000
1.000000	1079.000000	1688.000000	1175.000000	2646.000000	211.000000	1.000000	1.000000	471.000000	507.000000	1.000000	1.000000	501.000000	845.000000	2234.000000	644.000000	1.000000	244.000000	323.000000	366.000000	540.000000
1.000000	915.000000	1691.000000	1146.000000	1964.000000	1.000000	1.000000	2046.000000	473.000000	1009.000000	1.000000	1.000000	501.000000	1.000000	1287.000000	183.000000	1.000000	438.000000	690.000000	536.000000	408.000000
1.000000	620.000000	1134.000000	1183.000000	1135.000000	1.000000	1305.000000	2537.000000	1.000000	503.000000	1.000000	1.000000	1.000000	1.000000	1.000000	1.000000	1.000000	612.000000	409.000000	542.000000	637.000000
1.000000	287.000000	953.000000	1323.000000	736.000000	1.000000	1916.000000	2734.000000	1.000000	1.000000	1.000000	348.000000	1.000000	1.000000	1.000000	281.000000	678.000000	452.000000	365.000000	940.000000	588.000000
74.000000	1.000000	650.000000	873.000000	412.000000	1.000000	1553.000000	2808.000000	1.000000	1.000000	887.000000	1266.000000	451.000000	1.000000	1.000000	734.000000	1391.000000	635.000000	297.000000	695.000000	446.000000
226.000000	1.000000	1162.000000	496.000000	1.000000	1.000000	1128.000000	2146.000000	644.000000	1.000000	809.000000	614.000000	1.000000	1.000000	197.000000	726.000000	911.000000	639.000000	161.000000	453.000000	397.000000
1371.000000	185.000000	1063.000000	693.000000	1.000000	143.000000	578.000000	557.000000	815.000000	1.000000	1.000000	1044.000000	1.000000	1.000000	373.000000	543.000000	953.000000	638.000000	1.000000	457.000000	309.000000
1337.000000	909.000000	1392.000000	1236.000000	367.000000	1190.000000	1077.000000	1.000000	396.000000	1.000000	1.000000	932.000000	1.000000	1.000000	531.000000	819.000000	1351.000000	579.000000	1.000000	968.000000	279.000000
349.000000	933.000000	1687.000000	1441.000000	457.000000	1261.000000	1218.000000	1.000000	388.000000	1.000000	1.000000	480.000000	1.000000	171.000000	619.000000	654.000000	1078.000000	633.000000	484.000000	1091.000000	446.000000
