21 25 0
1.000000	1.000000	719.000000	1426.000000	2252.000000	2162.000000	1973.000000	1489.000000	1354.000000	1366.000000	2044.000000	2010.000000	2145.000000	1770.000000	2143.000000	1633.000000	1478.000000	724.000000	413.000000	1.000000	1.000000
1.000000	637.000000	1967.000000	1472.000000	1096.000000	521.000000	177.000000	1.000000	1.000000	195.000000	223.000000	413.000000	439.000000	489.000000	760.000000	1235.000000	949.000000	976.000000	607.000000	1.000000	1.000000
175.000000	668.000000	1027.000000	177.000000	1.000000	1.000000	1.000000	1.000000	1.000000	1.000000	1.000000	1.000000	137.000000	227.000000	1.000000	211.000000	407.000000	272.000000	432.000000	179.000000	1.000000
632.000000	1064.000000	632.000000	1.000000	139.000000	634.000000	1493.000000	1369.000000	713.000000	454.000000	443.000000	659.000000	1009.000000	1607.000000	1114.000000	505.000000	299.000000	600.000000	623.000000	243.000000	404.000000
1.000000	1.000000	1.000000	1.000000	1.000000	501.000000	1076.000000	1163.000000	1428.000000	1417.000000	1379.000000	1260.000000	1356.000000	1232.000000	785.000000	495.000000	1.000000	1.000000	1.000000	1.000000	1.000000
1.000000	1.000000	1.000000	1.000000	1.000000	1.000000	1.000000	1.000000	165.000000	972.000000	1456.000000	568.000000	1.000000	1.000000	335.000000	145.000000	72.000000	1.000000	1.000000	1.000000	1.000000
210.000000	292.000000	190.000000	1.000000	1.000000	498.000000	378.000000	1.000000	1.000000	1.000000	1.000000	1.000000	1.000000	1.000000	1.000000	1.000000	1.000000	1.000000	1.000000	1.000000	1.000000
1.000000	1.000000	1.000000	1.000000	1.000000	1.000000	1.000000	280.000000	1.000000	1.000000	1.000000	1.000000	858.000000	1300.000000	530.000000	1.000000	349.000000	189.000000	1.000000	1.000000	161.000000
779.000000	1.000000	1.000000	362.000000	209.000000	970.000000	1078.000000	467.000000	222.000000	137.000000	587.000000	1.000000	140.000000	605.000000	270.000000	430.000000	189.000000	1.000000	199.000000	255.000000	456.000000
1562.000000	840.000000	396.000000	1.000000	943.000000	2502.000000	2826.000000	2085.000000	276.000000	333.000000	777.000000	408.000000	1.000000	934.000000	1339.000000	1188.000000	455.000000	688.000000	333.000000	317.000000	682.000000
719.000000	253.000000	1.000000	1.000000	343.000000	463.000000	1176.000000	1014.000000	981.000000	1378.000000	2450.000000	1389.000000	1021.000000	1624.000000	1680.000000	1343.000000	1669.000000	949.000000	1.000000	1.000000	1.000000
1.000000	278.000000	238.000000	1.000000	1.000000	487.000000	347.000000	1.000000	1.000000	827.000000	695.000000	1261.000000	916.000000	363.000000	499.000000	759.000000	1085.000000	527.000000	1.000000	1.000000	297.000000
813.000000	911.000000	1.000000	1.000000	151.000000	151.000000	1.000000	1.000000	1.000000	1.000000	1.000000	203.000000	413.000000	1.000000	1.000000	1.000000	1.000000	1.000000	208.000000	223.000000	346.000000
751.000000	655.000000	455.000000	142.000000	1.000000	1.000000	270.000000	850.000000	477.000000	1.000000	1.000000	1.000000	271.000000	433.000000	833.000000	1.000000	1.000000	1.000000	539.000000	1.000000	320.000000
1.000000	1.000000	1.000000	219.000000	1203.000000	2312.000000	3047.000000	3384.000000	2614.000000	2360.000000	2414.000000	2743.000000	2831.000000	3361.000000	3408.000000	2208.000000	766.000000	1.000000	1.000000	1.000000	181.000000
1.000000	1.000000	1.000000	236.000000	908.000000	1235.000000	834.000000	315.000000	411.000000	885.000000	847.000000	975.000000	963.000000	613.000000	873.000000	1087.000000	553.000000	788.000000	227.000000	1.000000	1.000000
460.000000	153.000000	153.000000	1.000000	1.000000	1.000000	1.000000	493.000000	816.000000	1194.000000	1138.000000	662.000000	358.000000	882.000000	418.000000	1.000000	1.000000	167.000000	393.000000	509.000000	592.000000
519.000000	856.000000	495.000000	1.000000	1.000000	1.000000	395.000000	3420.000000	3426.000000	2549.000000	2171.000000	2111.000000	2753.000000	3038.000000	2092.000000	150.000000	1.000000	1.000000	472.000000	596.000000	579.000000
149.000000	1.000000	1.000000	1.000000	1.000000	1.000000	443.000000	1296.000000	607.000000	474.000000	1.000000	1.000000	1.000000	954.000000	614.000000	1.000000	1.000000	1.000000	1.000000	1.000000	1.000000
1.000000	1.000000	1.000000	1.000000	1.000000	1.000000	1.000000	1.000000	813.000000	1601.000000	1511.000000	1800.000000	1558.000000	389.000000	1.000000	1.000000	1.000000	1.000000	1.000000	1.000000	139.000000
1.000000	214.000000	438.000000	1.000000	1.000000	1.000000	1.000000	1.000000	293.000000	1772.000000	2669.000000	2566.000000	1846.000000	1.000000	1.000000	1.000000	1.000000	1.000000	1.000000	1.000000	73.000000
1.000000	211.000000	211.000000	185.000000	1.000000	1.000000	1.000000	1.000000	1.000000	1.000000	296.000000	318.000000	1.000000	1.000000	1.000000	1.000000	1.000000	1.000000	1.000000	1.000000	148.000000
1.000000	467.000000	505.000000	1.000000	541.000000	1.000000	602.000000	511.000000	1.000000	1.000000	1.000000	1.000000	1.000000	1.000000	1.000000	1.000000	1.000000	1.000000	209.000000	209.000000	389.000000
1238.000000	1530.000000	1375.000000	917.000000	1.000000	307.000000	69.000000	1.000000	1.000000	144.000000	317.000000	151.000000	1.000000	1.000000	165.000000	1.000000	396.000000	739.000000	935.000000	909.000000	1638.000000
471.000000	805.000000	823.000000	1.000000	1.000000	1.000000	179.000000	351.000000	501.000000	672.000000	1370.000000	861.000000	514.000000	402.000000	1066.000000	295.000000	275.000000	1.000000	393.000000	932.000000	1575.000000
