21 25 0
1.000000	1.000000	1083.000000	1557.000000	1685.000000	1832.000000	1393.000000	369.000000	1.000000	1.000000	1049.000000	2186.000000	1345.000000	909.000000	621.000000	378.000000	819.000000	1.000000	1.000000	1.000000	1.000000
1.000000	792.000000	1513.000000	2209.000000	1325.000000	397.000000	1.000000	1.000000	1.000000	1.000000	665.000000	607.000000	216.000000	1.000000	1.000000	1.000000	213.000000	1.000000	1.000000	1.000000	1.000000
495.000000	1215.000000	2051.000000	1000.000000	1.000000	1.000000	1.000000	1.000000	1.000000	1.000000	1.000000	1.000000	1.000000	1.000000	1.000000	1.000000	1.000000	1.000000	1.000000	1.000000	1.000000
778.000000	1915.000000	1349.000000	212.000000	1.000000	145.000000	497.000000	1.000000	1.000000	1.000000	340.000000	315.000000	652.000000	234.000000	1.000000	1.000000	1.000000	1.000000	1.000000	1.000000	1.000000
1194.000000	826.000000	295.000000	1.000000	1.000000	179.000000	525.000000	1.000000	1.000000	468.000000	1155.000000	1382.000000	836.000000	315.000000	1.000000	1.000000	1.000000	1.000000	1.000000	1.000000	147.000000
279.000000	465.000000	638.000000	1.000000	1.000000	1.000000	1.000000	1.000000	1.000000	1.000000	752.000000	986.000000	1.000000	1.000000	1135.000000	1.000000	1.000000	1.000000	1.000000	1.000000	167.000000
201.000000	667.000000	881.000000	1.000000	1.000000	1.000000	1.000000	1.000000	704.000000	1.000000	1.000000	1.000000	1.000000	1206.000000	427.000000	1.000000	1.000000	1.000000	189.000000	69.000000	1.000000
1.000000	253.000000	522.000000	1.000000	1.000000	1.000000	1.000000	648.000000	401.000000	1.000000	1.000000	1.000000	733.000000	1091.000000	248.000000	1.000000	1.000000	581.000000	205.000000	147.000000	510.000000
383.000000	972.000000	1018.000000	1.000000	1.000000	333.000000	1120.000000	1240.000000	1041.000000	218.000000	1.000000	741.000000	612.000000	67.000000	1.000000	181.000000	573.000000	341.000000	333.000000	611.000000	728.000000
1.000000	1086.000000	311.000000	1.000000	1.000000	1292.000000	2567.000000	1431.000000	277.000000	441.000000	370.000000	1.000000	1.000000	485.000000	1001.000000	490.000000	626.000000	676.000000	237.000000	370.000000	1117.000000
355.000000	313.000000	238.000000	176.000000	1.000000	999.000000	1247.000000	205.000000	441.000000	1891.000000	1137.000000	1.000000	1727.000000	1827.000000	388.000000	153.000000	1273.000000	968.000000	1.000000	161.000000	592.000000
385.000000	423.000000	405.000000	229.000000	364.000000	1.000000	1.000000	1.000000	658.000000	2220.000000	423.000000	1.000000	1.000000	562.000000	1.000000	189.000000	1218.000000	283.000000	1.000000	1.000000	297.000000
743.000000	1.000000	375.000000	214.000000	1.000000	1.000000	1.000000	1.000000	419.000000	1.000000	1.000000	1.000000	1.000000	1.000000	1.000000	1.000000	1.000000	1.000000	1.000000	186.000000	877.000000
434.000000	1.000000	338.000000	237.000000	1.000000	1.000000	1.000000	441.000000	369.000000	1.000000	1.000000	1.000000	435.000000	730.000000	1.000000	473.000000	1.000000	1.000000	554.000000	202.000000	484.000000
1.000000	1.000000	221.000000	1.000000	142.000000	1192.000000	2819.000000	1229.000000	1.000000	1.000000	737.000000	1674.000000	1910.000000	2669.000000	1681.000000	153.000000	152.000000	1.000000	1.000000	1.000000	319.000000
1.000000	1.000000	301.000000	98.000000	1083.000000	1065.000000	958.000000	1.000000	1.000000	1.000000	1081.000000	699.000000	915.000000	487.000000	389.000000	1.000000	1.000000	1.000000	1.000000	155.000000	137.000000
1.000000	303.000000	920.000000	556.000000	263.000000	1.000000	1.000000	1.000000	905.000000	1132.000000	1169.000000	507.000000	1.000000	670.000000	605.000000	1.000000	1.000000	135.000000	275.000000	525.000000	389.000000
1.000000	861.000000	329.000000	94.000000	1.000000	1.000000	1.000000	3014.000000	1429.000000	1748.000000	476.000000	475.000000	859.000000	879.000000	1110.000000	1.000000	1.000000	1.000000	184.000000	302.000000	587.000000
155.000000	141.000000	309.000000	1.000000	74.000000	1.000000	2168.000000	1603.000000	1.000000	477.000000	1.000000	1.000000	1.000000	189.000000	1.000000	1.000000	1.000000	313.000000	153.000000	439.000000	437.000000
1.000000	1.000000	301.000000	1.000000	1.000000	1.000000	1540.000000	1.000000	1.000000	1.000000	211.000000	613.000000	1307.000000	631.000000	1.000000	207.000000	247.000000	186.000000	147.000000	483.000000	356.000000
1.000000	1.000000	441.000000	477.000000	1.000000	1.000000	1.000000	392.000000	1.000000	1.000000	1056.000000	2318.000000	750.000000	1.000000	1.000000	253.000000	705.000000	143.000000	1.000000	450.000000	289.000000
1.000000	706.000000	581.000000	1037.000000	1.000000	1.000000	421.000000	1.000000	1.000000	1.000000	1.000000	318.000000	1.000000	1.000000	1.000000	433.000000	197.000000	1.000000	281.000000	142.000000	74.000000
643.000000	744.000000	865.000000	810.000000	353.000000	273.000000	417.000000	147.000000	1.000000	1.000000	1.000000	1.000000	1.000000	1.000000	299.000000	490.000000	227.000000	467.000000	1.000000	1.000000	389.000000
1727.000000	1154.000000	1427.000000	2139.000000	1.000000	141.000000	526.000000	1.000000	1.000000	1.000000	135.000000	1.000000	1.000000	1.000000	649.000000	198.000000	1319.000000	612.000000	1.000000	938.000000	1342.000000
1290.000000	1413.000000	1509.000000	493.000000	1.000000	1365.000000	1.000000	1.000000	314.000000	337.000000	459.000000	793.000000	1.000000	537.000000	951.000000	1078.000000	659.000000	289.000000	892.000000	1579.000000	231.000000
