21 25 0
146.000000	1.000000	1.000000	307.000000	1.000000	1.000000	1.000000	1.000000	1.000000	1.000000	1.000000	1.000000	1.000000	1.000000	1.000000	1.000000	605.000000	136.000000	340.000000	464.000000	614.000000
1.000000	1.000000	1.000000	640.000000	1.000000	1.000000	318.000000	637.000000	483.000000	730.000000	505.000000	70.000000	277.000000	873.000000	582.000000	135.000000	1.000000	285.000000	663.000000	323.000000	322.000000
1.000000	1.000000	1.000000	1.000000	1.000000	1.000000	155.000000	789.000000	1323.000000	1349.000000	1304.000000	656.000000	409.000000	845.000000	684.000000	1194.000000	325.000000	1.000000	1.000000	324.000000	296.000000
401.000000	885.000000	260.000000	1.000000	1.000000	1.000000	1.000000	1.000000	325.000000	509.000000	563.000000	305.000000	1.000000	1.000000	331.000000	561.000000	1029.000000	129.000000	1.000000	1.000000	324.000000
595.000000	607.000000	772.000000	1.000000	1.000000	361.000000	297.000000	1.000000	1.000000	1.000000	1.000000	1.000000	1.000000	1.000000	1.000000	169.000000	279.000000	160.000000	1.000000	71.000000	139.000000
328.000000	661.000000	770.000000	1.000000	1.000000	149.000000	1585.000000	1719.000000	928.000000	195.000000	1.000000	1.000000	1.000000	522.000000	363.000000	1.000000	1.000000	311.000000	81.000000	147.000000	1.000000
507.000000	799.000000	147.000000	212.000000	238.000000	1.000000	1.000000	1226.000000	2115.000000	1650.000000	547.000000	175.000000	1.000000	211.000000	489.000000	841.000000	178.000000	494.000000	312.000000	1.000000	1.000000
1248.000000	1961.000000	596.000000	155.000000	770.000000	365.000000	447.000000	1.000000	205.000000	189.000000	269.000000	1122.000000	1.000000	1.000000	195.000000	903.000000	712.000000	213.000000	131.000000	133.000000	558.000000
479.000000	2069.000000	1395.000000	1.000000	1.000000	379.000000	1.000000	186.000000	1.000000	1.000000	1.000000	549.000000	374.000000	1.000000	1.000000	163.000000	547.000000	246.000000	1.000000	147.000000	261.000000
1.000000	1135.000000	1023.000000	1.000000	1.000000	1.000000	1.000000	1.000000	348.000000	422.000000	1.000000	345.000000	1249.000000	445.000000	1.000000	1.000000	390.000000	490.000000	1.000000	1.000000	235.000000
1.000000	231.000000	750.000000	588.000000	1.000000	1.000000	137.000000	1.000000	1.000000	1.000000	1.000000	441.000000	1628.000000	571.000000	1.000000	1.000000	1.000000	1.000000	1.000000	223.000000	347.000000
481.000000	1.000000	1120.000000	1975.000000	217.000000	1.000000	1.000000	1.000000	1.000000	1.000000	1.000000	1.000000	737.000000	923.000000	1.000000	1.000000	1.000000	1.000000	189.000000	1.000000	341.000000
779.000000	482.000000	618.000000	1423.000000	1114.000000	1.000000	294.000000	1.000000	1371.000000	3140.000000	814.000000	501.000000	1.000000	1515.000000	758.000000	1.000000	1.000000	1.000000	1.000000	285.000000	176.000000
921.000000	888.000000	1.000000	564.000000	297.000000	1.000000	305.000000	1.000000	433.000000	1884.000000	1193.000000	1.000000	503.000000	660.000000	1079.000000	433.000000	654.000000	518.000000	1.000000	1.000000	333.000000
1241.000000	1327.000000	422.000000	1.000000	1.000000	1.000000	1.000000	1.000000	1.000000	1.000000	1.000000	1.000000	1.000000	1.000000	1.000000	1.000000	264.000000	483.000000	235.000000	335.000000	870.000000
1355.000000	1353.000000	1282.000000	1.000000	1.000000	1.000000	1.000000	827.000000	884.000000	505.000000	1.000000	1.000000	283.000000	2082.000000	1774.000000	317.000000	1.000000	1.000000	407.000000	1.000000	703.000000
485.000000	942.000000	928.000000	639.000000	876.000000	155.000000	1.000000	509.000000	1.000000	341.000000	1.000000	1.000000	1.000000	1240.000000	2734.000000	978.000000	1.000000	1.000000	1.000000	73.000000	1.000000
1.000000	455.000000	497.000000	1068.000000	502.000000	430.000000	155.000000	1.000000	1.000000	1.000000	1.000000	1.000000	1.000000	1.000000	1.000000	863.000000	1.000000	1.000000	1.000000	1.000000	1.000000
1.000000	405.000000	919.000000	1172.000000	105.000000	1.000000	651.000000	1.000000	1.000000	1.000000	1405.000000	1260.000000	540.000000	206.000000	1.000000	629.000000	1.000000	1.000000	1.000000	150.000000	75.000000
1.000000	261.000000	596.000000	1434.000000	424.000000	1.000000	1452.000000	973.000000	1.000000	1.000000	483.000000	1.000000	362.000000	316.000000	1.000000	195.000000	1.000000	177.000000	1.000000	290.000000	76.000000
1.000000	1.000000	261.000000	269.000000	294.000000	1.000000	1274.000000	2470.000000	981.000000	1.000000	1.000000	1.000000	1.000000	1.000000	1.000000	207.000000	376.000000	344.000000	1.000000	285.000000	149.000000
165.000000	1.000000	1.000000	1.000000	1.000000	1.000000	204.000000	1651.000000	1861.000000	1137.000000	458.000000	534.000000	1.000000	1.000000	1.000000	1.000000	321.000000	346.000000	493.000000	453.000000	380.000000
1.000000	1.000000	1.000000	172.000000	257.000000	1.000000	1.000000	384.000000	783.000000	407.000000	780.000000	2003.000000	1.000000	1.000000	129.000000	1.000000	1.000000	1.000000	1.000000	766.000000	767.000000
1.000000	1.000000	1.000000	149.000000	1.000000	353.000000	137.000000	215.000000	227.000000	1.000000	152.000000	602.000000	1.000000	1.000000	1.000000	598.000000	918.000000	1.000000	485.000000	724.000000	156.000000
1.000000	135.000000	1.000000	937.000000	1.000000	1.000000	356.000000	159.000000	1.000000	1.000000	1.000000	1.000000	1.000000	1.000000	1.000000	1.000000	764.000000	919.000000	1.000000	963.000000	452.000000
