21 25 0
872.000000	657.000000	170.000000	1.000000	1.000000	1.000000	137.000000	639.000000	242.000000	1.000000	1.000000	1.000000	140.000000	1.000000	1.000000	1.000000	143.000000	159.000000	157.000000	379.000000	589.000000
291.000000	145.000000	1.000000	1.000000	810.000000	1418.000000	1841.000000	2060.000000	1476.000000	1046.000000	1015.000000	1073.000000	1929.000000	1225.000000	600.000000	568.000000	367.000000	1.000000	168.000000	85.000000	318.000000
1.000000	1.000000	1.000000	1.000000	338.000000	1761.000000	1524.000000	1382.000000	1565.000000	1496.000000	1702.000000	1792.000000	1606.000000	1359.000000	1328.000000	1023.000000	407.000000	148.000000	1.000000	161.000000	299.000000
1.000000	1.000000	1.000000	1.000000	136.000000	299.000000	267.000000	321.000000	349.000000	661.000000	723.000000	652.000000	193.000000	287.000000	426.000000	201.000000	273.000000	213.000000	1.000000	1.000000	1.000000
1.000000	294.000000	293.000000	1.000000	1.000000	287.000000	785.000000	414.000000	1.000000	1.000000	1.000000	1.000000	440.000000	885.000000	1050.000000	195.000000	414.000000	160.000000	1.000000	1.000000	1.000000
324.000000	241.000000	1.000000	135.000000	527.000000	1115.000000	2272.000000	1797.000000	548.000000	354.000000	146.000000	137.000000	972.000000	1630.000000	1260.000000	152.000000	171.000000	191.000000	1.000000	1.000000	137.000000
1.000000	1.000000	1.000000	442.000000	355.000000	357.000000	633.000000	939.000000	1908.000000	1908.000000	2379.000000	2396.000000	2198.000000	1365.000000	1151.000000	710.000000	755.000000	378.000000	144.000000	1.000000	310.000000
779.000000	676.000000	327.000000	353.000000	1057.000000	1187.000000	974.000000	175.000000	207.000000	717.000000	1371.000000	1290.000000	463.000000	1.000000	587.000000	349.000000	734.000000	1.000000	335.000000	141.000000	266.000000
493.000000	576.000000	339.000000	1.000000	285.000000	1257.000000	1169.000000	920.000000	1.000000	1.000000	133.000000	1.000000	1.000000	1.000000	519.000000	175.000000	135.000000	1.000000	367.000000	366.000000	1.000000
1.000000	1.000000	1.000000	130.000000	1.000000	1.000000	1.000000	1.000000	1.000000	1.000000	1.000000	491.000000	491.000000	483.000000	1.000000	1.000000	1.000000	1.000000	1.000000	1.000000	1.000000
780.000000	779.000000	390.000000	390.000000	1.000000	1.000000	1.000000	1.000000	1.000000	1.000000	1.000000	1.000000	1.000000	1.000000	1.000000	1.000000	1.000000	1.000000	1.000000	221.000000	568.000000
1.000000	308.000000	1185.000000	762.000000	1.000000	1.000000	1.000000	1.000000	1.000000	1.000000	1.000000	1.000000	1.000000	149.000000	267.000000	149.000000	275.000000	530.000000	96.000000	96.000000	217.000000
471.000000	469.000000	1.000000	235.000000	1480.000000	1611.000000	1967.000000	2507.000000	2526.000000	2625.000000	2738.000000	2649.000000	2436.000000	1936.000000	1789.000000	1504.000000	1016.000000	777.000000	350.000000	350.000000	181.000000
1.000000	239.000000	1.000000	1.000000	875.000000	1270.000000	903.000000	705.000000	495.000000	2737.000000	3662.000000	2889.000000	1379.000000	1314.000000	1206.000000	1511.000000	863.000000	510.000000	161.000000	1.000000	687.000000
1203.000000	463.000000	1.000000	1.000000	1.000000	1.000000	1.000000	1.000000	1.000000	1.000000	432.000000	1.000000	1.000000	1.000000	1.000000	1.000000	1.000000	417.000000	645.000000	840.000000	1180.000000
1356.000000	1164.000000	1110.000000	1.000000	1.000000	1.000000	1514.000000	2760.000000	2528.000000	1732.000000	1089.000000	1057.000000	2318.000000	2423.000000	1881.000000	483.000000	1.000000	266.000000	916.000000	577.000000	723.000000
387.000000	669.000000	209.000000	1.000000	582.000000	861.000000	1551.000000	1415.000000	1373.000000	930.000000	882.000000	767.000000	766.000000	1147.000000	1581.000000	1274.000000	175.000000	300.000000	1.000000	1.000000	331.000000
1.000000	1.000000	1.000000	271.000000	225.000000	1.000000	1.000000	1.000000	1.000000	1.000000	1.000000	1.000000	1.000000	1.000000	1.000000	135.000000	705.000000	483.000000	197.000000	175.000000	1.000000
1.000000	233.000000	485.000000	1.000000	1.000000	1.000000	129.000000	528.000000	1339.000000	2397.000000	3355.000000	2057.000000	1219.000000	1074.000000	187.000000	1415.000000	1018.000000	401.000000	428.000000	204.000000	1.000000
1.000000	1.000000	497.000000	616.000000	179.000000	179.000000	974.000000	960.000000	1009.000000	806.000000	1151.000000	626.000000	463.000000	842.000000	1530.000000	1554.000000	612.000000	1.000000	1.000000	1.000000	1.000000
1.000000	1.000000	95.000000	1.000000	429.000000	475.000000	1216.000000	1223.000000	683.000000	395.000000	131.000000	199.000000	199.000000	218.000000	1489.000000	746.000000	1.000000	1.000000	1.000000	1.000000	1.000000
467.000000	329.000000	1.000000	273.000000	273.000000	1.000000	184.000000	697.000000	2386.000000	2027.000000	1447.000000	1819.000000	2218.000000	1732.000000	676.000000	1.000000	190.000000	480.000000	805.000000	555.000000	755.000000
553.000000	555.000000	441.000000	1.000000	1.000000	1.000000	1.000000	1.000000	726.000000	1412.000000	2128.000000	2446.000000	1899.000000	963.000000	1.000000	139.000000	1.000000	1.000000	161.000000	815.000000	987.000000
161.000000	803.000000	1017.000000	475.000000	475.000000	1.000000	1.000000	815.000000	667.000000	1313.000000	1023.000000	1002.000000	329.000000	1.000000	1.000000	131.000000	1.000000	423.000000	1.000000	1.000000	149.000000
1.000000	643.000000	1019.000000	1.000000	1.000000	1.000000	145.000000	331.000000	159.000000	1.000000	1.000000	1.000000	1.000000	1.000000	1.000000	1.000000	461.000000	461.000000	1.000000	1.000000	1.000000
