21 25 0
1.000000	1.000000	1.000000	1.000000	1.000000	164.000000	211.000000	597.000000	921.000000	936.000000	1241.000000	1046.000000	1096.000000	1232.000000	2144.000000	1292.000000	704.000000	822.000000	421.000000	1.000000	154.000000
1.000000	1.000000	1.000000	1.000000	1.000000	1.000000	1.000000	1.000000	1.000000	1.000000	1.000000	1.000000	1.000000	450.000000	769.000000	1110.000000	810.000000	1169.000000	915.000000	1.000000	1.000000
1.000000	1.000000	1.000000	1.000000	1.000000	1.000000	1.000000	1.000000	1.000000	1.000000	1.000000	1.000000	1.000000	1.000000	1.000000	474.000000	674.000000	692.000000	937.000000	163.000000	187.000000
1.000000	1.000000	1.000000	1.000000	279.000000	446.000000	257.000000	773.000000	716.000000	171.000000	1.000000	1.000000	1.000000	722.000000	818.000000	1.000000	620.000000	516.000000	760.000000	468.000000	1.000000
1.000000	1.000000	1.000000	1.000000	1.000000	131.000000	321.000000	582.000000	1227.000000	1078.000000	327.000000	1.000000	1.000000	193.000000	563.000000	192.000000	1.000000	617.000000	691.000000	1030.000000	1.000000
1.000000	1.000000	1.000000	1.000000	1.000000	1.000000	1.000000	1.000000	1.000000	133.000000	313.000000	1.000000	1.000000	1.000000	1.000000	141.000000	1.000000	389.000000	178.000000	289.000000	1.000000
1.000000	1.000000	274.000000	1.000000	1.000000	1.000000	634.000000	363.000000	1.000000	1.000000	1.000000	1.000000	425.000000	1.000000	1.000000	1.000000	1.000000	1.000000	266.000000	263.000000	1.000000
1.000000	1.000000	211.000000	543.000000	1.000000	1.000000	1.000000	257.000000	1.000000	282.000000	1.000000	1.000000	1.000000	365.000000	313.000000	1.000000	1.000000	612.000000	669.000000	263.000000	1.000000
498.000000	1.000000	1.000000	1224.000000	593.000000	1.000000	400.000000	1.000000	1.000000	787.000000	1156.000000	1.000000	1.000000	245.000000	795.000000	212.000000	1.000000	318.000000	758.000000	705.000000	141.000000
1439.000000	499.000000	1.000000	515.000000	1643.000000	750.000000	1253.000000	924.000000	1.000000	1.000000	1981.000000	799.000000	1.000000	817.000000	964.000000	567.000000	235.000000	1.000000	487.000000	860.000000	1.000000
712.000000	313.000000	1.000000	387.000000	679.000000	1.000000	217.000000	1192.000000	561.000000	1.000000	1731.000000	2498.000000	393.000000	1.000000	1293.000000	584.000000	317.000000	245.000000	268.000000	757.000000	1.000000
574.000000	590.000000	1.000000	1.000000	516.000000	144.000000	1.000000	189.000000	1.000000	1.000000	1206.000000	2610.000000	1180.000000	1.000000	1.000000	1.000000	189.000000	243.000000	222.000000	905.000000	297.000000
1405.000000	1376.000000	703.000000	1.000000	151.000000	129.000000	1.000000	1.000000	1.000000	1.000000	1.000000	1.000000	1.000000	1.000000	1.000000	1.000000	1.000000	179.000000	709.000000	402.000000	361.000000
763.000000	1568.000000	988.000000	156.000000	1.000000	1.000000	1.000000	1363.000000	513.000000	1.000000	1.000000	1.000000	1.000000	1.000000	351.000000	1.000000	1.000000	1.000000	364.000000	1.000000	403.000000
493.000000	435.000000	807.000000	230.000000	1.000000	940.000000	1148.000000	511.000000	1821.000000	2496.000000	1038.000000	1.000000	1.000000	1.000000	1523.000000	1528.000000	641.000000	1.000000	1.000000	325.000000	1.000000
165.000000	1.000000	401.000000	1.000000	1.000000	1.000000	330.000000	1.000000	511.000000	668.000000	418.000000	242.000000	1.000000	1.000000	1.000000	2141.000000	1880.000000	651.000000	510.000000	536.000000	488.000000
485.000000	621.000000	1.000000	1.000000	1.000000	1.000000	1.000000	888.000000	477.000000	511.000000	307.000000	853.000000	835.000000	1.000000	1.000000	1.000000	775.000000	1146.000000	605.000000	561.000000	342.000000
669.000000	519.000000	1.000000	414.000000	1.000000	1.000000	1.000000	993.000000	981.000000	1.000000	511.000000	1.000000	2346.000000	2626.000000	638.000000	1.000000	1.000000	204.000000	682.000000	613.000000	486.000000
756.000000	679.000000	180.000000	149.000000	305.000000	1.000000	1.000000	485.000000	409.000000	1.000000	1.000000	1.000000	1.000000	828.000000	937.000000	1.000000	1.000000	1.000000	204.000000	1.000000	1.000000
303.000000	661.000000	220.000000	224.000000	76.000000	1.000000	1.000000	1.000000	1034.000000	1374.000000	280.000000	182.000000	1.000000	1.000000	1.000000	1.000000	1.000000	238.000000	269.000000	153.000000	1.000000
305.000000	369.000000	174.000000	1.000000	1.000000	491.000000	1.000000	1.000000	1.000000	1717.000000	469.000000	1.000000	351.000000	172.000000	1.000000	1.000000	1.000000	1.000000	431.000000	279.000000	1.000000
1.000000	155.000000	1.000000	213.000000	193.000000	509.000000	1.000000	1.000000	1.000000	1.000000	1.000000	1.000000	365.000000	324.000000	225.000000	1.000000	1.000000	217.000000	267.000000	357.000000	281.000000
1.000000	1.000000	1.000000	1.000000	661.000000	1.000000	247.000000	1.000000	1.000000	1.000000	1.000000	1.000000	1.000000	1.000000	1.000000	1.000000	339.000000	848.000000	437.000000	295.000000	702.000000
153.000000	303.000000	1.000000	1.000000	677.000000	307.000000	1.000000	85.000000	1.000000	1.000000	166.000000	1.000000	129.000000	443.000000	1.000000	1.000000	1.000000	822.000000	1096.000000	1181.000000	764.000000
1.000000	476.000000	1.000000	931.000000	1130.000000	539.000000	441.000000	450.000000	1.000000	1.000000	452.000000	334.000000	1.000000	434.000000	283.000000	1.000000	1.000000	1.000000	278.000000	286.000000	1837.000000
