21 25 0
825.000000	1489.000000	171.000000	1.000000	1.000000	442.000000	1.000000	1.000000	1.000000	623.000000	719.000000	1.000000	223.000000	265.000000	1385.000000	291.000000	1.000000	922.000000	892.000000	1.000000	302.000000
558.000000	897.000000	1.000000	1.000000	1.000000	1.000000	1.000000	1.000000	1.000000	363.000000	1.000000	1.000000	1.000000	163.000000	594.000000	792.000000	468.000000	1018.000000	742.000000	1.000000	1.000000
863.000000	1.000000	1.000000	1.000000	603.000000	1047.000000	162.000000	161.000000	1.000000	1.000000	1.000000	1.000000	137.000000	1.000000	1.000000	275.000000	559.000000	1165.000000	1049.000000	1.000000	1.000000
561.000000	1.000000	137.000000	145.000000	1098.000000	782.000000	1.000000	1.000000	167.000000	1.000000	1.000000	1.000000	1.000000	1.000000	1.000000	1.000000	578.000000	1270.000000	1195.000000	223.000000	221.000000
147.000000	1.000000	296.000000	677.000000	1003.000000	401.000000	1.000000	1.000000	168.000000	1.000000	1.000000	1.000000	341.000000	1.000000	1.000000	1.000000	221.000000	645.000000	801.000000	1021.000000	227.000000
1.000000	1.000000	137.000000	413.000000	707.000000	376.000000	199.000000	1.000000	1.000000	1.000000	1.000000	405.000000	1330.000000	1130.000000	1.000000	1.000000	143.000000	483.000000	1047.000000	1227.000000	446.000000
1.000000	1.000000	282.000000	483.000000	477.000000	623.000000	1503.000000	1.000000	1.000000	279.000000	405.000000	1380.000000	1429.000000	1417.000000	1.000000	1.000000	305.000000	470.000000	1058.000000	1440.000000	492.000000
356.000000	1.000000	449.000000	1587.000000	318.000000	889.000000	1058.000000	1.000000	1.000000	420.000000	772.000000	954.000000	1.000000	438.000000	1.000000	1.000000	185.000000	528.000000	1330.000000	1638.000000	548.000000
830.000000	1.000000	354.000000	1812.000000	919.000000	1.000000	1.000000	1.000000	1.000000	1.000000	517.000000	263.000000	1.000000	823.000000	638.000000	1.000000	137.000000	483.000000	1798.000000	1335.000000	289.000000
757.000000	222.000000	1.000000	903.000000	1772.000000	1.000000	1.000000	371.000000	288.000000	1.000000	1674.000000	1149.000000	1.000000	1.000000	392.000000	239.000000	1.000000	165.000000	1018.000000	1418.000000	1.000000
1620.000000	502.000000	1.000000	540.000000	930.000000	1.000000	1.000000	1358.000000	698.000000	1.000000	1825.000000	2321.000000	505.000000	1.000000	720.000000	388.000000	1.000000	416.000000	1079.000000	1549.000000	1.000000
1204.000000	641.000000	465.000000	1.000000	407.000000	1.000000	195.000000	1282.000000	1.000000	1.000000	2194.000000	2532.000000	797.000000	1.000000	545.000000	1.000000	189.000000	1250.000000	1114.000000	1115.000000	287.000000
1248.000000	457.000000	641.000000	1.000000	380.000000	1.000000	249.000000	780.000000	1.000000	1.000000	1855.000000	1667.000000	785.000000	1.000000	1.000000	352.000000	229.000000	702.000000	1135.000000	989.000000	706.000000
786.000000	1440.000000	1046.000000	145.000000	1.000000	1.000000	1.000000	401.000000	381.000000	1.000000	939.000000	1167.000000	1.000000	1.000000	1.000000	1.000000	167.000000	777.000000	771.000000	771.000000	323.000000
741.000000	1522.000000	623.000000	199.000000	1.000000	1.000000	170.000000	401.000000	1.000000	1.000000	765.000000	195.000000	1.000000	1.000000	489.000000	355.000000	331.000000	555.000000	381.000000	611.000000	1.000000
352.000000	430.000000	491.000000	1.000000	1.000000	1.000000	630.000000	691.000000	493.000000	1.000000	1.000000	1.000000	1.000000	1.000000	1.000000	503.000000	2204.000000	831.000000	498.000000	1323.000000	658.000000
211.000000	331.000000	1.000000	191.000000	1.000000	606.000000	1507.000000	1.000000	513.000000	1.000000	1.000000	451.000000	1.000000	1.000000	1.000000	147.000000	1825.000000	1484.000000	748.000000	854.000000	383.000000
462.000000	896.000000	182.000000	780.000000	1.000000	1314.000000	535.000000	1.000000	513.000000	1.000000	1.000000	453.000000	453.000000	1.000000	1.000000	227.000000	1694.000000	891.000000	1131.000000	1214.000000	451.000000
652.000000	709.000000	210.000000	545.000000	1.000000	1778.000000	1.000000	1.000000	1245.000000	1.000000	1.000000	1.000000	1.000000	1130.000000	195.000000	998.000000	561.000000	647.000000	942.000000	778.000000	74.000000
821.000000	961.000000	484.000000	226.000000	150.000000	1955.000000	1.000000	1.000000	2118.000000	998.000000	1.000000	1.000000	1.000000	299.000000	1085.000000	773.000000	1.000000	874.000000	890.000000	593.000000	1.000000
602.000000	715.000000	442.000000	1.000000	618.000000	1892.000000	1.000000	1.000000	1.000000	1998.000000	820.000000	1.000000	637.000000	958.000000	1885.000000	209.000000	217.000000	1047.000000	772.000000	552.000000	1.000000
305.000000	502.000000	308.000000	1.000000	1162.000000	893.000000	1.000000	1.000000	1.000000	587.000000	1.000000	1.000000	1378.000000	1509.000000	1025.000000	1.000000	397.000000	755.000000	689.000000	401.000000	145.000000
1.000000	958.000000	501.000000	361.000000	1354.000000	723.000000	1.000000	1.000000	1.000000	447.000000	234.000000	1.000000	774.000000	1465.000000	1.000000	1.000000	143.000000	761.000000	1091.000000	487.000000	454.000000
147.000000	1661.000000	420.000000	1003.000000	2685.000000	407.000000	429.000000	331.000000	173.000000	371.000000	493.000000	1.000000	490.000000	926.000000	1.000000	1.000000	1.000000	1331.000000	1821.000000	1.000000	310.000000
1.000000	1521.000000	386.000000	1477.000000	2586.000000	638.000000	703.000000	569.000000	1.000000	1.000000	1.000000	145.000000	345.000000	890.000000	135.000000	663.000000	1.000000	845.000000	1706.000000	1.000000	630.000000
