21 25 0
783.000000	1108.000000	171.000000	1.000000	1.000000	1.000000	1.000000	134.000000	1.000000	1.000000	1.000000	1.000000	1.000000	1.000000	1.000000	1.000000	1.000000	325.000000	1.000000	147.000000	1.000000
782.000000	580.000000	1.000000	1.000000	139.000000	612.000000	818.000000	919.000000	596.000000	191.000000	1.000000	303.000000	524.000000	513.000000	1.000000	1.000000	146.000000	1.000000	264.000000	1.000000	1.000000
788.000000	1.000000	1.000000	1.000000	651.000000	1314.000000	847.000000	661.000000	373.000000	780.000000	680.000000	465.000000	806.000000	522.000000	199.000000	1.000000	1.000000	195.000000	385.000000	181.000000	1.000000
411.000000	1.000000	137.000000	68.000000	711.000000	663.000000	1.000000	1.000000	1.000000	1.000000	230.000000	1.000000	1.000000	1.000000	1.000000	1.000000	1.000000	270.000000	213.000000	1.000000	191.000000
1.000000	350.000000	341.000000	1.000000	553.000000	72.000000	357.000000	269.000000	1.000000	1.000000	1.000000	1.000000	339.000000	688.000000	633.000000	1.000000	129.000000	149.000000	159.000000	375.000000	415.000000
1.000000	1.000000	1.000000	281.000000	472.000000	550.000000	677.000000	980.000000	1.000000	1.000000	1.000000	339.000000	1844.000000	1946.000000	1292.000000	1.000000	313.000000	408.000000	642.000000	587.000000	363.000000
1.000000	1.000000	1.000000	739.000000	569.000000	273.000000	1558.000000	1.000000	1.000000	1.000000	763.000000	1918.000000	2424.000000	1031.000000	1.000000	404.000000	634.000000	785.000000	484.000000	947.000000	668.000000
1.000000	1.000000	378.000000	660.000000	273.000000	1506.000000	1272.000000	1.000000	1.000000	746.000000	1958.000000	1428.000000	770.000000	1.000000	601.000000	534.000000	311.000000	1.000000	571.000000	1517.000000	669.000000
1.000000	1.000000	1.000000	1.000000	1192.000000	1537.000000	381.000000	1.000000	1.000000	734.000000	1.000000	217.000000	1.000000	1.000000	497.000000	1.000000	1.000000	271.000000	1070.000000	998.000000	301.000000
1.000000	1.000000	1.000000	235.000000	1.000000	1.000000	1.000000	1.000000	1.000000	409.000000	1.000000	1.000000	167.000000	1.000000	1.000000	1.000000	1.000000	1.000000	162.000000	640.000000	1.000000
345.000000	693.000000	445.000000	397.000000	1.000000	1.000000	1.000000	1.000000	498.000000	1.000000	886.000000	972.000000	487.000000	1.000000	1.000000	1.000000	1.000000	224.000000	470.000000	1.000000	348.000000
732.000000	445.000000	809.000000	1.000000	1.000000	1.000000	141.000000	1114.000000	495.000000	399.000000	1878.000000	904.000000	1.000000	1.000000	275.000000	1.000000	1.000000	1151.000000	944.000000	1.000000	170.000000
1.000000	1.000000	1.000000	1.000000	1.000000	251.000000	1580.000000	1288.000000	1.000000	1168.000000	1839.000000	1759.000000	846.000000	1.000000	1.000000	185.000000	416.000000	1144.000000	288.000000	250.000000	407.000000
1.000000	1.000000	1.000000	1.000000	157.000000	625.000000	1276.000000	1.000000	1.000000	1020.000000	1980.000000	2019.000000	391.000000	1.000000	1.000000	1.000000	204.000000	284.000000	381.000000	673.000000	1.000000
461.000000	246.000000	1.000000	1.000000	1.000000	1.000000	1.000000	1.000000	1.000000	245.000000	435.000000	1.000000	1.000000	1.000000	1.000000	1.000000	1.000000	496.000000	427.000000	684.000000	1166.000000
613.000000	935.000000	455.000000	1.000000	1.000000	1.000000	990.000000	2340.000000	864.000000	1.000000	1.000000	1.000000	512.000000	511.000000	1.000000	1.000000	137.000000	276.000000	852.000000	1070.000000	337.000000
1.000000	669.000000	1.000000	1.000000	1.000000	363.000000	3433.000000	1148.000000	1.000000	1.000000	1.000000	379.000000	255.000000	503.000000	503.000000	1.000000	871.000000	525.000000	394.000000	564.000000	331.000000
1.000000	1.000000	1.000000	222.000000	1.000000	1704.000000	1174.000000	1.000000	1.000000	1.000000	383.000000	1.000000	1.000000	1.000000	1.000000	333.000000	744.000000	401.000000	449.000000	463.000000	1.000000
1.000000	155.000000	1.000000	1.000000	1.000000	952.000000	1.000000	1.000000	471.000000	1200.000000	2426.000000	684.000000	280.000000	175.000000	297.000000	1719.000000	1002.000000	457.000000	839.000000	637.000000	1.000000
211.000000	243.000000	1.000000	1.000000	1.000000	662.000000	1.000000	1.000000	862.000000	1273.000000	463.000000	1.000000	297.000000	297.000000	1399.000000	1942.000000	201.000000	181.000000	557.000000	406.000000	1.000000
446.000000	335.000000	321.000000	1.000000	592.000000	1518.000000	1.000000	1.000000	1.000000	1.000000	1.000000	1.000000	223.000000	1076.000000	2024.000000	742.000000	1.000000	450.000000	155.000000	354.000000	148.000000
511.000000	506.000000	178.000000	1.000000	850.000000	602.000000	1.000000	1.000000	1.000000	1.000000	187.000000	723.000000	2218.000000	2177.000000	961.000000	1.000000	143.000000	501.000000	273.000000	146.000000	301.000000
527.000000	572.000000	501.000000	1.000000	1106.000000	1.000000	1.000000	1.000000	1.000000	633.000000	1126.000000	1978.000000	1876.000000	1438.000000	1.000000	133.000000	1.000000	1.000000	711.000000	323.000000	142.000000
161.000000	659.000000	172.000000	879.000000	1746.000000	413.000000	1.000000	144.000000	1.000000	613.000000	1029.000000	610.000000	154.000000	1.000000	1.000000	129.000000	1.000000	869.000000	858.000000	1.000000	1.000000
473.000000	1517.000000	513.000000	1852.000000	1111.000000	1.000000	1.000000	330.000000	1.000000	135.000000	1.000000	1.000000	1.000000	1.000000	1.000000	351.000000	457.000000	537.000000	626.000000	1.000000	1.000000
