21 25 0
1.000000	1.000000	281.000000	364.000000	1.000000	1.000000	807.000000	415.000000	570.000000	1.000000	1.000000	1.000000	503.000000	402.000000	1.000000	255.000000	1.000000	1.000000	517.000000	389.000000	1.000000
1.000000	1.000000	589.000000	1.000000	1.000000	517.000000	799.000000	766.000000	769.000000	1.000000	1.000000	138.000000	671.000000	445.000000	1031.000000	213.000000	213.000000	839.000000	1275.000000	363.000000	1.000000
475.000000	1085.000000	1.000000	1.000000	1.000000	1097.000000	633.000000	1.000000	1.000000	1.000000	1.000000	378.000000	447.000000	267.000000	1.000000	573.000000	482.000000	1068.000000	928.000000	561.000000	1.000000
1787.000000	521.000000	1.000000	1.000000	1.000000	1.000000	1.000000	1.000000	1.000000	150.000000	1.000000	1.000000	1.000000	1.000000	275.000000	1.000000	1.000000	1.000000	321.000000	185.000000	1.000000
1.000000	1.000000	86.000000	1.000000	321.000000	365.000000	389.000000	457.000000	433.000000	1.000000	1.000000	1.000000	1.000000	1.000000	405.000000	1.000000	1.000000	1.000000	1.000000	1.000000	667.000000
1.000000	1.000000	407.000000	1.000000	1068.000000	870.000000	493.000000	676.000000	1450.000000	815.000000	1.000000	1.000000	345.000000	405.000000	499.000000	1.000000	1.000000	1.000000	1.000000	1.000000	795.000000
1.000000	1023.000000	1.000000	287.000000	2044.000000	1389.000000	1439.000000	3214.000000	1591.000000	1.000000	1.000000	183.000000	1944.000000	2912.000000	2416.000000	295.000000	767.000000	243.000000	570.000000	382.000000	383.000000
979.000000	728.000000	1.000000	533.000000	564.000000	1.000000	405.000000	1.000000	1.000000	1.000000	217.000000	1260.000000	3148.000000	1499.000000	270.000000	1.000000	417.000000	690.000000	1.000000	1462.000000	655.000000
1423.000000	251.000000	1.000000	207.000000	1.000000	1.000000	1.000000	1.000000	1.000000	1.000000	996.000000	2107.000000	1338.000000	1.000000	1.000000	1.000000	1.000000	1.000000	1.000000	1101.000000	724.000000
341.000000	1.000000	1.000000	131.000000	1.000000	203.000000	1.000000	1.000000	674.000000	68.000000	721.000000	983.000000	1.000000	1.000000	1.000000	1.000000	1.000000	1.000000	1.000000	1907.000000	1.000000
1.000000	1.000000	1.000000	1.000000	599.000000	611.000000	190.000000	627.000000	1692.000000	484.000000	1.000000	1.000000	1.000000	1.000000	1.000000	1.000000	141.000000	1.000000	347.000000	1830.000000	476.000000
1.000000	1.000000	1.000000	305.000000	484.000000	1.000000	1.000000	745.000000	1323.000000	319.000000	651.000000	415.000000	93.000000	1.000000	286.000000	163.000000	507.000000	553.000000	1404.000000	2210.000000	617.000000
169.000000	1.000000	1.000000	1.000000	1.000000	1.000000	162.000000	438.000000	889.000000	271.000000	1398.000000	1856.000000	1007.000000	161.000000	1.000000	497.000000	705.000000	163.000000	1606.000000	1179.000000	1.000000
219.000000	1.000000	1.000000	1.000000	197.000000	742.000000	1.000000	1.000000	341.000000	1.000000	503.000000	1.000000	1.000000	1.000000	205.000000	751.000000	349.000000	1.000000	1195.000000	1068.000000	402.000000
1.000000	1.000000	1.000000	1.000000	363.000000	206.000000	1.000000	1.000000	1.000000	309.000000	1.000000	1.000000	1.000000	1.000000	706.000000	287.000000	261.000000	207.000000	1065.000000	1.000000	862.000000
1.000000	363.000000	1.000000	1.000000	143.000000	1.000000	1.000000	1.000000	499.000000	574.000000	1.000000	1083.000000	1022.000000	851.000000	804.000000	1.000000	173.000000	191.000000	311.000000	398.000000	1576.000000
1.000000	1.000000	1.000000	1.000000	171.000000	163.000000	514.000000	719.000000	819.000000	1.000000	461.000000	1687.000000	339.000000	580.000000	150.000000	1.000000	1.000000	135.000000	1.000000	1717.000000	1012.000000
140.000000	1.000000	1.000000	177.000000	177.000000	574.000000	197.000000	1.000000	1.000000	1.000000	1.000000	1.000000	1.000000	1.000000	1.000000	1.000000	197.000000	1.000000	1080.000000	1543.000000	809.000000
429.000000	153.000000	179.000000	225.000000	512.000000	362.000000	1.000000	295.000000	587.000000	672.000000	1.000000	398.000000	357.000000	1.000000	1.000000	203.000000	1.000000	605.000000	1944.000000	1260.000000	1.000000
555.000000	1.000000	163.000000	418.000000	575.000000	1.000000	145.000000	1.000000	1.000000	1.000000	1.000000	1.000000	1.000000	1.000000	207.000000	372.000000	427.000000	1135.000000	1996.000000	501.000000	1.000000
133.000000	145.000000	370.000000	358.000000	330.000000	1.000000	1.000000	1.000000	1.000000	1.000000	1.000000	295.000000	346.000000	228.000000	941.000000	616.000000	805.000000	1260.000000	1049.000000	1.000000	1.000000
1.000000	352.000000	972.000000	582.000000	304.000000	1.000000	1.000000	1.000000	493.000000	762.000000	1024.000000	1183.000000	938.000000	1915.000000	1461.000000	567.000000	575.000000	1659.000000	161.000000	1.000000	151.000000
511.000000	774.000000	1033.000000	214.000000	1.000000	1.000000	1.000000	797.000000	1634.000000	1733.000000	1324.000000	1206.000000	1322.000000	1517.000000	159.000000	1.000000	712.000000	691.000000	1.000000	1.000000	673.000000
1.000000	765.000000	1.000000	159.000000	1.000000	1.000000	1.000000	1.000000	1.000000	1.000000	1.000000	1.000000	1.000000	1.000000	1.000000	349.000000	841.000000	471.000000	1.000000	695.000000	1.000000
582.000000	1.000000	207.000000	1.000000	1.000000	1.000000	1.000000	1.000000	1.000000	1.000000	1.000000	1.000000	1.000000	1.000000	145.000000	361.000000	575.000000	1.000000	1.000000	1.000000	1.000000
