21 25 0
158.000000	107.000000	1.000000	901.000000	323.000000	1.000000	143.000000	1.000000	399.000000	1.000000	1.000000	674.000000	1.000000	241.000000	1064.000000	1.000000	217.000000	1.000000	1.000000	438.000000	879.000000
653.000000	1.000000	1.000000	1.000000	547.000000	1.000000	360.000000	1019.000000	303.000000	399.000000	1.000000	1.000000	1.000000	313.000000	1384.000000	1086.000000	185.000000	229.000000	1.000000	181.000000	490.000000
720.000000	799.000000	1.000000	73.000000	195.000000	143.000000	152.000000	988.000000	1134.000000	551.000000	169.000000	177.000000	1.000000	1.000000	699.000000	1048.000000	1347.000000	546.000000	498.000000	241.000000	361.000000
996.000000	930.000000	1.000000	1.000000	149.000000	1.000000	143.000000	157.000000	613.000000	209.000000	701.000000	659.000000	1.000000	1.000000	1.000000	1.000000	237.000000	147.000000	1.000000	1.000000	1.000000
575.000000	447.000000	299.000000	1.000000	1.000000	483.000000	853.000000	455.000000	415.000000	317.000000	171.000000	88.000000	505.000000	1.000000	1.000000	1.000000	1.000000	1.000000	1.000000	1.000000	1.000000
169.000000	727.000000	1009.000000	255.000000	414.000000	1269.000000	1023.000000	1787.000000	2150.000000	1170.000000	1.000000	376.000000	447.000000	1209.000000	845.000000	309.000000	237.000000	682.000000	361.000000	597.000000	1.000000
1.000000	655.000000	228.000000	1.000000	367.000000	407.000000	586.000000	1199.000000	2425.000000	2545.000000	293.000000	1.000000	830.000000	2600.000000	3052.000000	2531.000000	1179.000000	1267.000000	580.000000	1.000000	395.000000
1.000000	463.000000	1.000000	1.000000	133.000000	421.000000	1.000000	1.000000	761.000000	2314.000000	1266.000000	1.000000	1.000000	1.000000	1115.000000	1715.000000	1781.000000	2250.000000	716.000000	1.000000	828.000000
928.000000	366.000000	1.000000	1.000000	1.000000	1.000000	1.000000	1.000000	1.000000	843.000000	829.000000	1.000000	1.000000	1.000000	1.000000	1.000000	447.000000	467.000000	627.000000	1.000000	518.000000
282.000000	1299.000000	1053.000000	253.000000	1.000000	225.000000	181.000000	1.000000	1.000000	1.000000	1.000000	1.000000	161.000000	1.000000	1.000000	1.000000	1.000000	1.000000	1.000000	1.000000	193.000000
1.000000	1285.000000	2129.000000	1103.000000	699.000000	634.000000	409.000000	249.000000	1.000000	1.000000	1.000000	1.000000	205.000000	596.000000	1.000000	370.000000	175.000000	1.000000	1.000000	1.000000	1.000000
1.000000	577.000000	1352.000000	163.000000	374.000000	684.000000	622.000000	383.000000	379.000000	797.000000	814.000000	379.000000	417.000000	511.000000	1.000000	696.000000	746.000000	1.000000	1.000000	1.000000	1.000000
419.000000	1.000000	569.000000	1.000000	163.000000	219.000000	385.000000	1.000000	892.000000	2198.000000	2391.000000	1163.000000	817.000000	871.000000	88.000000	181.000000	1037.000000	677.000000	1.000000	331.000000	1.000000
1081.000000	603.000000	337.000000	1.000000	1.000000	367.000000	203.000000	1.000000	1.000000	383.000000	1013.000000	985.000000	963.000000	1398.000000	742.000000	1.000000	181.000000	540.000000	1.000000	1.000000	1.000000
961.000000	1074.000000	143.000000	1.000000	1.000000	165.000000	730.000000	657.000000	1.000000	1.000000	1.000000	1.000000	1.000000	333.000000	541.000000	381.000000	1.000000	187.000000	157.000000	1.000000	1.000000
1160.000000	1033.000000	259.000000	1.000000	1.000000	173.000000	725.000000	2063.000000	2039.000000	1555.000000	773.000000	493.000000	437.000000	1.000000	214.000000	160.000000	176.000000	1.000000	171.000000	1.000000	1.000000
1056.000000	1494.000000	763.000000	259.000000	178.000000	1.000000	191.000000	291.000000	885.000000	1845.000000	1357.000000	1625.000000	2264.000000	1304.000000	655.000000	1.000000	1.000000	1.000000	1.000000	1275.000000	1.000000
1.000000	1098.000000	1000.000000	507.000000	195.000000	323.000000	1.000000	1.000000	1.000000	1.000000	1.000000	1.000000	1.000000	543.000000	993.000000	468.000000	1.000000	1.000000	1.000000	189.000000	375.000000
1.000000	629.000000	883.000000	698.000000	813.000000	397.000000	478.000000	1.000000	1.000000	193.000000	807.000000	289.000000	1.000000	1.000000	211.000000	165.000000	396.000000	1.000000	1.000000	1114.000000	355.000000
1.000000	1.000000	921.000000	311.000000	808.000000	907.000000	423.000000	280.000000	1.000000	1.000000	1.000000	757.000000	1.000000	1.000000	171.000000	1.000000	452.000000	1.000000	1.000000	171.000000	535.000000
729.000000	1.000000	327.000000	1.000000	1036.000000	924.000000	1247.000000	493.000000	287.000000	328.000000	345.000000	1.000000	1.000000	1.000000	1.000000	70.000000	1.000000	1.000000	425.000000	1.000000	799.000000
237.000000	141.000000	1.000000	1.000000	1.000000	690.000000	1355.000000	1716.000000	1850.000000	1319.000000	1284.000000	878.000000	384.000000	1.000000	1.000000	159.000000	195.000000	375.000000	495.000000	184.000000	685.000000
1.000000	1.000000	1.000000	1.000000	1.000000	167.000000	439.000000	1120.000000	1631.000000	1335.000000	1305.000000	1847.000000	1340.000000	686.000000	1.000000	1.000000	1.000000	1.000000	1129.000000	411.000000	371.000000
153.000000	275.000000	498.000000	1.000000	1.000000	1.000000	1.000000	1.000000	1.000000	1.000000	195.000000	195.000000	139.000000	1.000000	1.000000	480.000000	1.000000	1.000000	809.000000	655.000000	278.000000
1.000000	1.000000	1.000000	1.000000	1.000000	1.000000	1.000000	1.000000	1.000000	1.000000	1.000000	1.000000	1.000000	1.000000	1.000000	1.000000	1.000000	1.000000	507.000000	1.000000	1.000000
