21 25 0
378.000000	349.000000	1.000000	1.000000	1665.000000	1159.000000	733.000000	167.000000	1.000000	453.000000	307.000000	214.000000	403.000000	303.000000	217.000000	527.000000	1.000000	1.000000	1.000000	1.000000	141.000000
1011.000000	1.000000	1.000000	1043.000000	502.000000	1.000000	1.000000	287.000000	801.000000	1.000000	445.000000	1.000000	1.000000	1.000000	1.000000	1.000000	1.000000	1.000000	1.000000	309.000000	1004.000000
1047.000000	1.000000	447.000000	197.000000	469.000000	1.000000	543.000000	645.000000	704.000000	317.000000	1.000000	1.000000	618.000000	1.000000	1.000000	568.000000	157.000000	277.000000	1.000000	1283.000000	868.000000
1.000000	145.000000	833.000000	883.000000	544.000000	304.000000	534.000000	1378.000000	938.000000	1.000000	1.000000	155.000000	1.000000	1.000000	425.000000	465.000000	555.000000	229.000000	1458.000000	989.000000	146.000000
1.000000	2136.000000	1.000000	573.000000	322.000000	332.000000	386.000000	389.000000	1.000000	1.000000	150.000000	529.000000	1.000000	279.000000	1625.000000	1668.000000	713.000000	465.000000	630.000000	531.000000	1.000000
1162.000000	874.000000	1.000000	171.000000	1.000000	1.000000	1.000000	1.000000	1.000000	1.000000	441.000000	1.000000	1.000000	1.000000	1.000000	1.000000	1.000000	1.000000	331.000000	359.000000	1.000000
1345.000000	196.000000	271.000000	1.000000	1.000000	1.000000	1.000000	1.000000	1.000000	615.000000	1287.000000	1.000000	1.000000	1.000000	1.000000	1.000000	1.000000	1.000000	660.000000	1.000000	1.000000
438.000000	311.000000	1599.000000	1.000000	1.000000	1.000000	1.000000	1.000000	1653.000000	2671.000000	1653.000000	1.000000	1.000000	1.000000	1.000000	495.000000	1.000000	1.000000	351.000000	1.000000	149.000000
233.000000	1515.000000	916.000000	1.000000	1.000000	1598.000000	1629.000000	1783.000000	2549.000000	1504.000000	936.000000	1.000000	1.000000	246.000000	1375.000000	461.000000	1.000000	795.000000	259.000000	1.000000	1.000000
1.000000	1489.000000	237.000000	1.000000	753.000000	689.000000	343.000000	964.000000	257.000000	481.000000	1.000000	1.000000	755.000000	928.000000	971.000000	759.000000	1303.000000	2043.000000	655.000000	1.000000	1.000000
159.000000	1.000000	1.000000	1.000000	1.000000	1.000000	179.000000	467.000000	1.000000	1.000000	653.000000	223.000000	346.000000	146.000000	301.000000	1004.000000	861.000000	862.000000	1.000000	1.000000	1.000000
1.000000	1.000000	237.000000	1.000000	1.000000	1.000000	223.000000	189.000000	1.000000	376.000000	555.000000	1.000000	1.000000	1.000000	80.000000	1.000000	1.000000	289.000000	1.000000	1.000000	505.000000
461.000000	1161.000000	597.000000	1.000000	144.000000	517.000000	163.000000	1.000000	1.000000	1.000000	1.000000	1.000000	1.000000	895.000000	1.000000	1.000000	338.000000	389.000000	1.000000	1.000000	402.000000
129.000000	403.000000	365.000000	241.000000	1.000000	311.000000	357.000000	299.000000	455.000000	463.000000	1.000000	841.000000	732.000000	1185.000000	1.000000	161.000000	672.000000	320.000000	1.000000	295.000000	563.000000
943.000000	173.000000	421.000000	1.000000	1.000000	589.000000	938.000000	588.000000	568.000000	1548.000000	1903.000000	1979.000000	813.000000	223.000000	1.000000	177.000000	503.000000	1.000000	1.000000	391.000000	1.000000
1.000000	1.000000	408.000000	1.000000	1.000000	464.000000	1.000000	1.000000	383.000000	339.000000	1.000000	1.000000	175.000000	1.000000	1.000000	203.000000	560.000000	1.000000	273.000000	323.000000	1.000000
1.000000	1.000000	930.000000	1.000000	137.000000	1.000000	1.000000	1.000000	1.000000	1.000000	1.000000	1.000000	1.000000	1.000000	482.000000	1361.000000	302.000000	417.000000	1.000000	685.000000	151.000000
327.000000	454.000000	684.000000	1.000000	1.000000	293.000000	453.000000	795.000000	1523.000000	731.000000	1.000000	1.000000	483.000000	649.000000	1811.000000	820.000000	148.000000	305.000000	307.000000	1.000000	831.000000
405.000000	702.000000	1173.000000	1.000000	1.000000	225.000000	473.000000	275.000000	904.000000	1.000000	1.000000	778.000000	634.000000	159.000000	485.000000	1.000000	371.000000	1.000000	1.000000	488.000000	901.000000
445.000000	2128.000000	359.000000	1.000000	1.000000	1.000000	357.000000	279.000000	1.000000	610.000000	873.000000	1002.000000	275.000000	133.000000	165.000000	67.000000	1.000000	1.000000	1.000000	613.000000	969.000000
1004.000000	2121.000000	257.000000	1.000000	1.000000	151.000000	360.000000	285.000000	555.000000	1453.000000	615.000000	1.000000	1.000000	1.000000	1.000000	175.000000	342.000000	1.000000	485.000000	753.000000	296.000000
1525.000000	1765.000000	1.000000	235.000000	131.000000	1.000000	1.000000	1.000000	1.000000	1.000000	1.000000	1.000000	1.000000	1.000000	175.000000	1.000000	1.000000	185.000000	347.000000	408.000000	141.000000
2151.000000	445.000000	169.000000	429.000000	145.000000	1.000000	1.000000	1.000000	1.000000	1.000000	1.000000	1.000000	1.000000	1.000000	231.000000	899.000000	532.000000	371.000000	483.000000	1.000000	1.000000
706.000000	1.000000	187.000000	353.000000	1.000000	1.000000	1.000000	1.000000	1.000000	1.000000	1.000000	1.000000	1.000000	871.000000	1500.000000	921.000000	156.000000	517.000000	1225.000000	373.000000	295.000000
1.000000	1.000000	1.000000	1.000000	1.000000	149.000000	1.000000	1.000000	281.000000	133.000000	1.000000	175.000000	557.000000	553.000000	462.000000	1.000000	1.000000	457.000000	879.000000	1.000000	159.000000
