21 25 0
816.000000	212.000000	1.000000	959.000000	792.000000	551.000000	279.000000	385.000000	305.000000	153.000000	247.000000	796.000000	193.000000	412.000000	988.000000	1.000000	251.000000	1.000000	1.000000	311.000000	905.000000
1691.000000	1.000000	131.000000	425.000000	930.000000	160.000000	291.000000	257.000000	301.000000	509.000000	270.000000	468.000000	1.000000	227.000000	551.000000	458.000000	662.000000	1.000000	1.000000	602.000000	816.000000
1115.000000	131.000000	922.000000	610.000000	758.000000	161.000000	149.000000	841.000000	1.000000	583.000000	273.000000	408.000000	1.000000	1.000000	321.000000	191.000000	705.000000	631.000000	1.000000	893.000000	616.000000
808.000000	868.000000	895.000000	785.000000	331.000000	159.000000	1.000000	344.000000	366.000000	1.000000	250.000000	145.000000	1.000000	1.000000	1.000000	1.000000	337.000000	1.000000	151.000000	1086.000000	705.000000
600.000000	1052.000000	769.000000	938.000000	162.000000	337.000000	1.000000	1.000000	1.000000	1.000000	1.000000	292.000000	1049.000000	1.000000	1.000000	162.000000	1.000000	1.000000	1.000000	1044.000000	450.000000
979.000000	620.000000	618.000000	1251.000000	1.000000	1.000000	1.000000	1.000000	1.000000	790.000000	383.000000	137.000000	183.000000	1.000000	1.000000	1.000000	1.000000	327.000000	367.000000	655.000000	318.000000
1258.000000	622.000000	968.000000	740.000000	1.000000	1.000000	1.000000	1.000000	711.000000	2135.000000	1779.000000	1.000000	1.000000	1.000000	491.000000	633.000000	297.000000	370.000000	751.000000	1.000000	172.000000
344.000000	636.000000	1826.000000	356.000000	1.000000	1.000000	1.000000	1.000000	1095.000000	2878.000000	1757.000000	1.000000	1.000000	1.000000	907.000000	1.000000	290.000000	641.000000	1462.000000	1.000000	520.000000
1.000000	948.000000	2141.000000	1.000000	1.000000	1.000000	1.000000	378.000000	952.000000	1488.000000	1447.000000	1.000000	1.000000	147.000000	1.000000	420.000000	1.000000	1229.000000	1440.000000	1.000000	561.000000
1.000000	1774.000000	1878.000000	133.000000	1.000000	305.000000	343.000000	383.000000	1.000000	499.000000	1203.000000	1.000000	763.000000	841.000000	1.000000	1.000000	1.000000	983.000000	1500.000000	1.000000	319.000000
1.000000	1248.000000	1540.000000	251.000000	1.000000	169.000000	679.000000	633.000000	1.000000	305.000000	987.000000	1.000000	1297.000000	1207.000000	284.000000	1.000000	1.000000	690.000000	323.000000	1.000000	161.000000
1.000000	697.000000	1727.000000	387.000000	297.000000	539.000000	1075.000000	602.000000	1.000000	629.000000	1183.000000	1.000000	1148.000000	1276.000000	284.000000	1.000000	163.000000	635.000000	301.000000	1.000000	213.000000
448.000000	391.000000	1710.000000	477.000000	436.000000	786.000000	1150.000000	199.000000	1.000000	629.000000	1038.000000	1.000000	749.000000	1490.000000	587.000000	1.000000	714.000000	1223.000000	1.000000	1.000000	493.000000
1030.000000	213.000000	662.000000	267.000000	163.000000	782.000000	1129.000000	703.000000	1.000000	467.000000	1.000000	1.000000	557.000000	1432.000000	620.000000	177.000000	854.000000	1432.000000	1.000000	1.000000	505.000000
1117.000000	686.000000	599.000000	147.000000	1.000000	735.000000	1119.000000	682.000000	1.000000	383.000000	1.000000	1.000000	243.000000	719.000000	334.000000	570.000000	701.000000	814.000000	139.000000	391.000000	1.000000
770.000000	1132.000000	927.000000	179.000000	1.000000	315.000000	631.000000	161.000000	137.000000	1007.000000	1001.000000	1.000000	1.000000	1.000000	548.000000	903.000000	547.000000	159.000000	139.000000	425.000000	1.000000
792.000000	1565.000000	1650.000000	327.000000	372.000000	1.000000	1.000000	213.000000	485.000000	1499.000000	1005.000000	1.000000	1.000000	1.000000	1206.000000	1011.000000	540.000000	161.000000	418.000000	155.000000	366.000000
413.000000	1664.000000	1735.000000	493.000000	373.000000	201.000000	161.000000	1.000000	1.000000	413.000000	1.000000	1.000000	1.000000	1.000000	1613.000000	974.000000	565.000000	157.000000	297.000000	179.000000	1126.000000
327.000000	1579.000000	1663.000000	570.000000	700.000000	681.000000	329.000000	1.000000	1.000000	1.000000	1.000000	199.000000	1.000000	1.000000	1054.000000	753.000000	603.000000	1.000000	1.000000	407.000000	1594.000000
904.000000	1446.000000	1025.000000	343.000000	980.000000	445.000000	956.000000	280.000000	340.000000	326.000000	1.000000	199.000000	159.000000	1.000000	235.000000	454.000000	844.000000	1.000000	1.000000	716.000000	850.000000
1360.000000	1609.000000	328.000000	645.000000	724.000000	237.000000	1295.000000	1515.000000	393.000000	1.000000	1.000000	199.000000	1.000000	1.000000	171.000000	308.000000	800.000000	1.000000	1.000000	543.000000	745.000000
896.000000	1250.000000	179.000000	355.000000	157.000000	331.000000	1010.000000	1246.000000	1144.000000	1.000000	1.000000	183.000000	1.000000	1.000000	213.000000	1166.000000	189.000000	357.000000	423.000000	1236.000000	296.000000
1163.000000	675.000000	327.000000	762.000000	263.000000	116.000000	437.000000	1.000000	620.000000	1.000000	247.000000	1.000000	487.000000	1.000000	259.000000	891.000000	220.000000	389.000000	1803.000000	419.000000	310.000000
273.000000	497.000000	406.000000	579.000000	153.000000	1.000000	1.000000	1.000000	1.000000	1.000000	255.000000	211.000000	636.000000	209.000000	787.000000	1348.000000	158.000000	199.000000	1497.000000	1.000000	712.000000
1.000000	165.000000	422.000000	1.000000	1.000000	1.000000	1.000000	1.000000	144.000000	1.000000	1.000000	141.000000	302.000000	493.000000	216.000000	852.000000	1.000000	443.000000	879.000000	1.000000	217.000000
