21 25 0
1.000000	361.000000	239.000000	358.000000	202.000000	752.000000	285.000000	259.000000	917.000000	677.000000	306.000000	478.000000	459.000000	235.000000	155.000000	1.000000	203.000000	1061.000000	1481.000000	707.000000	181.000000
1.000000	733.000000	1.000000	1.000000	212.000000	1.000000	135.000000	285.000000	645.000000	1088.000000	1165.000000	1028.000000	203.000000	1.000000	1.000000	1.000000	1.000000	1.000000	358.000000	950.000000	723.000000
1.000000	295.000000	975.000000	1.000000	1.000000	313.000000	854.000000	395.000000	423.000000	279.000000	646.000000	1412.000000	941.000000	1293.000000	1.000000	1.000000	315.000000	1.000000	303.000000	1.000000	551.000000
1.000000	1.000000	287.000000	1.000000	340.000000	303.000000	680.000000	1057.000000	935.000000	167.000000	213.000000	233.000000	631.000000	2064.000000	1029.000000	385.000000	417.000000	552.000000	359.000000	147.000000	421.000000
303.000000	1.000000	1.000000	173.000000	1.000000	375.000000	467.000000	535.000000	311.000000	797.000000	653.000000	340.000000	662.000000	1409.000000	1762.000000	1522.000000	1008.000000	599.000000	1139.000000	522.000000	1.000000
467.000000	1.000000	1.000000	1.000000	1.000000	1.000000	1.000000	1.000000	1.000000	171.000000	1.000000	1.000000	1.000000	1.000000	329.000000	619.000000	655.000000	706.000000	526.000000	1135.000000	1.000000
1.000000	1.000000	1.000000	1.000000	351.000000	1.000000	1.000000	1.000000	1.000000	1.000000	1.000000	1.000000	237.000000	1.000000	1.000000	1.000000	1.000000	1.000000	335.000000	567.000000	433.000000
1.000000	1.000000	1.000000	1006.000000	736.000000	857.000000	404.000000	1.000000	1.000000	1.000000	135.000000	758.000000	778.000000	187.000000	1.000000	1.000000	1.000000	1.000000	1.000000	239.000000	1.000000
1.000000	1.000000	1.000000	843.000000	2294.000000	1834.000000	2264.000000	1886.000000	1069.000000	210.000000	1.000000	836.000000	918.000000	1501.000000	1218.000000	306.000000	1.000000	1.000000	1.000000	853.000000	335.000000
1.000000	1.000000	1.000000	279.000000	665.000000	1883.000000	1143.000000	1068.000000	816.000000	279.000000	283.000000	183.000000	946.000000	740.000000	1239.000000	1705.000000	1955.000000	1.000000	1.000000	793.000000	552.000000
395.000000	1.000000	1.000000	1.000000	157.000000	185.000000	1.000000	1.000000	1.000000	221.000000	542.000000	1229.000000	487.000000	1.000000	1.000000	882.000000	1512.000000	880.000000	1.000000	1580.000000	564.000000
948.000000	302.000000	1.000000	1.000000	187.000000	143.000000	1.000000	1.000000	1.000000	1.000000	257.000000	661.000000	423.000000	1.000000	203.000000	1.000000	1.000000	1.000000	161.000000	807.000000	657.000000
489.000000	1041.000000	1.000000	1.000000	252.000000	1.000000	1.000000	377.000000	544.000000	469.000000	1.000000	1.000000	1.000000	1.000000	751.000000	355.000000	1.000000	1.000000	1.000000	761.000000	1021.000000
323.000000	1150.000000	138.000000	184.000000	1.000000	1.000000	1.000000	1172.000000	1599.000000	2054.000000	681.000000	471.000000	341.000000	1.000000	288.000000	544.000000	323.000000	1.000000	1.000000	227.000000	1.000000
323.000000	532.000000	159.000000	314.000000	525.000000	1.000000	1.000000	285.000000	1023.000000	2570.000000	2573.000000	2031.000000	1512.000000	391.000000	1.000000	173.000000	661.000000	1.000000	1.000000	1.000000	1.000000
161.000000	141.000000	321.000000	195.000000	505.000000	369.000000	199.000000	1.000000	1.000000	287.000000	952.000000	1.000000	331.000000	360.000000	343.000000	1.000000	176.000000	1.000000	1.000000	716.000000	385.000000
746.000000	297.000000	1.000000	195.000000	328.000000	597.000000	798.000000	884.000000	1.000000	1.000000	1.000000	1.000000	1.000000	1.000000	1.000000	1.000000	336.000000	176.000000	260.000000	1.000000	700.000000
287.000000	143.000000	1.000000	177.000000	1.000000	696.000000	1077.000000	1227.000000	1.000000	1250.000000	1344.000000	485.000000	1135.000000	429.000000	1.000000	1.000000	1.000000	318.000000	263.000000	1.000000	1.000000
445.000000	1.000000	1.000000	1.000000	1.000000	1.000000	291.000000	470.000000	1.000000	1.000000	834.000000	182.000000	1313.000000	436.000000	563.000000	1.000000	1.000000	1.000000	1.000000	1.000000	1.000000
1.000000	1.000000	1.000000	1.000000	1.000000	226.000000	1.000000	227.000000	1133.000000	1405.000000	1637.000000	218.000000	1.000000	189.000000	147.000000	1.000000	1.000000	382.000000	392.000000	1.000000	1.000000
1.000000	1.000000	141.000000	157.000000	345.000000	1.000000	1.000000	1.000000	305.000000	369.000000	1707.000000	2442.000000	1198.000000	1.000000	1.000000	1.000000	1.000000	544.000000	1202.000000	392.000000	1.000000
714.000000	1.000000	1.000000	1.000000	1.000000	171.000000	1.000000	1.000000	1.000000	1.000000	1.000000	1.000000	1.000000	1.000000	1.000000	1.000000	1.000000	441.000000	662.000000	1431.000000	1.000000
186.000000	688.000000	411.000000	315.000000	531.000000	412.000000	171.000000	1.000000	149.000000	1.000000	1.000000	1.000000	1.000000	1.000000	1.000000	1.000000	411.000000	241.000000	444.000000	1407.000000	1171.000000
985.000000	187.000000	1133.000000	288.000000	486.000000	959.000000	722.000000	935.000000	143.000000	1.000000	1.000000	260.000000	1.000000	1.000000	1.000000	1.000000	242.000000	419.000000	1020.000000	257.000000	1101.000000
1.000000	921.000000	1.000000	1.000000	298.000000	234.000000	357.000000	591.000000	191.000000	139.000000	275.000000	133.000000	1.000000	1.000000	1.000000	1.000000	1.000000	1.000000	387.000000	890.000000	294.000000
