21 25 0
1.000000	161.000000	303.000000	311.000000	1.000000	960.000000	325.000000	523.000000	669.000000	1.000000	1.000000	176.000000	1146.000000	988.000000	1.000000	147.000000	1.000000	519.000000	1528.000000	540.000000	181.000000
361.000000	759.000000	1777.000000	1.000000	1.000000	410.000000	868.000000	147.000000	1.000000	477.000000	766.000000	693.000000	1086.000000	228.000000	1.000000	1.000000	1.000000	503.000000	1528.000000	329.000000	319.000000
925.000000	985.000000	184.000000	135.000000	1.000000	204.000000	617.000000	1.000000	1.000000	1.000000	897.000000	378.000000	899.000000	1334.000000	376.000000	403.000000	1.000000	448.000000	1175.000000	304.000000	333.000000
768.000000	401.000000	437.000000	349.000000	1.000000	298.000000	1.000000	1.000000	1.000000	156.000000	195.000000	1.000000	597.000000	1993.000000	648.000000	1.000000	1.000000	213.000000	921.000000	165.000000	901.000000
1.000000	1.000000	438.000000	404.000000	369.000000	1.000000	1.000000	1.000000	1.000000	157.000000	184.000000	1.000000	473.000000	1169.000000	330.000000	1.000000	1.000000	1.000000	620.000000	443.000000	1089.000000
1.000000	1.000000	817.000000	1.000000	677.000000	391.000000	1.000000	1.000000	1.000000	1.000000	1.000000	171.000000	139.000000	757.000000	1.000000	1.000000	1.000000	1.000000	390.000000	1300.000000	1082.000000
1.000000	503.000000	1.000000	1.000000	2006.000000	179.000000	1.000000	425.000000	1.000000	1.000000	1.000000	657.000000	1006.000000	663.000000	1.000000	1.000000	1.000000	1.000000	304.000000	1654.000000	725.000000
646.000000	1.000000	1.000000	1285.000000	1534.000000	356.000000	456.000000	425.000000	1.000000	1.000000	247.000000	2188.000000	2654.000000	1061.000000	1.000000	1.000000	1.000000	1.000000	73.000000	2512.000000	827.000000
1.000000	1.000000	1.000000	1490.000000	974.000000	406.000000	323.000000	831.000000	1.000000	385.000000	583.000000	2860.000000	1715.000000	958.000000	1.000000	1.000000	1.000000	1.000000	1.000000	2662.000000	868.000000
1.000000	1.000000	1.000000	689.000000	143.000000	407.000000	1.000000	407.000000	1347.000000	611.000000	1399.000000	2023.000000	927.000000	452.000000	1.000000	1.000000	1.000000	1.000000	1.000000	2975.000000	833.000000
354.000000	1.000000	1.000000	1.000000	175.000000	343.000000	1.000000	273.000000	1731.000000	532.000000	1037.000000	1621.000000	426.000000	426.000000	139.000000	1.000000	1.000000	1.000000	387.000000	2917.000000	1050.000000
719.000000	135.000000	1.000000	144.000000	517.000000	547.000000	1.000000	441.000000	1454.000000	1.000000	348.000000	1402.000000	641.000000	418.000000	599.000000	1.000000	1.000000	1.000000	1142.000000	2304.000000	798.000000
723.000000	630.000000	1.000000	535.000000	710.000000	520.000000	1.000000	599.000000	1299.000000	163.000000	149.000000	1223.000000	290.000000	161.000000	936.000000	806.000000	174.000000	1.000000	1522.000000	1487.000000	401.000000
355.000000	725.000000	457.000000	796.000000	772.000000	715.000000	1.000000	529.000000	1118.000000	611.000000	1.000000	315.000000	1.000000	1.000000	811.000000	1239.000000	707.000000	1.000000	1416.000000	1290.000000	295.000000
493.000000	667.000000	1.000000	689.000000	1055.000000	522.000000	1.000000	255.000000	1.000000	831.000000	1.000000	258.000000	1.000000	1.000000	808.000000	582.000000	685.000000	1.000000	1246.000000	1.000000	474.000000
375.000000	643.000000	1.000000	531.000000	716.000000	179.000000	234.000000	1.000000	1.000000	487.000000	461.000000	505.000000	1.000000	462.000000	701.000000	1.000000	686.000000	155.000000	560.000000	784.000000	1263.000000
1161.000000	327.000000	329.000000	1016.000000	535.000000	707.000000	952.000000	480.000000	1.000000	1.000000	1.000000	507.000000	1.000000	350.000000	303.000000	1.000000	900.000000	155.000000	518.000000	1045.000000	1134.000000
900.000000	275.000000	141.000000	1240.000000	441.000000	795.000000	832.000000	905.000000	1.000000	1.000000	1.000000	1.000000	699.000000	1.000000	1.000000	1.000000	1170.000000	484.000000	1457.000000	942.000000	756.000000
1352.000000	161.000000	143.000000	1279.000000	185.000000	712.000000	311.000000	553.000000	1.000000	1.000000	1.000000	1.000000	859.000000	1.000000	155.000000	169.000000	933.000000	786.000000	1907.000000	493.000000	340.000000
1316.000000	211.000000	639.000000	1256.000000	500.000000	1.000000	1.000000	155.000000	493.000000	1.000000	453.000000	1.000000	163.000000	159.000000	790.000000	191.000000	338.000000	1187.000000	1851.000000	371.000000	1.000000
284.000000	193.000000	675.000000	1140.000000	576.000000	1.000000	1.000000	1.000000	371.000000	1.000000	841.000000	1.000000	149.000000	175.000000	806.000000	219.000000	153.000000	2046.000000	1330.000000	497.000000	1.000000
1.000000	386.000000	1217.000000	756.000000	556.000000	78.000000	1.000000	1.000000	307.000000	1.000000	1.000000	1.000000	233.000000	834.000000	1076.000000	1.000000	657.000000	1767.000000	500.000000	521.000000	175.000000
1.000000	1229.000000	1413.000000	320.000000	971.000000	308.000000	1.000000	1.000000	1.000000	1.000000	1.000000	1.000000	233.000000	439.000000	159.000000	1.000000	429.000000	1140.000000	444.000000	752.000000	1309.000000
467.000000	1901.000000	751.000000	299.000000	820.000000	256.000000	143.000000	476.000000	1.000000	1.000000	264.000000	1.000000	233.000000	1.000000	1.000000	363.000000	1455.000000	703.000000	445.000000	315.000000	1403.000000
137.000000	700.000000	207.000000	1.000000	330.000000	1.000000	143.000000	306.000000	1.000000	139.000000	144.000000	1.000000	1.000000	1.000000	1.000000	401.000000	629.000000	1.000000	1.000000	417.000000	1.000000
