21 25 0
197.000000	196.000000	193.000000	151.000000	1.000000	1.000000	1.000000	667.000000	249.000000	1.000000	1.000000	458.000000	675.000000	241.000000	241.000000	255.000000	1.000000	1.000000	1.000000	214.000000	329.000000
1.000000	144.000000	1.000000	1.000000	1.000000	527.000000	1213.000000	944.000000	866.000000	1.000000	1.000000	323.000000	966.000000	2122.000000	1601.000000	1466.000000	1515.000000	1039.000000	389.000000	1.000000	357.000000
236.000000	255.000000	1.000000	1.000000	215.000000	342.000000	388.000000	1003.000000	1028.000000	501.000000	527.000000	156.000000	1.000000	293.000000	637.000000	1303.000000	1296.000000	1271.000000	614.000000	94.000000	145.000000
1703.000000	1083.000000	1.000000	1.000000	145.000000	151.000000	173.000000	381.000000	609.000000	918.000000	909.000000	615.000000	1.000000	1.000000	1.000000	1.000000	1.000000	1.000000	173.000000	1.000000	1.000000
298.000000	1.000000	1.000000	1.000000	275.000000	747.000000	1036.000000	1080.000000	689.000000	433.000000	137.000000	1.000000	1.000000	169.000000	1.000000	1.000000	311.000000	1.000000	1.000000	1.000000	1.000000
1.000000	242.000000	1071.000000	563.000000	1312.000000	1743.000000	2212.000000	3024.000000	2812.000000	1752.000000	506.000000	240.000000	537.000000	1319.000000	1328.000000	948.000000	657.000000	363.000000	1.000000	1.000000	1.000000
163.000000	545.000000	1.000000	600.000000	1798.000000	2300.000000	2744.000000	3223.000000	2619.000000	1720.000000	135.000000	540.000000	2172.000000	3204.000000	3264.000000	3098.000000	2655.000000	1981.000000	243.000000	1.000000	372.000000
1.000000	445.000000	1.000000	245.000000	285.000000	245.000000	457.000000	179.000000	179.000000	1.000000	1.000000	537.000000	1131.000000	1398.000000	1208.000000	2177.000000	2540.000000	2139.000000	1345.000000	1319.000000	1280.000000
1370.000000	853.000000	1.000000	1.000000	1.000000	1.000000	1.000000	1.000000	1.000000	1.000000	543.000000	445.000000	1.000000	1.000000	1.000000	1.000000	417.000000	636.000000	281.000000	473.000000	279.000000
577.000000	650.000000	619.000000	363.000000	131.000000	423.000000	491.000000	1.000000	1.000000	291.000000	534.000000	1.000000	1.000000	1.000000	1.000000	1.000000	289.000000	1.000000	1.000000	1.000000	228.000000
553.000000	843.000000	1907.000000	1387.000000	1856.000000	2419.000000	1361.000000	1433.000000	1021.000000	1.000000	1.000000	1.000000	1.000000	1.000000	331.000000	203.000000	183.000000	1.000000	1.000000	1.000000	1.000000
195.000000	647.000000	646.000000	1049.000000	1190.000000	575.000000	1123.000000	1325.000000	1274.000000	1142.000000	753.000000	483.000000	499.000000	257.000000	293.000000	1261.000000	1834.000000	1218.000000	1150.000000	1.000000	407.000000
1.000000	1.000000	1.000000	163.000000	139.000000	1.000000	486.000000	714.000000	1681.000000	2810.000000	3075.000000	2971.000000	2423.000000	610.000000	1.000000	481.000000	838.000000	947.000000	384.000000	239.000000	239.000000
324.000000	1.000000	1.000000	1.000000	1.000000	331.000000	166.000000	1.000000	341.000000	816.000000	1380.000000	909.000000	570.000000	303.000000	1.000000	1.000000	1.000000	1.000000	341.000000	341.000000	1.000000
523.000000	523.000000	1.000000	1.000000	1.000000	1.000000	167.000000	234.000000	1.000000	309.000000	1.000000	1.000000	1.000000	1.000000	1.000000	173.000000	1.000000	259.000000	191.000000	1.000000	1.000000
925.000000	538.000000	1.000000	1.000000	1.000000	265.000000	614.000000	2661.000000	3224.000000	2755.000000	2474.000000	2132.000000	1565.000000	855.000000	642.000000	1.000000	153.000000	151.000000	1.000000	432.000000	249.000000
1052.000000	957.000000	1.000000	1.000000	167.000000	1.000000	692.000000	1214.000000	1669.000000	1970.000000	2518.000000	3226.000000	2744.000000	2353.000000	1099.000000	1.000000	1.000000	1.000000	72.000000	1463.000000	377.000000
1.000000	1.000000	400.000000	1.000000	212.000000	228.000000	1.000000	1.000000	1.000000	1.000000	1.000000	1.000000	1.000000	1.000000	1.000000	1.000000	196.000000	206.000000	559.000000	393.000000	779.000000
1.000000	141.000000	155.000000	590.000000	769.000000	350.000000	468.000000	469.000000	1508.000000	1729.000000	1905.000000	1116.000000	225.000000	1.000000	1.000000	188.000000	158.000000	398.000000	879.000000	943.000000	1.000000
498.000000	1.000000	1.000000	208.000000	890.000000	724.000000	288.000000	1.000000	1.000000	495.000000	730.000000	447.000000	549.000000	1.000000	139.000000	553.000000	581.000000	661.000000	933.000000	470.000000	1.000000
1.000000	1.000000	1.000000	1.000000	423.000000	746.000000	223.000000	222.000000	273.000000	273.000000	311.000000	439.000000	440.000000	258.000000	227.000000	823.000000	733.000000	1.000000	1.000000	1.000000	426.000000
481.000000	1.000000	1.000000	1.000000	1.000000	832.000000	1653.000000	1906.000000	2319.000000	2889.000000	3141.000000	1990.000000	1771.000000	1845.000000	1624.000000	994.000000	577.000000	581.000000	1.000000	1.000000	158.000000
315.000000	1.000000	1.000000	1.000000	1.000000	167.000000	613.000000	1530.000000	2036.000000	2111.000000	2159.000000	2251.000000	1987.000000	1863.000000	666.000000	1.000000	1.000000	1.000000	1.000000	135.000000	213.000000
287.000000	495.000000	658.000000	1.000000	1.000000	1.000000	149.000000	151.000000	1.000000	1.000000	1.000000	189.000000	1.000000	1.000000	1.000000	1.000000	1.000000	1.000000	1.000000	1.000000	1.000000
1.000000	1.000000	1.000000	1.000000	1.000000	1.000000	1.000000	1.000000	1.000000	1.000000	1.000000	1.000000	1.000000	1.000000	1.000000	1.000000	1.000000	1.000000	1.000000	1.000000	1.000000
