21 25 0
1.000000	361.000000	1.000000	1.000000	203.000000	928.000000	908.000000	900.000000	700.000000	901.000000	306.000000	499.000000	558.000000	377.000000	610.000000	917.000000	797.000000	843.000000	1390.000000	915.000000	585.000000
543.000000	265.000000	157.000000	500.000000	495.000000	1.000000	1.000000	457.000000	1104.000000	1070.000000	990.000000	559.000000	1.000000	1.000000	1.000000	1.000000	1.000000	1.000000	1.000000	513.000000	1084.000000
531.000000	537.000000	241.000000	347.000000	435.000000	363.000000	409.000000	677.000000	711.000000	297.000000	774.000000	1225.000000	867.000000	514.000000	1.000000	1.000000	315.000000	309.000000	1.000000	141.000000	262.000000
1.000000	830.000000	900.000000	399.000000	1180.000000	1282.000000	1891.000000	1845.000000	1325.000000	1060.000000	213.000000	371.000000	577.000000	1490.000000	1274.000000	1249.000000	942.000000	1137.000000	1443.000000	601.000000	1.000000
191.000000	1.000000	1.000000	1.000000	793.000000	1181.000000	1237.000000	1915.000000	1532.000000	1425.000000	1201.000000	816.000000	1191.000000	2564.000000	2319.000000	2119.000000	1761.000000	1412.000000	1082.000000	591.000000	1.000000
375.000000	1.000000	1.000000	1.000000	1.000000	1.000000	1.000000	1.000000	161.000000	179.000000	139.000000	174.000000	1.000000	506.000000	1051.000000	1377.000000	1355.000000	1027.000000	1053.000000	703.000000	1.000000
1.000000	1.000000	1.000000	1.000000	1.000000	1.000000	1.000000	1.000000	1.000000	287.000000	303.000000	1.000000	1.000000	1.000000	1.000000	269.000000	269.000000	1.000000	200.000000	245.000000	243.000000
378.000000	233.000000	954.000000	449.000000	363.000000	1.000000	450.000000	1057.000000	2142.000000	1929.000000	1158.000000	159.000000	1.000000	1.000000	1.000000	1.000000	1.000000	1.000000	1.000000	1.000000	1.000000
156.000000	283.000000	156.000000	1376.000000	2412.000000	3191.000000	3173.000000	3390.000000	3101.000000	597.000000	1.000000	1.000000	453.000000	2202.000000	1799.000000	1219.000000	75.000000	1.000000	1.000000	1.000000	1.000000
235.000000	235.000000	235.000000	665.000000	1117.000000	1500.000000	1769.000000	1382.000000	341.000000	1.000000	291.000000	291.000000	157.000000	1520.000000	2298.000000	2367.000000	2595.000000	1963.000000	1149.000000	1.000000	1.000000
149.000000	1.000000	1.000000	1.000000	159.000000	179.000000	189.000000	1.000000	295.000000	461.000000	967.000000	1041.000000	285.000000	1.000000	637.000000	1308.000000	2159.000000	1939.000000	661.000000	1.000000	147.000000
584.000000	381.000000	1.000000	1.000000	1.000000	275.000000	148.000000	1.000000	1.000000	1006.000000	1168.000000	646.000000	1116.000000	1.000000	1.000000	1.000000	1.000000	1.000000	1.000000	1.000000	329.000000
911.000000	1123.000000	413.000000	158.000000	158.000000	183.000000	1.000000	1.000000	349.000000	347.000000	1.000000	1.000000	1.000000	1.000000	159.000000	341.000000	325.000000	141.000000	1.000000	1.000000	402.000000
1.000000	191.000000	349.000000	141.000000	1.000000	163.000000	1.000000	747.000000	1857.000000	1748.000000	1330.000000	742.000000	499.000000	237.000000	149.000000	469.000000	611.000000	1.000000	1.000000	267.000000	297.000000
116.000000	231.000000	231.000000	1.000000	100.000000	272.000000	402.000000	1389.000000	2678.000000	3376.000000	3475.000000	3271.000000	2997.000000	483.000000	1.000000	1.000000	1.000000	1.000000	164.000000	158.000000	1.000000
1.000000	1.000000	167.000000	1.000000	543.000000	195.000000	1.000000	1.000000	381.000000	401.000000	459.000000	365.000000	331.000000	1.000000	93.000000	1.000000	1.000000	1.000000	1.000000	1.000000	1.000000
299.000000	1.000000	1.000000	1.000000	195.000000	141.000000	234.000000	234.000000	307.000000	457.000000	307.000000	1.000000	1.000000	76.000000	184.000000	184.000000	407.000000	1.000000	1.000000	379.000000	77.000000
1.000000	1.000000	1.000000	1.000000	1.000000	503.000000	1473.000000	2278.000000	2738.000000	2953.000000	2862.000000	2472.000000	1749.000000	1128.000000	1265.000000	555.000000	429.000000	317.000000	131.000000	1.000000	299.000000
1.000000	1.000000	1.000000	1.000000	1.000000	1.000000	151.000000	299.000000	137.000000	655.000000	778.000000	729.000000	1191.000000	1422.000000	478.000000	1.000000	239.000000	1.000000	1.000000	1.000000	556.000000
1.000000	409.000000	1.000000	1.000000	1.000000	227.000000	1.000000	594.000000	1261.000000	1812.000000	1891.000000	1020.000000	398.000000	1.000000	137.000000	1.000000	1.000000	1.000000	648.000000	364.000000	141.000000
405.000000	660.000000	241.000000	1.000000	154.000000	1.000000	165.000000	593.000000	2039.000000	2299.000000	2779.000000	2681.000000	2140.000000	1465.000000	1.000000	1.000000	1.000000	1.000000	806.000000	322.000000	1.000000
975.000000	473.000000	1.000000	162.000000	1.000000	1.000000	1.000000	1.000000	1.000000	1.000000	1.000000	1.000000	1.000000	1.000000	1.000000	1.000000	1.000000	424.000000	1029.000000	819.000000	147.000000
710.000000	507.000000	177.000000	337.000000	738.000000	199.000000	1.000000	222.000000	195.000000	1.000000	1.000000	1.000000	90.000000	178.000000	1.000000	173.000000	350.000000	237.000000	191.000000	947.000000	507.000000
989.000000	481.000000	1.000000	1.000000	1.000000	371.000000	612.000000	903.000000	766.000000	143.000000	722.000000	657.000000	163.000000	858.000000	1262.000000	559.000000	1.000000	421.000000	970.000000	1028.000000	1.000000
1.000000	1.000000	1.000000	1.000000	1.000000	163.000000	423.000000	749.000000	536.000000	261.000000	261.000000	506.000000	538.000000	478.000000	1.000000	1.000000	1.000000	401.000000	991.000000	592.000000	1.000000
