21 25 0
249.000000	1.000000	599.000000	1766.000000	473.000000	991.000000	299.000000	367.000000	390.000000	183.000000	1.000000	1.000000	1.000000	1.000000	1.000000	171.000000	1.000000	362.000000	1.000000	1.000000	1.000000
1.000000	535.000000	965.000000	1364.000000	559.000000	447.000000	355.000000	371.000000	211.000000	1.000000	1.000000	1.000000	161.000000	195.000000	1.000000	136.000000	1.000000	420.000000	361.000000	1.000000	125.000000
339.000000	811.000000	679.000000	1235.000000	665.000000	453.000000	1.000000	1.000000	1.000000	1.000000	1.000000	1.000000	177.000000	145.000000	299.000000	243.000000	332.000000	360.000000	495.000000	183.000000	125.000000
811.000000	397.000000	518.000000	1033.000000	455.000000	1.000000	1.000000	143.000000	1.000000	1.000000	1.000000	158.000000	861.000000	1162.000000	818.000000	669.000000	817.000000	814.000000	507.000000	143.000000	173.000000
745.000000	217.000000	1153.000000	337.000000	1.000000	1.000000	1.000000	1.000000	1.000000	1.000000	131.000000	505.000000	1076.000000	897.000000	452.000000	376.000000	1.000000	1.000000	292.000000	1.000000	173.000000
583.000000	476.000000	701.000000	1.000000	465.000000	453.000000	849.000000	1.000000	1.000000	1.000000	1.000000	165.000000	1.000000	1.000000	1.000000	1.000000	447.000000	387.000000	1.000000	1.000000	1.000000
421.000000	1.000000	1.000000	467.000000	1367.000000	1624.000000	437.000000	1.000000	451.000000	647.000000	305.000000	1.000000	1.000000	1.000000	317.000000	1.000000	387.000000	1438.000000	469.000000	1.000000	357.000000
367.000000	1.000000	295.000000	411.000000	873.000000	1.000000	1.000000	1.000000	1.000000	590.000000	760.000000	1.000000	1.000000	1.000000	693.000000	213.000000	1411.000000	1.000000	1.000000	623.000000	686.000000
341.000000	1.000000	346.000000	347.000000	1.000000	1.000000	319.000000	1.000000	1.000000	631.000000	524.000000	1.000000	1.000000	1.000000	1.000000	745.000000	1.000000	291.000000	467.000000	571.000000	1020.000000
1.000000	1.000000	347.000000	1.000000	547.000000	669.000000	555.000000	831.000000	664.000000	427.000000	1163.000000	1.000000	1.000000	151.000000	1282.000000	1410.000000	797.000000	839.000000	131.000000	311.000000	1660.000000
469.000000	1.000000	303.000000	1.000000	345.000000	195.000000	161.000000	277.000000	209.000000	1.000000	593.000000	1.000000	1.000000	259.000000	919.000000	202.000000	438.000000	377.000000	1.000000	679.000000	1602.000000
1.000000	1.000000	217.000000	369.000000	518.000000	1.000000	1.000000	209.000000	1.000000	562.000000	875.000000	319.000000	1.000000	1.000000	1.000000	224.000000	345.000000	217.000000	1.000000	785.000000	495.000000
1.000000	1.000000	1.000000	1.000000	302.000000	1.000000	199.000000	538.000000	439.000000	375.000000	1060.000000	265.000000	1.000000	1.000000	1.000000	481.000000	498.000000	455.000000	175.000000	1016.000000	509.000000
1.000000	1.000000	1.000000	802.000000	1.000000	201.000000	670.000000	764.000000	1.000000	1.000000	313.000000	1.000000	1.000000	899.000000	229.000000	911.000000	944.000000	463.000000	1.000000	1607.000000	451.000000
1.000000	1.000000	1.000000	915.000000	615.000000	402.000000	1.000000	1.000000	1.000000	1.000000	1.000000	357.000000	1730.000000	1.000000	241.000000	709.000000	717.000000	421.000000	457.000000	163.000000	630.000000
1.000000	1.000000	282.000000	808.000000	523.000000	1.000000	1.000000	1.000000	343.000000	511.000000	385.000000	536.000000	1.000000	1.000000	1.000000	455.000000	1.000000	1.000000	1.000000	761.000000	1052.000000
1.000000	1.000000	214.000000	933.000000	1.000000	1.000000	1.000000	219.000000	1.000000	1.000000	239.000000	1.000000	1.000000	233.000000	571.000000	407.000000	1.000000	1.000000	177.000000	673.000000	637.000000
1.000000	1.000000	231.000000	719.000000	1.000000	487.000000	1.000000	551.000000	392.000000	1.000000	1.000000	616.000000	661.000000	935.000000	2052.000000	435.000000	1.000000	1.000000	227.000000	962.000000	779.000000
295.000000	1.000000	551.000000	727.000000	1.000000	1.000000	601.000000	1214.000000	385.000000	385.000000	743.000000	740.000000	1133.000000	993.000000	389.000000	327.000000	1.000000	1.000000	249.000000	247.000000	169.000000
1.000000	1.000000	403.000000	1203.000000	1.000000	1.000000	269.000000	1.000000	1.000000	1.000000	369.000000	828.000000	657.000000	720.000000	1.000000	1.000000	272.000000	1.000000	171.000000	1.000000	129.000000
1.000000	1.000000	848.000000	845.000000	1.000000	481.000000	253.000000	1.000000	1.000000	219.000000	1415.000000	1471.000000	813.000000	271.000000	1.000000	318.000000	655.000000	281.000000	509.000000	131.000000	145.000000
167.000000	307.000000	1437.000000	675.000000	1.000000	1.000000	1.000000	197.000000	1.000000	1.000000	524.000000	245.000000	1.000000	1.000000	297.000000	589.000000	845.000000	489.000000	519.000000	145.000000	151.000000
1.000000	1049.000000	327.000000	1.000000	503.000000	1.000000	1.000000	1.000000	207.000000	183.000000	1.000000	1.000000	1.000000	1.000000	281.000000	1235.000000	1158.000000	519.000000	167.000000	1.000000	151.000000
163.000000	570.000000	1.000000	668.000000	343.000000	1.000000	1.000000	1.000000	1.000000	1.000000	1.000000	1.000000	197.000000	193.000000	873.000000	1533.000000	539.000000	1.000000	1.000000	1.000000	498.000000
576.000000	436.000000	451.000000	147.000000	1.000000	1.000000	1.000000	1.000000	1.000000	115.000000	1.000000	1.000000	1.000000	719.000000	1210.000000	467.000000	245.000000	1.000000	1.000000	153.000000	286.000000
