21 25 0
148.000000	282.000000	485.000000	171.000000	1.000000	403.000000	487.000000	812.000000	898.000000	963.000000	910.000000	1217.000000	1341.000000	1385.000000	1609.000000	945.000000	789.000000	425.000000	413.000000	195.000000	1.000000
1.000000	1.000000	1.000000	1.000000	1.000000	143.000000	173.000000	367.000000	460.000000	551.000000	689.000000	709.000000	746.000000	872.000000	415.000000	603.000000	377.000000	207.000000	179.000000	173.000000	1.000000
161.000000	1.000000	1.000000	1.000000	1.000000	1.000000	137.000000	346.000000	532.000000	897.000000	1225.000000	1021.000000	842.000000	401.000000	963.000000	777.000000	502.000000	304.000000	1.000000	1.000000	590.000000
701.000000	1.000000	1.000000	1.000000	1.000000	355.000000	305.000000	163.000000	1.000000	1.000000	1.000000	1.000000	80.000000	1.000000	1.000000	1.000000	1.000000	152.000000	143.000000	1.000000	1.000000
1.000000	251.000000	1173.000000	1421.000000	1021.000000	2275.000000	2693.000000	2199.000000	1377.000000	625.000000	1.000000	1.000000	1.000000	183.000000	819.000000	501.000000	431.000000	1.000000	1.000000	497.000000	497.000000
1.000000	1.000000	1.000000	351.000000	1062.000000	909.000000	1068.000000	865.000000	1489.000000	1535.000000	709.000000	707.000000	910.000000	2175.000000	2887.000000	2975.000000	2598.000000	2005.000000	788.000000	459.000000	709.000000
1.000000	1.000000	1.000000	115.000000	1.000000	1.000000	1.000000	1.000000	1.000000	129.000000	1.000000	1.000000	267.000000	603.000000	434.000000	242.000000	1.000000	237.000000	573.000000	799.000000	1.000000
509.000000	509.000000	1.000000	297.000000	489.000000	2055.000000	2311.000000	2346.000000	1223.000000	1129.000000	661.000000	1.000000	1.000000	631.000000	429.000000	449.000000	1.000000	1.000000	1.000000	1.000000	1.000000
681.000000	819.000000	1.000000	1.000000	1086.000000	1151.000000	999.000000	904.000000	798.000000	1012.000000	616.000000	339.000000	1163.000000	2161.000000	1972.000000	1698.000000	1493.000000	477.000000	1.000000	1.000000	1.000000
1.000000	1.000000	1.000000	381.000000	379.000000	1.000000	1.000000	1.000000	1.000000	1.000000	1.000000	1.000000	1.000000	1.000000	1.000000	1.000000	1.000000	1.000000	1.000000	471.000000	471.000000
505.000000	719.000000	1.000000	1.000000	1.000000	363.000000	1044.000000	890.000000	535.000000	259.000000	329.000000	601.000000	345.000000	1.000000	329.000000	231.000000	1.000000	1.000000	1.000000	557.000000	1.000000
1.000000	959.000000	959.000000	248.000000	479.000000	289.000000	889.000000	1374.000000	356.000000	377.000000	392.000000	432.000000	217.000000	217.000000	1089.000000	966.000000	565.000000	743.000000	473.000000	990.000000	989.000000
1.000000	465.000000	824.000000	545.000000	206.000000	273.000000	1.000000	1.000000	1.000000	192.000000	534.000000	601.000000	923.000000	576.000000	427.000000	808.000000	779.000000	603.000000	813.000000	977.000000	955.000000
227.000000	1.000000	197.000000	379.000000	249.000000	1.000000	1.000000	301.000000	731.000000	1480.000000	2016.000000	2519.000000	1819.000000	1.000000	1.000000	1.000000	1.000000	1.000000	531.000000	949.000000	647.000000
441.000000	489.000000	398.000000	521.000000	1.000000	1.000000	218.000000	988.000000	919.000000	773.000000	1174.000000	1075.000000	719.000000	565.000000	1.000000	1.000000	1.000000	1.000000	391.000000	831.000000	444.000000
381.000000	305.000000	1.000000	157.000000	485.000000	474.000000	943.000000	453.000000	285.000000	1.000000	1.000000	122.000000	491.000000	1387.000000	1903.000000	251.000000	154.000000	693.000000	691.000000	881.000000	244.000000
933.000000	561.000000	235.000000	1.000000	157.000000	737.000000	571.000000	809.000000	846.000000	1398.000000	1586.000000	2222.000000	1710.000000	601.000000	599.000000	489.000000	625.000000	213.000000	399.000000	399.000000	1.000000
157.000000	541.000000	265.000000	1.000000	509.000000	395.000000	1.000000	1.000000	457.000000	589.000000	781.000000	433.000000	409.000000	1.000000	1.000000	1.000000	1.000000	1.000000	1.000000	415.000000	413.000000
160.000000	161.000000	201.000000	402.000000	1.000000	327.000000	689.000000	310.000000	1.000000	602.000000	254.000000	693.000000	488.000000	594.000000	274.000000	274.000000	415.000000	1.000000	1.000000	325.000000	513.000000
155.000000	157.000000	509.000000	539.000000	259.000000	699.000000	1276.000000	1687.000000	1183.000000	471.000000	923.000000	1188.000000	1413.000000	980.000000	1487.000000	1456.000000	803.000000	318.000000	153.000000	287.000000	279.000000
1.000000	1.000000	1.000000	1.000000	215.000000	584.000000	487.000000	583.000000	1004.000000	365.000000	1.000000	1.000000	249.000000	1305.000000	1385.000000	894.000000	141.000000	747.000000	407.000000	1.000000	1.000000
1.000000	1.000000	453.000000	451.000000	513.000000	791.000000	489.000000	741.000000	807.000000	499.000000	598.000000	1105.000000	1243.000000	1439.000000	1396.000000	736.000000	1.000000	164.000000	1.000000	493.000000	493.000000
1.000000	1.000000	1.000000	349.000000	347.000000	1.000000	291.000000	1034.000000	1065.000000	1226.000000	1200.000000	1641.000000	1249.000000	1208.000000	976.000000	229.000000	1.000000	1.000000	445.000000	123.000000	119.000000
1.000000	1.000000	1.000000	347.000000	1.000000	1.000000	1.000000	465.000000	758.000000	965.000000	805.000000	687.000000	791.000000	149.000000	263.000000	1.000000	443.000000	443.000000	247.000000	1.000000	1.000000
1.000000	1.000000	1.000000	183.000000	567.000000	1.000000	1.000000	1.000000	1.000000	199.000000	199.000000	139.000000	1.000000	1.000000	1.000000	1.000000	375.000000	1.000000	1.000000	1.000000	1.000000
