21 25 0
854.000000	873.000000	349.000000	581.000000	759.000000	761.000000	283.000000	461.000000	746.000000	474.000000	538.000000	969.000000	689.000000	528.000000	159.000000	429.000000	411.000000	239.000000	195.000000	119.000000	1.000000
965.000000	195.000000	1.000000	949.000000	1079.000000	284.000000	293.000000	477.000000	442.000000	144.000000	527.000000	685.000000	427.000000	279.000000	253.000000	151.000000	227.000000	195.000000	1.000000	445.000000	162.000000
627.000000	459.000000	157.000000	323.000000	253.000000	133.000000	139.000000	1.000000	141.000000	187.000000	565.000000	157.000000	309.000000	195.000000	300.000000	179.000000	306.000000	1.000000	1.000000	1.000000	576.000000
872.000000	189.000000	115.000000	1.000000	1.000000	1.000000	165.000000	1.000000	1.000000	1.000000	1.000000	1.000000	1.000000	1.000000	1.000000	1.000000	1.000000	1.000000	229.000000	1.000000	889.000000
439.000000	1.000000	1.000000	437.000000	1056.000000	1424.000000	467.000000	341.000000	1.000000	1.000000	1.000000	1.000000	1.000000	1.000000	1.000000	1.000000	1.000000	1.000000	1.000000	184.000000	2071.000000
421.000000	1.000000	437.000000	485.000000	1139.000000	231.000000	1.000000	305.000000	1.000000	234.000000	1.000000	1.000000	181.000000	1463.000000	1882.000000	755.000000	347.000000	1.000000	289.000000	1421.000000	1625.000000
193.000000	1.000000	437.000000	585.000000	1.000000	1.000000	489.000000	499.000000	1.000000	1.000000	1.000000	1.000000	498.000000	1255.000000	591.000000	1.000000	1.000000	1.000000	603.000000	1794.000000	946.000000
1.000000	999.000000	1.000000	1.000000	299.000000	1541.000000	1810.000000	1730.000000	1.000000	1.000000	273.000000	1.000000	993.000000	1476.000000	275.000000	1.000000	1.000000	1.000000	435.000000	1631.000000	305.000000
175.000000	505.000000	225.000000	689.000000	1709.000000	1310.000000	343.000000	1.000000	1.000000	153.000000	1.000000	403.000000	2304.000000	669.000000	1.000000	1054.000000	1.000000	511.000000	379.000000	1376.000000	471.000000
1.000000	1.000000	491.000000	1.000000	335.000000	1.000000	1.000000	1.000000	1.000000	1.000000	179.000000	355.000000	573.000000	1.000000	1.000000	1.000000	1.000000	1.000000	967.000000	1265.000000	475.000000
1.000000	1.000000	121.000000	1.000000	1.000000	1.000000	1.000000	782.000000	305.000000	1.000000	221.000000	1.000000	1.000000	1.000000	1.000000	1.000000	231.000000	345.000000	1693.000000	475.000000	1.000000
1.000000	1.000000	917.000000	125.000000	258.000000	193.000000	1282.000000	959.000000	91.000000	199.000000	1.000000	1.000000	269.000000	1.000000	311.000000	259.000000	225.000000	441.000000	604.000000	363.000000	197.000000
1.000000	477.000000	824.000000	179.000000	484.000000	337.000000	826.000000	1.000000	209.000000	185.000000	1.000000	1010.000000	1319.000000	569.000000	171.000000	1.000000	1.000000	1.000000	609.000000	325.000000	1041.000000
191.000000	207.000000	1.000000	339.000000	163.000000	153.000000	151.000000	1.000000	713.000000	592.000000	612.000000	1932.000000	1090.000000	313.000000	1.000000	1.000000	1.000000	221.000000	683.000000	1152.000000	633.000000
1.000000	263.000000	1.000000	159.000000	1.000000	1.000000	838.000000	1065.000000	1497.000000	281.000000	874.000000	865.000000	629.000000	1.000000	923.000000	1.000000	1.000000	987.000000	1202.000000	547.000000	417.000000
484.000000	340.000000	1.000000	1.000000	1.000000	915.000000	1381.000000	773.000000	1.000000	1.000000	1.000000	1.000000	467.000000	926.000000	883.000000	1.000000	295.000000	1080.000000	1496.000000	333.000000	1.000000
407.000000	569.000000	1.000000	1.000000	1.000000	1194.000000	668.000000	1.000000	1.000000	822.000000	1091.000000	1176.000000	665.000000	983.000000	1.000000	1.000000	497.000000	1221.000000	1361.000000	1.000000	1.000000
195.000000	1.000000	1.000000	179.000000	141.000000	423.000000	1.000000	1.000000	485.000000	433.000000	1.000000	439.000000	1.000000	1.000000	1.000000	238.000000	425.000000	461.000000	968.000000	1.000000	499.000000
1.000000	174.000000	1.000000	1.000000	1.000000	512.000000	1.000000	1.000000	1.000000	514.000000	399.000000	1.000000	1.000000	1.000000	279.000000	959.000000	827.000000	1087.000000	225.000000	343.000000	359.000000
138.000000	615.000000	1.000000	1.000000	319.000000	561.000000	1.000000	1.000000	611.000000	1208.000000	912.000000	1.000000	1.000000	972.000000	1549.000000	1629.000000	729.000000	696.000000	693.000000	1.000000	397.000000
624.000000	163.000000	1.000000	1.000000	1.000000	155.000000	1.000000	1.000000	227.000000	227.000000	1.000000	1.000000	501.000000	1309.000000	1846.000000	831.000000	169.000000	409.000000	789.000000	1.000000	473.000000
290.000000	129.000000	1.000000	181.000000	155.000000	217.000000	1.000000	1.000000	395.000000	141.000000	1.000000	501.000000	830.000000	1639.000000	1351.000000	521.000000	1.000000	330.000000	1.000000	1.000000	507.000000
398.000000	1.000000	1.000000	345.000000	1.000000	300.000000	1.000000	1.000000	1043.000000	462.000000	742.000000	1049.000000	1438.000000	1481.000000	1101.000000	1.000000	1.000000	1237.000000	1.000000	718.000000	1.000000
143.000000	127.000000	1.000000	279.000000	1.000000	1.000000	361.000000	1.000000	183.000000	171.000000	343.000000	658.000000	698.000000	660.000000	1.000000	1.000000	1.000000	1366.000000	1.000000	1.000000	1.000000
1.000000	127.000000	245.000000	243.000000	1.000000	1.000000	1.000000	1.000000	1.000000	1.000000	1.000000	243.000000	143.000000	1.000000	1.000000	1.000000	1266.000000	371.000000	1.000000	1.000000	1.000000
