21 25 0
267.000000	341.000000	1055.000000	1404.000000	293.000000	801.000000	193.000000	346.000000	551.000000	390.000000	1.000000	1.000000	1.000000	233.000000	412.000000	149.000000	339.000000	389.000000	542.000000	151.000000	850.000000
277.000000	755.000000	1566.000000	1638.000000	493.000000	461.000000	1.000000	246.000000	195.000000	347.000000	1.000000	1.000000	199.000000	165.000000	567.000000	431.000000	541.000000	826.000000	612.000000	904.000000	375.000000
377.000000	759.000000	1426.000000	1336.000000	383.000000	455.000000	1.000000	1.000000	1.000000	1.000000	1.000000	1.000000	850.000000	380.000000	684.000000	1.000000	774.000000	1372.000000	1053.000000	951.000000	311.000000
657.000000	641.000000	1817.000000	1256.000000	449.000000	349.000000	385.000000	1.000000	1.000000	1.000000	1.000000	1.000000	802.000000	519.000000	185.000000	1.000000	327.000000	810.000000	1633.000000	357.000000	591.000000
699.000000	822.000000	1889.000000	1140.000000	223.000000	1.000000	1.000000	1.000000	1.000000	1.000000	1.000000	1.000000	787.000000	159.000000	1.000000	1.000000	165.000000	807.000000	1178.000000	1.000000	167.000000
857.000000	1016.000000	1283.000000	1163.000000	467.000000	1.000000	1.000000	1.000000	327.000000	1074.000000	1.000000	1.000000	1.000000	1.000000	1.000000	1.000000	389.000000	1254.000000	1918.000000	1.000000	275.000000
1961.000000	837.000000	1065.000000	1023.000000	467.000000	387.000000	1.000000	1.000000	328.000000	1747.000000	318.000000	1.000000	1.000000	1.000000	1.000000	1.000000	893.000000	1195.000000	2169.000000	1.000000	889.000000
1987.000000	572.000000	1216.000000	1510.000000	1.000000	479.000000	1.000000	1.000000	1093.000000	1800.000000	854.000000	255.000000	1.000000	472.000000	1.000000	770.000000	1533.000000	728.000000	1526.000000	291.000000	883.000000
1259.000000	395.000000	1345.000000	1521.000000	1.000000	389.000000	1.000000	1.000000	635.000000	1517.000000	2171.000000	735.000000	1.000000	723.000000	209.000000	1271.000000	1829.000000	1402.000000	885.000000	269.000000	1136.000000
797.000000	511.000000	1067.000000	789.000000	469.000000	533.000000	1.000000	1.000000	395.000000	694.000000	1897.000000	357.000000	1.000000	430.000000	1204.000000	591.000000	1367.000000	942.000000	745.000000	555.000000	2029.000000
805.000000	513.000000	1063.000000	425.000000	369.000000	159.000000	1.000000	151.000000	177.000000	251.000000	1514.000000	590.000000	1.000000	432.000000	1240.000000	820.000000	1293.000000	695.000000	363.000000	1199.000000	1013.000000
1.000000	715.000000	1210.000000	176.000000	345.000000	183.000000	173.000000	359.000000	1.000000	471.000000	1158.000000	811.000000	293.000000	237.000000	169.000000	737.000000	1348.000000	388.000000	323.000000	2181.000000	1311.000000
122.000000	561.000000	1012.000000	966.000000	585.000000	1.000000	347.000000	566.000000	1.000000	708.000000	1294.000000	341.000000	1.000000	204.000000	1.000000	704.000000	1124.000000	437.000000	175.000000	919.000000	495.000000
407.000000	595.000000	743.000000	1207.000000	937.000000	201.000000	435.000000	639.000000	429.000000	473.000000	941.000000	341.000000	978.000000	467.000000	1.000000	831.000000	1699.000000	473.000000	283.000000	927.000000	487.000000
284.000000	343.000000	683.000000	1410.000000	1089.000000	131.000000	1.000000	1.000000	1.000000	475.000000	1.000000	201.000000	1605.000000	229.000000	574.000000	1287.000000	753.000000	465.000000	459.000000	827.000000	900.000000
191.000000	1.000000	843.000000	1463.000000	1109.000000	1.000000	1.000000	1.000000	1.000000	1.000000	285.000000	239.000000	425.000000	1.000000	880.000000	2287.000000	592.000000	1.000000	369.000000	504.000000	316.000000
1.000000	299.000000	621.000000	1300.000000	587.000000	295.000000	1.000000	340.000000	1.000000	369.000000	287.000000	239.000000	283.000000	1.000000	948.000000	1884.000000	575.000000	1.000000	449.000000	1107.000000	582.000000
1.000000	313.000000	1199.000000	1289.000000	659.000000	433.000000	308.000000	363.000000	1.000000	371.000000	577.000000	427.000000	560.000000	1.000000	619.000000	263.000000	893.000000	197.000000	249.000000	2225.000000	675.000000
132.000000	315.000000	1327.000000	1680.000000	641.000000	608.000000	1439.000000	758.000000	1.000000	1.000000	819.000000	896.000000	814.000000	1110.000000	399.000000	335.000000	1251.000000	1.000000	249.000000	1610.000000	315.000000
375.000000	315.000000	1209.000000	1669.000000	347.000000	163.000000	1611.000000	1662.000000	93.000000	1.000000	489.000000	1457.000000	1619.000000	999.000000	1.000000	329.000000	1528.000000	419.000000	251.000000	1219.000000	689.000000
481.000000	393.000000	1647.000000	1353.000000	669.000000	163.000000	1064.000000	1888.000000	294.000000	1.000000	487.000000	495.000000	813.000000	124.000000	1.000000	541.000000	1801.000000	301.000000	691.000000	653.000000	876.000000
445.000000	501.000000	1938.000000	1117.000000	509.000000	483.000000	347.000000	1231.000000	1291.000000	1.000000	363.000000	495.000000	320.000000	1.000000	1.000000	1229.000000	1641.000000	367.000000	671.000000	719.000000	611.000000
279.000000	720.000000	1393.000000	1130.000000	445.000000	421.000000	217.000000	933.000000	1359.000000	351.000000	225.000000	359.000000	1.000000	1.000000	1.000000	1476.000000	1336.000000	383.000000	527.000000	689.000000	703.000000
344.000000	597.000000	743.000000	1187.000000	771.000000	1.000000	217.000000	311.000000	954.000000	1.000000	1.000000	1.000000	1.000000	1.000000	1.000000	1605.000000	507.000000	1.000000	165.000000	135.000000	605.000000
187.000000	775.000000	249.000000	687.000000	570.000000	1.000000	1.000000	1.000000	273.000000	1.000000	1.000000	1.000000	1.000000	1.000000	457.000000	1649.000000	245.000000	1.000000	595.000000	135.000000	238.000000
