21 25 0
160.000000	308.000000	1.000000	487.000000	1.000000	399.000000	356.000000	189.000000	1.000000	1.000000	1.000000	1.000000	1.000000	1.000000	1.000000	1.000000	419.000000	1091.000000	1699.000000	596.000000	808.000000
169.000000	257.000000	1.000000	1.000000	1.000000	635.000000	581.000000	176.000000	359.000000	1.000000	1.000000	87.000000	1.000000	357.000000	258.000000	1.000000	1.000000	431.000000	841.000000	1249.000000	515.000000
189.000000	1.000000	1.000000	535.000000	1.000000	308.000000	781.000000	491.000000	146.000000	213.000000	199.000000	1.000000	1.000000	165.000000	1.000000	1.000000	1.000000	1.000000	903.000000	1897.000000	918.000000
1.000000	1.000000	1.000000	119.000000	148.000000	143.000000	688.000000	893.000000	890.000000	1011.000000	679.000000	535.000000	1.000000	289.000000	537.000000	477.000000	231.000000	183.000000	427.000000	733.000000	1544.000000
904.000000	457.000000	1.000000	1.000000	1.000000	131.000000	143.000000	147.000000	153.000000	536.000000	834.000000	718.000000	1.000000	1.000000	1.000000	177.000000	173.000000	335.000000	609.000000	463.000000	299.000000
382.000000	1007.000000	435.000000	1.000000	388.000000	1429.000000	487.000000	1.000000	1.000000	1.000000	1.000000	1.000000	1.000000	1.000000	1.000000	1.000000	1.000000	1.000000	419.000000	443.000000	297.000000
366.000000	1021.000000	939.000000	361.000000	714.000000	911.000000	2278.000000	592.000000	435.000000	293.000000	1.000000	593.000000	277.000000	555.000000	1.000000	1.000000	677.000000	429.000000	1.000000	1.000000	297.000000
937.000000	1.000000	1315.000000	403.000000	295.000000	1.000000	881.000000	1.000000	1.000000	181.000000	1.000000	587.000000	442.000000	1.000000	1.000000	1.000000	1.000000	922.000000	861.000000	169.000000	1.000000
1003.000000	939.000000	1.000000	229.000000	585.000000	1.000000	531.000000	1301.000000	267.000000	1.000000	171.000000	691.000000	1699.000000	421.000000	1.000000	1.000000	1.000000	1.000000	435.000000	430.000000	1.000000
447.000000	1007.000000	955.000000	1.000000	614.000000	783.000000	1109.000000	1955.000000	1281.000000	229.000000	1.000000	373.000000	2014.000000	987.000000	1.000000	1.000000	595.000000	1.000000	483.000000	1.000000	430.000000
443.000000	443.000000	1153.000000	169.000000	151.000000	414.000000	1.000000	514.000000	901.000000	219.000000	1.000000	147.000000	1443.000000	807.000000	180.000000	1.000000	1.000000	271.000000	625.000000	800.000000	435.000000
1011.000000	257.000000	277.000000	557.000000	329.000000	537.000000	256.000000	1.000000	1.000000	119.000000	275.000000	1.000000	599.000000	960.000000	572.000000	1.000000	1.000000	175.000000	1.000000	1.000000	966.000000
676.000000	1283.000000	127.000000	371.000000	173.000000	748.000000	733.000000	1.000000	1.000000	167.000000	429.000000	1.000000	163.000000	956.000000	666.000000	1.000000	1.000000	265.000000	1.000000	1.000000	1.000000
736.000000	1433.000000	1.000000	479.000000	653.000000	1144.000000	173.000000	314.000000	506.000000	1.000000	439.000000	1.000000	1.000000	1.000000	853.000000	219.000000	1.000000	503.000000	737.000000	980.000000	1.000000
1069.000000	683.000000	179.000000	219.000000	645.000000	271.000000	1.000000	1.000000	475.000000	325.000000	1.000000	1.000000	1.000000	198.000000	125.000000	589.000000	233.000000	210.000000	1032.000000	443.000000	455.000000
313.000000	743.000000	355.000000	1.000000	1.000000	345.000000	574.000000	1.000000	271.000000	228.000000	271.000000	369.000000	1.000000	1.000000	1.000000	313.000000	381.000000	333.000000	1239.000000	377.000000	445.000000
260.000000	225.000000	231.000000	159.000000	1.000000	465.000000	682.000000	626.000000	193.000000	1.000000	1.000000	1.000000	285.000000	1.000000	1.000000	1.000000	1.000000	421.000000	686.000000	1.000000	835.000000
219.000000	425.000000	1.000000	1.000000	1.000000	253.000000	1041.000000	1678.000000	687.000000	294.000000	1.000000	833.000000	329.000000	867.000000	842.000000	1.000000	303.000000	361.000000	373.000000	1.000000	457.000000
305.000000	286.000000	1.000000	203.000000	571.000000	1.000000	1.000000	1222.000000	1691.000000	1213.000000	544.000000	1.000000	1019.000000	757.000000	721.000000	1.000000	1.000000	1061.000000	384.000000	1.000000	121.000000
272.000000	723.000000	1.000000	173.000000	413.000000	711.000000	1.000000	1.000000	731.000000	735.000000	890.000000	1.000000	1.000000	1.000000	1.000000	1.000000	1.000000	603.000000	425.000000	1.000000	1.000000
1.000000	279.000000	373.000000	380.000000	258.000000	775.000000	381.000000	1.000000	204.000000	1145.000000	1188.000000	545.000000	380.000000	1.000000	1.000000	1.000000	1.000000	1397.000000	1024.000000	822.000000	1.000000
273.000000	1.000000	333.000000	521.000000	572.000000	592.000000	1134.000000	379.000000	1.000000	342.000000	519.000000	495.000000	1.000000	151.000000	614.000000	1.000000	1.000000	1.000000	1346.000000	635.000000	223.000000
1.000000	1.000000	1.000000	575.000000	1028.000000	655.000000	531.000000	789.000000	1.000000	1.000000	1.000000	1.000000	1.000000	1.000000	1.000000	359.000000	1.000000	383.000000	1063.000000	403.000000	677.000000
1.000000	1.000000	1.000000	1.000000	631.000000	1082.000000	701.000000	834.000000	417.000000	1.000000	1.000000	1.000000	1.000000	1.000000	1.000000	1.000000	295.000000	385.000000	535.000000	673.000000	656.000000
135.000000	1.000000	1.000000	1.000000	1.000000	467.000000	764.000000	656.000000	510.000000	1.000000	1.000000	205.000000	161.000000	1.000000	1.000000	1.000000	1.000000	381.000000	309.000000	151.000000	1.000000
