21 25 0
1.000000	325.000000	487.000000	1.000000	1.000000	1.000000	1.000000	501.000000	1.000000	338.000000	185.000000	445.000000	755.000000	715.000000	578.000000	310.000000	510.000000	947.000000	797.000000	295.000000	692.000000
257.000000	1.000000	335.000000	1.000000	1.000000	131.000000	143.000000	143.000000	165.000000	139.000000	137.000000	1.000000	398.000000	698.000000	712.000000	519.000000	492.000000	477.000000	338.000000	441.000000	617.000000
1.000000	1.000000	1.000000	1.000000	1.000000	1.000000	1.000000	127.000000	167.000000	1.000000	1.000000	325.000000	187.000000	64.000000	1.000000	448.000000	589.000000	578.000000	345.000000	1.000000	1.000000
1.000000	193.000000	963.000000	1.000000	1.000000	349.000000	355.000000	1.000000	1.000000	1.000000	1.000000	1.000000	1.000000	1.000000	1.000000	1.000000	165.000000	318.000000	851.000000	1.000000	125.000000
327.000000	661.000000	993.000000	965.000000	1.000000	511.000000	723.000000	897.000000	395.000000	285.000000	1.000000	1.000000	1.000000	1.000000	1067.000000	1.000000	1.000000	475.000000	1.000000	1.000000	137.000000
367.000000	208.000000	807.000000	473.000000	253.000000	1.000000	270.000000	692.000000	1195.000000	1143.000000	1.000000	1.000000	384.000000	169.000000	643.000000	1459.000000	1317.000000	1336.000000	182.000000	1.000000	1.000000
1575.000000	219.000000	1037.000000	435.000000	379.000000	1.000000	1.000000	1.000000	1.000000	607.000000	1.000000	1.000000	1.000000	1.000000	1.000000	1.000000	289.000000	1173.000000	1167.000000	427.000000	253.000000
1551.000000	495.000000	670.000000	437.000000	1.000000	201.000000	1.000000	1.000000	876.000000	1415.000000	273.000000	1.000000	1.000000	1.000000	1.000000	955.000000	1.000000	1.000000	1.000000	1.000000	581.000000
287.000000	505.000000	610.000000	349.000000	1.000000	1.000000	1.000000	1.000000	565.000000	1173.000000	2485.000000	273.000000	1.000000	963.000000	271.000000	481.000000	1768.000000	489.000000	1.000000	1.000000	1.000000
433.000000	493.000000	397.000000	583.000000	1.000000	1.000000	1.000000	1.000000	1.000000	231.000000	1252.000000	295.000000	1.000000	1.000000	653.000000	1.000000	431.000000	267.000000	361.000000	1.000000	1.000000
1.000000	826.000000	1.000000	257.000000	247.000000	241.000000	1076.000000	1.000000	1.000000	1.000000	660.000000	641.000000	1.000000	1.000000	231.000000	124.000000	1.000000	1.000000	127.000000	1149.000000	1.000000
1.000000	903.000000	662.000000	1.000000	127.000000	1.000000	185.000000	223.000000	1.000000	1.000000	147.000000	409.000000	1.000000	1.000000	623.000000	1269.000000	771.000000	1.000000	471.000000	985.000000	986.000000
1.000000	317.000000	1271.000000	689.000000	1.000000	1.000000	191.000000	1.000000	361.000000	1029.000000	436.000000	355.000000	1.000000	1.000000	1.000000	415.000000	687.000000	479.000000	793.000000	957.000000	986.000000
633.000000	535.000000	353.000000	1368.000000	603.000000	1.000000	1.000000	1.000000	441.000000	624.000000	779.000000	773.000000	1085.000000	1.000000	1.000000	1.000000	417.000000	467.000000	1.000000	1.000000	487.000000
367.000000	576.000000	461.000000	970.000000	1107.000000	1.000000	1.000000	221.000000	1.000000	1153.000000	315.000000	1.000000	925.000000	1164.000000	596.000000	1.000000	1.000000	1.000000	1.000000	375.000000	481.000000
1.000000	1.000000	241.000000	1122.000000	1093.000000	1.000000	273.000000	285.000000	527.000000	1.000000	1.000000	1.000000	1.000000	379.000000	1544.000000	1596.000000	337.000000	499.000000	459.000000	336.000000	324.000000
755.000000	619.000000	528.000000	303.000000	587.000000	253.000000	1.000000	475.000000	719.000000	1.000000	1.000000	1.000000	1.000000	1.000000	379.000000	1418.000000	846.000000	1.000000	349.000000	461.000000	1.000000
1.000000	673.000000	557.000000	439.000000	385.000000	934.000000	296.000000	1.000000	1.000000	1.000000	189.000000	239.000000	407.000000	1.000000	1.000000	399.000000	519.000000	1.000000	1.000000	413.000000	1.000000
1.000000	127.000000	655.000000	814.000000	179.000000	560.000000	1121.000000	629.000000	1.000000	1.000000	192.000000	733.000000	490.000000	770.000000	1.000000	211.000000	237.000000	1.000000	215.000000	335.000000	384.000000
1.000000	377.000000	477.000000	1430.000000	247.000000	212.000000	1748.000000	1417.000000	354.000000	1.000000	1.000000	609.000000	1173.000000	372.000000	1.000000	171.000000	221.000000	1.000000	191.000000	507.000000	727.000000
481.000000	393.000000	230.000000	591.000000	675.000000	173.000000	770.000000	2120.000000	976.000000	368.000000	1.000000	1.000000	1.000000	1.000000	292.000000	293.000000	143.000000	1.000000	1.000000	1.000000	490.000000
375.000000	501.000000	477.000000	327.000000	511.000000	637.000000	797.000000	1554.000000	1038.000000	612.000000	417.000000	267.000000	1.000000	1.000000	237.000000	555.000000	476.000000	1.000000	173.000000	117.000000	307.000000
335.000000	1.000000	955.000000	742.000000	253.000000	713.000000	365.000000	1131.000000	982.000000	1130.000000	457.000000	623.000000	215.000000	1.000000	1.000000	615.000000	1.000000	1.000000	161.000000	303.000000	269.000000
1.000000	1.000000	457.000000	416.000000	314.000000	1.000000	1.000000	419.000000	908.000000	682.000000	814.000000	159.000000	1.000000	1.000000	1.000000	297.000000	1.000000	1.000000	165.000000	1.000000	1.000000
1.000000	351.000000	225.000000	315.000000	570.000000	261.000000	1.000000	1.000000	201.000000	259.000000	1.000000	1.000000	1.000000	1.000000	1.000000	307.000000	1.000000	1.000000	1.000000	1.000000	1.000000
