21 25 0
1.000000	1.000000	177.000000	489.000000	221.000000	755.000000	589.000000	404.000000	410.000000	219.000000	215.000000	171.000000	1.000000	1.000000	1.000000	1.000000	261.000000	793.000000	706.000000	177.000000	1.000000
1.000000	149.000000	1.000000	161.000000	347.000000	344.000000	584.000000	398.000000	399.000000	385.000000	272.000000	358.000000	405.000000	407.000000	368.000000	184.000000	396.000000	401.000000	199.000000	225.000000	1.000000
1.000000	297.000000	171.000000	555.000000	645.000000	925.000000	329.000000	347.000000	383.000000	1.000000	1.000000	211.000000	209.000000	183.000000	227.000000	159.000000	1.000000	1.000000	473.000000	1537.000000	918.000000
415.000000	415.000000	1.000000	117.000000	798.000000	1188.000000	1497.000000	1797.000000	1633.000000	1412.000000	841.000000	862.000000	918.000000	1049.000000	1866.000000	2205.000000	1179.000000	559.000000	179.000000	1.000000	1.000000
245.000000	1.000000	1.000000	123.000000	213.000000	225.000000	207.000000	205.000000	161.000000	977.000000	947.000000	1409.000000	1210.000000	1288.000000	1015.000000	1192.000000	1308.000000	1034.000000	975.000000	629.000000	181.000000
330.000000	619.000000	1.000000	153.000000	487.000000	1249.000000	1752.000000	1131.000000	261.000000	1.000000	1.000000	159.000000	159.000000	1.000000	1.000000	447.000000	1.000000	1.000000	1.000000	1.000000	1.000000
147.000000	1017.000000	1453.000000	451.000000	2034.000000	2636.000000	1631.000000	1089.000000	493.000000	829.000000	1418.000000	715.000000	649.000000	781.000000	1844.000000	1369.000000	1610.000000	649.000000	1.000000	1.000000	1.000000
279.000000	1.000000	1.000000	295.000000	963.000000	477.000000	423.000000	1.000000	185.000000	199.000000	554.000000	92.000000	1.000000	113.000000	381.000000	187.000000	684.000000	832.000000	803.000000	221.000000	493.000000
965.000000	963.000000	239.000000	1.000000	255.000000	367.000000	1217.000000	1613.000000	675.000000	335.000000	1.000000	1.000000	1.000000	1.000000	423.000000	485.000000	1.000000	1.000000	1.000000	289.000000	655.000000
1.000000	499.000000	936.000000	1.000000	416.000000	707.000000	1335.000000	1953.000000	1863.000000	1131.000000	533.000000	894.000000	1029.000000	1053.000000	1744.000000	1781.000000	1191.000000	703.000000	1.000000	1.000000	1134.000000
957.000000	443.000000	939.000000	1.000000	152.000000	174.000000	452.000000	662.000000	385.000000	215.000000	215.000000	1.000000	337.000000	1320.000000	666.000000	215.000000	221.000000	1.000000	1.000000	485.000000	1.000000
1.000000	1.000000	195.000000	563.000000	729.000000	253.000000	1.000000	177.000000	1.000000	494.000000	1307.000000	741.000000	185.000000	447.000000	505.000000	386.000000	1.000000	1.000000	385.000000	491.000000	1353.000000
503.000000	969.000000	1.000000	1.000000	1.000000	1.000000	1.000000	673.000000	725.000000	735.000000	461.000000	661.000000	766.000000	690.000000	412.000000	191.000000	398.000000	1.000000	1.000000	1.000000	493.000000
823.000000	327.000000	425.000000	1.000000	354.000000	646.000000	668.000000	930.000000	1.000000	343.000000	343.000000	1.000000	1.000000	151.000000	1163.000000	855.000000	225.000000	1.000000	469.000000	1446.000000	1.000000
557.000000	489.000000	317.000000	1.000000	461.000000	554.000000	1.000000	1.000000	1.000000	443.000000	443.000000	477.000000	740.000000	554.000000	219.000000	649.000000	513.000000	171.000000	457.000000	877.000000	624.000000
241.000000	587.000000	357.000000	165.000000	131.000000	1.000000	1.000000	1.000000	1649.000000	1626.000000	1547.000000	1489.000000	711.000000	399.000000	1.000000	1.000000	113.000000	1.000000	1.000000	477.000000	1.000000
415.000000	1.000000	1.000000	1.000000	1.000000	191.000000	896.000000	333.000000	187.000000	1.000000	359.000000	1.000000	1.000000	1.000000	232.000000	1.000000	1.000000	1.000000	1.000000	541.000000	1125.000000
831.000000	385.000000	1.000000	1.000000	219.000000	219.000000	941.000000	1574.000000	1208.000000	803.000000	837.000000	1418.000000	1690.000000	2095.000000	1841.000000	668.000000	167.000000	191.000000	331.000000	287.000000	815.000000
603.000000	127.000000	1.000000	1.000000	139.000000	139.000000	758.000000	1597.000000	1722.000000	1569.000000	1273.000000	1169.000000	1407.000000	1629.000000	1144.000000	137.000000	1.000000	1.000000	1.000000	1.000000	121.000000
1.000000	1.000000	401.000000	401.000000	1.000000	1.000000	1.000000	1.000000	1.000000	1.000000	382.000000	352.000000	140.000000	1.000000	1.000000	1.000000	1.000000	1.000000	1.000000	1.000000	129.000000
1.000000	1.000000	218.000000	152.000000	1.000000	300.000000	376.000000	1.000000	765.000000	1268.000000	1856.000000	2027.000000	1099.000000	432.000000	1.000000	1.000000	165.000000	569.000000	1249.000000	687.000000	1.000000
1.000000	1.000000	257.000000	297.000000	253.000000	307.000000	213.000000	1.000000	172.000000	351.000000	343.000000	294.000000	123.000000	1.000000	278.000000	1.000000	173.000000	1.000000	304.000000	487.000000	300.000000
1.000000	1.000000	1.000000	1.000000	1.000000	1.000000	1.000000	299.000000	147.000000	357.000000	189.000000	1.000000	1.000000	1.000000	255.000000	845.000000	959.000000	337.000000	1.000000	1.000000	175.000000
1.000000	1.000000	1.000000	1.000000	1.000000	175.000000	610.000000	524.000000	189.000000	1.000000	1.000000	1.000000	1.000000	309.000000	915.000000	1219.000000	309.000000	1.000000	385.000000	119.000000	422.000000
144.000000	1.000000	1.000000	1.000000	1.000000	215.000000	537.000000	811.000000	782.000000	161.000000	1.000000	171.000000	213.000000	955.000000	867.000000	239.000000	1.000000	1.000000	1.000000	127.000000	160.000000
