21 25 0
1156.000000	767.000000	379.000000	405.000000	245.000000	1053.000000	549.000000	1.000000	289.000000	294.000000	1.000000	1.000000	1.000000	190.000000	1.000000	1.000000	603.000000	687.000000	1439.000000	725.000000	801.000000
1005.000000	1162.000000	217.000000	625.000000	567.000000	759.000000	477.000000	183.000000	294.000000	471.000000	521.000000	672.000000	1.000000	1.000000	1.000000	151.000000	179.000000	475.000000	1101.000000	1275.000000	783.000000
630.000000	1158.000000	217.000000	557.000000	1262.000000	284.000000	495.000000	165.000000	416.000000	520.000000	461.000000	671.000000	1.000000	1.000000	247.000000	187.000000	175.000000	175.000000	925.000000	1824.000000	1175.000000
397.000000	1141.000000	583.000000	249.000000	1167.000000	72.000000	469.000000	183.000000	379.000000	434.000000	373.000000	711.000000	1.000000	1.000000	338.000000	175.000000	1.000000	1.000000	877.000000	1319.000000	2119.000000
745.000000	1094.000000	867.000000	378.000000	1723.000000	1.000000	469.000000	1.000000	155.000000	1.000000	1.000000	688.000000	1.000000	1.000000	203.000000	1.000000	1.000000	1.000000	843.000000	1131.000000	1904.000000
1042.000000	1167.000000	907.000000	675.000000	1997.000000	1.000000	471.000000	1.000000	1.000000	183.000000	1.000000	129.000000	1.000000	393.000000	361.000000	1.000000	1.000000	1.000000	721.000000	2108.000000	1881.000000
726.000000	1195.000000	1957.000000	729.000000	801.000000	509.000000	874.000000	501.000000	1.000000	183.000000	1.000000	584.000000	774.000000	1432.000000	361.000000	1.000000	1.000000	1.000000	615.000000	1783.000000	1261.000000
837.000000	1207.000000	1507.000000	847.000000	1023.000000	509.000000	1811.000000	910.000000	1.000000	1.000000	1.000000	936.000000	1781.000000	1822.000000	1.000000	1.000000	1.000000	347.000000	463.000000	1873.000000	469.000000
967.000000	1431.000000	1211.000000	378.000000	1697.000000	501.000000	1721.000000	1073.000000	321.000000	1.000000	1.000000	1367.000000	2760.000000	1301.000000	1.000000	255.000000	1.000000	347.000000	481.000000	1985.000000	459.000000
588.000000	1550.000000	951.000000	391.000000	1694.000000	433.000000	1.000000	1148.000000	495.000000	170.000000	1.000000	813.000000	2278.000000	875.000000	511.000000	1.000000	1.000000	615.000000	1545.000000	1601.000000	473.000000
652.000000	1059.000000	1127.000000	356.000000	630.000000	454.000000	1.000000	542.000000	705.000000	367.000000	229.000000	556.000000	1708.000000	954.000000	1.000000	1.000000	223.000000	615.000000	1828.000000	477.000000	271.000000
863.000000	922.000000	691.000000	166.000000	123.000000	127.000000	774.000000	404.000000	185.000000	591.000000	1.000000	257.000000	897.000000	1111.000000	216.000000	1.000000	1.000000	615.000000	1629.000000	477.000000	1.000000
1008.000000	1257.000000	155.000000	588.000000	468.000000	960.000000	746.000000	243.000000	287.000000	403.000000	431.000000	1147.000000	373.000000	581.000000	135.000000	1.000000	1.000000	1095.000000	1390.000000	437.000000	577.000000
651.000000	1931.000000	180.000000	537.000000	472.000000	1251.000000	1027.000000	1.000000	1225.000000	361.000000	595.000000	1612.000000	1.000000	201.000000	551.000000	209.000000	1.000000	1231.000000	1190.000000	481.000000	1.000000
811.000000	807.000000	434.000000	221.000000	647.000000	914.000000	1021.000000	137.000000	942.000000	1.000000	443.000000	1292.000000	229.000000	127.000000	782.000000	167.000000	1.000000	1262.000000	1340.000000	549.000000	879.000000
581.000000	628.000000	213.000000	555.000000	257.000000	1074.000000	1362.000000	257.000000	275.000000	1.000000	343.000000	441.000000	1.000000	1141.000000	372.000000	1.000000	295.000000	1451.000000	1786.000000	1.000000	373.000000
467.000000	743.000000	1.000000	163.000000	135.000000	806.000000	897.000000	574.000000	275.000000	433.000000	1.000000	441.000000	371.000000	516.000000	195.000000	1.000000	921.000000	1969.000000	1558.000000	1.000000	437.000000
136.000000	1001.000000	1.000000	483.000000	833.000000	551.000000	301.000000	486.000000	900.000000	1210.000000	1.000000	443.000000	1.000000	255.000000	196.000000	233.000000	839.000000	1700.000000	1744.000000	1.000000	961.000000
477.000000	1704.000000	1.000000	563.000000	939.000000	1050.000000	1.000000	1.000000	1259.000000	1037.000000	622.000000	1.000000	1.000000	333.000000	853.000000	1111.000000	741.000000	1194.000000	1758.000000	1.000000	405.000000
330.000000	2064.000000	1.000000	225.000000	1136.000000	1328.000000	1.000000	1.000000	1132.000000	1714.000000	949.000000	1.000000	1.000000	491.000000	1131.000000	1378.000000	547.000000	976.000000	1553.000000	1.000000	405.000000
673.000000	1318.000000	279.000000	393.000000	876.000000	1065.000000	782.000000	1.000000	628.000000	761.000000	211.000000	1.000000	1.000000	778.000000	1445.000000	655.000000	431.000000	983.000000	1477.000000	1.000000	485.000000
1117.000000	653.000000	375.000000	1219.000000	779.000000	684.000000	1230.000000	1.000000	1.000000	573.000000	1.000000	741.000000	288.000000	1536.000000	1710.000000	303.000000	1.000000	1029.000000	1458.000000	399.000000	493.000000
1194.000000	297.000000	1.000000	723.000000	1129.000000	792.000000	1062.000000	419.000000	195.000000	171.000000	1.000000	461.000000	587.000000	1561.000000	1487.000000	303.000000	1.000000	1225.000000	535.000000	875.000000	401.000000
129.000000	425.000000	139.000000	347.000000	783.000000	1141.000000	627.000000	227.000000	195.000000	171.000000	1.000000	199.000000	253.000000	1047.000000	1.000000	1.000000	280.000000	1731.000000	557.000000	709.000000	401.000000
217.000000	455.000000	340.000000	113.000000	369.000000	443.000000	828.000000	1.000000	185.000000	1.000000	1.000000	313.000000	253.000000	1.000000	1.000000	1.000000	796.000000	1082.000000	313.000000	284.000000	1.000000
