21 25 0
1.000000	229.000000	1066.000000	1499.000000	1656.000000	1313.000000	1323.000000	1277.000000	912.000000	672.000000	191.000000	408.000000	321.000000	130.000000	252.000000	258.000000	654.000000	1036.000000	712.000000	474.000000	1.000000
249.000000	563.000000	777.000000	726.000000	823.000000	596.000000	199.000000	1.000000	344.000000	744.000000	603.000000	902.000000	851.000000	704.000000	163.000000	1.000000	190.000000	653.000000	628.000000	203.000000	1.000000
1.000000	1.000000	1.000000	1.000000	1.000000	193.000000	250.000000	441.000000	705.000000	782.000000	1140.000000	1776.000000	2039.000000	1543.000000	1075.000000	767.000000	277.000000	519.000000	187.000000	1.000000	1.000000
1.000000	1.000000	197.000000	414.000000	510.000000	850.000000	1658.000000	1597.000000	1419.000000	1378.000000	997.000000	709.000000	737.000000	1061.000000	1492.000000	1482.000000	2091.000000	1546.000000	343.000000	1145.000000	1320.000000
1.000000	419.000000	419.000000	1.000000	335.000000	747.000000	1053.000000	817.000000	612.000000	1.000000	1.000000	1.000000	1.000000	1.000000	1.000000	1.000000	1.000000	1.000000	403.000000	388.000000	375.000000
1.000000	1.000000	1.000000	1.000000	1.000000	1.000000	383.000000	1.000000	1.000000	1.000000	1.000000	171.000000	1.000000	1.000000	1.000000	1.000000	1.000000	1.000000	1.000000	1.000000	1.000000
1.000000	259.000000	258.000000	206.000000	423.000000	1100.000000	169.000000	1.000000	1.000000	1.000000	266.000000	684.000000	548.000000	152.000000	1.000000	493.000000	143.000000	830.000000	1430.000000	481.000000	481.000000
1144.000000	913.000000	1.000000	1.000000	1.000000	1.000000	1.000000	1.000000	1.000000	167.000000	363.000000	709.000000	321.000000	1.000000	185.000000	288.000000	1.000000	1.000000	1.000000	1078.000000	559.000000
1.000000	502.000000	1599.000000	1559.000000	871.000000	607.000000	687.000000	395.000000	1.000000	1.000000	1.000000	1.000000	531.000000	141.000000	379.000000	2053.000000	1414.000000	1405.000000	872.000000	242.000000	242.000000
1.000000	1.000000	1.000000	835.000000	1173.000000	1959.000000	2843.000000	2126.000000	883.000000	344.000000	293.000000	210.000000	874.000000	1036.000000	1109.000000	1947.000000	1689.000000	798.000000	1.000000	1.000000	896.000000
1.000000	310.000000	309.000000	207.000000	463.000000	414.000000	878.000000	1574.000000	472.000000	1.000000	197.000000	411.000000	1360.000000	2232.000000	2510.000000	1854.000000	799.000000	193.000000	234.000000	453.000000	1.000000
1.000000	1.000000	727.000000	1471.000000	1187.000000	1482.000000	648.000000	259.000000	237.000000	893.000000	693.000000	505.000000	1.000000	282.000000	495.000000	215.000000	1.000000	1.000000	1.000000	174.000000	556.000000
1.000000	1.000000	1.000000	1.000000	1.000000	1.000000	191.000000	1.000000	616.000000	870.000000	359.000000	1.000000	153.000000	299.000000	1.000000	1.000000	207.000000	754.000000	1.000000	1.000000	1.000000
1.000000	1.000000	1.000000	1.000000	1.000000	169.000000	332.000000	334.000000	1.000000	1.000000	1.000000	1.000000	159.000000	1255.000000	1036.000000	1082.000000	874.000000	158.000000	1.000000	1.000000	1.000000
161.000000	1.000000	1.000000	1.000000	1.000000	1.000000	1.000000	1.000000	1.000000	1.000000	1.000000	1.000000	1.000000	1.000000	1.000000	1.000000	1.000000	341.000000	1024.000000	807.000000	341.000000
1.000000	1.000000	1.000000	1.000000	1.000000	658.000000	357.000000	1.000000	518.000000	1392.000000	1538.000000	2134.000000	1006.000000	192.000000	1.000000	1.000000	329.000000	1.000000	1.000000	1.000000	167.000000
1.000000	1.000000	1.000000	209.000000	812.000000	1671.000000	1997.000000	2781.000000	3162.000000	1970.000000	1561.000000	3474.000000	3548.000000	3409.000000	3319.000000	2803.000000	1713.000000	1.000000	1.000000	1.000000	1.000000
1.000000	1.000000	197.000000	1.000000	1.000000	679.000000	1392.000000	2470.000000	1603.000000	1.000000	1.000000	331.000000	839.000000	2032.000000	2077.000000	1944.000000	1680.000000	1086.000000	881.000000	1.000000	1.000000
1.000000	179.000000	1.000000	1.000000	1.000000	1.000000	1.000000	1.000000	1.000000	1.000000	1.000000	1.000000	1.000000	1.000000	1.000000	1.000000	1.000000	1.000000	1.000000	1.000000	1.000000
1.000000	171.000000	215.000000	215.000000	1.000000	1.000000	1.000000	1.000000	1.000000	226.000000	1188.000000	1266.000000	524.000000	193.000000	1.000000	1.000000	1.000000	403.000000	403.000000	1.000000	203.000000
1.000000	355.000000	1452.000000	1834.000000	1614.000000	779.000000	262.000000	1.000000	1.000000	379.000000	2287.000000	2397.000000	1.000000	1.000000	1.000000	1.000000	223.000000	1.000000	1.000000	181.000000	214.000000
337.000000	495.000000	717.000000	977.000000	1104.000000	1345.000000	1039.000000	1.000000	1.000000	1.000000	1.000000	1.000000	1.000000	1.000000	1.000000	567.000000	1164.000000	541.000000	1.000000	163.000000	1.000000
1.000000	1.000000	1.000000	1.000000	1.000000	205.000000	203.000000	1.000000	1.000000	1.000000	1.000000	1.000000	1.000000	1.000000	1.000000	1.000000	1.000000	163.000000	1.000000	163.000000	1.000000
1.000000	1.000000	1.000000	1.000000	1.000000	1.000000	1.000000	1.000000	1.000000	1.000000	1.000000	1.000000	1.000000	1.000000	1.000000	1.000000	1.000000	1.000000	1.000000	1.000000	1.000000
1.000000	1.000000	1.000000	1.000000	1.000000	1.000000	1.000000	1.000000	1.000000	1.000000	1.000000	1.000000	1.000000	1.000000	1.000000	1.000000	1.000000	1.000000	1.000000	1.000000	1.000000
