21 25 0
150.000000	1.000000	390.000000	1.000000	1.000000	1.000000	1.000000	1.000000	157.000000	157.000000	1.000000	209.000000	575.000000	1316.000000	1755.000000	1011.000000	1.000000	1.000000	1.000000	413.000000	346.000000
311.000000	1.000000	1.000000	365.000000	371.000000	311.000000	509.000000	1051.000000	185.000000	1.000000	1.000000	487.000000	914.000000	967.000000	1283.000000	1071.000000	643.000000	1.000000	1.000000	539.000000	1157.000000
1.000000	385.000000	590.000000	1118.000000	692.000000	317.000000	489.000000	406.000000	1.000000	1.000000	175.000000	175.000000	199.000000	1.000000	1.000000	1.000000	1.000000	1.000000	1.000000	1.000000	1.000000
1.000000	417.000000	417.000000	173.000000	171.000000	1.000000	1.000000	1.000000	1.000000	160.000000	160.000000	171.000000	1.000000	1.000000	1.000000	188.000000	164.000000	1.000000	1.000000	1.000000	165.000000
143.000000	1.000000	1.000000	809.000000	913.000000	849.000000	875.000000	669.000000	614.000000	391.000000	839.000000	942.000000	1212.000000	1577.000000	1920.000000	2389.000000	2070.000000	1926.000000	1520.000000	518.000000	321.000000
1.000000	369.000000	374.000000	1245.000000	1175.000000	1372.000000	1434.000000	1416.000000	1241.000000	880.000000	1605.000000	1330.000000	1652.000000	1753.000000	1660.000000	1329.000000	1309.000000	1007.000000	964.000000	1266.000000	945.000000
1.000000	1.000000	354.000000	1.000000	156.000000	408.000000	1006.000000	1406.000000	1549.000000	475.000000	1.000000	419.000000	817.000000	962.000000	1056.000000	902.000000	329.000000	221.000000	406.000000	405.000000	1.000000
1.000000	1.000000	1.000000	455.000000	1096.000000	1725.000000	2939.000000	1985.000000	1095.000000	1.000000	1.000000	383.000000	518.000000	319.000000	1305.000000	2301.000000	2112.000000	1245.000000	1.000000	1.000000	1.000000
1.000000	1.000000	1.000000	1.000000	689.000000	791.000000	397.000000	443.000000	369.000000	1.000000	1.000000	821.000000	801.000000	254.000000	141.000000	141.000000	1.000000	1.000000	487.000000	235.000000	279.000000
507.000000	740.000000	429.000000	427.000000	1.000000	1.000000	1.000000	1.000000	1.000000	183.000000	1.000000	1.000000	1.000000	1.000000	1.000000	1.000000	189.000000	1.000000	483.000000	988.000000	607.000000
1.000000	759.000000	1326.000000	876.000000	1.000000	1.000000	1.000000	1.000000	1.000000	1.000000	339.000000	1.000000	1.000000	1.000000	1.000000	1.000000	218.000000	698.000000	1.000000	1.000000	1.000000
1.000000	1.000000	1.000000	161.000000	201.000000	161.000000	149.000000	502.000000	1.000000	1.000000	1.000000	1.000000	245.000000	495.000000	849.000000	175.000000	617.000000	347.000000	1.000000	1.000000	213.000000
573.000000	679.000000	478.000000	985.000000	509.000000	1.000000	143.000000	1.000000	1.000000	1.000000	1.000000	1.000000	214.000000	214.000000	840.000000	935.000000	627.000000	355.000000	183.000000	515.000000	884.000000
1.000000	1450.000000	1.000000	479.000000	477.000000	272.000000	693.000000	516.000000	1146.000000	1685.000000	1631.000000	1791.000000	1644.000000	199.000000	1.000000	719.000000	616.000000	609.000000	191.000000	181.000000	223.000000
1.000000	1.000000	1.000000	1.000000	773.000000	1692.000000	1857.000000	1746.000000	2803.000000	2486.000000	1800.000000	2450.000000	2714.000000	2254.000000	2168.000000	1433.000000	233.000000	1.000000	1.000000	1.000000	1.000000
391.000000	389.000000	1.000000	1.000000	403.000000	639.000000	1330.000000	1248.000000	1.000000	1.000000	1.000000	1.000000	322.000000	1445.000000	2189.000000	2256.000000	1747.000000	938.000000	1.000000	1.000000	1.000000
1.000000	1.000000	1.000000	1.000000	423.000000	423.000000	1.000000	1.000000	1.000000	1.000000	1.000000	1.000000	1.000000	1.000000	1.000000	1.000000	1.000000	1.000000	184.000000	236.000000	471.000000
1.000000	1.000000	1304.000000	945.000000	1.000000	1.000000	231.000000	1.000000	1.000000	1.000000	1512.000000	1124.000000	1.000000	1.000000	1.000000	1.000000	1.000000	1.000000	737.000000	1.000000	526.000000
1.000000	1.000000	499.000000	972.000000	1188.000000	1376.000000	1114.000000	1150.000000	941.000000	829.000000	3197.000000	3293.000000	1549.000000	1558.000000	2424.000000	1539.000000	936.000000	573.000000	573.000000	197.000000	367.000000
159.000000	339.000000	525.000000	1281.000000	1456.000000	2341.000000	2144.000000	2268.000000	1769.000000	1035.000000	732.000000	716.000000	1289.000000	1712.000000	1621.000000	2226.000000	1807.000000	1205.000000	587.000000	1.000000	171.000000
1.000000	1.000000	1.000000	1.000000	205.000000	223.000000	612.000000	1190.000000	1234.000000	1.000000	1.000000	1.000000	406.000000	850.000000	1572.000000	1252.000000	1333.000000	841.000000	1.000000	509.000000	507.000000
1.000000	1.000000	1.000000	1.000000	1.000000	1.000000	1.000000	293.000000	191.000000	187.000000	1190.000000	1367.000000	985.000000	770.000000	1.000000	1.000000	1.000000	1.000000	264.000000	223.000000	199.000000
1.000000	1.000000	1.000000	1.000000	1.000000	1.000000	1.000000	1.000000	1.000000	269.000000	295.000000	269.000000	1.000000	1.000000	1.000000	1.000000	1.000000	1.000000	1.000000	1.000000	1.000000
1.000000	1.000000	1.000000	1.000000	1.000000	1.000000	1.000000	1.000000	1.000000	1.000000	1.000000	1.000000	1.000000	1.000000	1.000000	1.000000	1.000000	1.000000	1.000000	1.000000	1.000000
1.000000	1.000000	1.000000	1.000000	1.000000	1.000000	1.000000	1.000000	1.000000	1.000000	1.000000	1.000000	1.000000	1.000000	1.000000	1.000000	1.000000	1.000000	1.000000	1.000000	1.000000
