21 25 0
482.000000	383.000000	493.000000	1.000000	1.000000	1.000000	1.000000	149.000000	157.000000	577.000000	1.000000	1.000000	1.000000	1.000000	342.000000	431.000000	486.000000	1.000000	1.000000	1.000000	658.000000
331.000000	197.000000	185.000000	667.000000	467.000000	154.000000	1.000000	748.000000	771.000000	1.000000	1.000000	1.000000	1.000000	1.000000	171.000000	299.000000	1.000000	231.000000	191.000000	423.000000	1127.000000
1.000000	332.000000	197.000000	929.000000	538.000000	149.000000	371.000000	339.000000	1.000000	1.000000	1.000000	1.000000	1.000000	1.000000	1.000000	1.000000	1.000000	214.000000	306.000000	1.000000	512.000000
143.000000	157.000000	1.000000	173.000000	334.000000	1.000000	1.000000	1.000000	1.000000	1.000000	1.000000	1.000000	1.000000	1.000000	1.000000	1.000000	1.000000	215.000000	170.000000	221.000000	1.000000
143.000000	1.000000	1.000000	340.000000	1.000000	1.000000	390.000000	1.000000	201.000000	75.000000	203.000000	1.000000	1.000000	296.000000	418.000000	445.000000	375.000000	177.000000	878.000000	807.000000	155.000000
1.000000	1.000000	681.000000	1101.000000	193.000000	295.000000	680.000000	607.000000	377.000000	1529.000000	822.000000	207.000000	508.000000	1498.000000	1773.000000	907.000000	1.000000	299.000000	1.000000	605.000000	1317.000000
1.000000	1.000000	379.000000	351.000000	1.000000	468.000000	269.000000	630.000000	1084.000000	1024.000000	1.000000	257.000000	912.000000	506.000000	1.000000	1.000000	1.000000	319.000000	1.000000	232.000000	1973.000000
1.000000	1.000000	373.000000	177.000000	220.000000	1175.000000	2256.000000	716.000000	1.000000	1.000000	1.000000	1209.000000	1211.000000	543.000000	751.000000	771.000000	603.000000	1.000000	477.000000	1007.000000	1.000000
1.000000	1.000000	425.000000	797.000000	968.000000	311.000000	495.000000	1.000000	1.000000	507.000000	424.000000	1283.000000	878.000000	523.000000	1.000000	241.000000	1.000000	1.000000	235.000000	735.000000	1.000000
1.000000	1.000000	1.000000	489.000000	1.000000	1.000000	1.000000	1.000000	507.000000	1.000000	375.000000	815.000000	446.000000	1.000000	1.000000	1.000000	1.000000	235.000000	798.000000	680.000000	1.000000
1.000000	643.000000	1.000000	72.000000	1.000000	1.000000	1.000000	1.000000	247.000000	1.000000	1.000000	1.000000	1.000000	1.000000	1.000000	1.000000	182.000000	921.000000	799.000000	252.000000	891.000000
1.000000	1.000000	1.000000	1.000000	1.000000	1.000000	1.000000	719.000000	1.000000	1.000000	1.000000	1.000000	1.000000	1.000000	1.000000	1.000000	1261.000000	720.000000	171.000000	497.000000	1827.000000
1.000000	1.000000	1.000000	1.000000	1.000000	1.000000	325.000000	653.000000	1.000000	1.000000	484.000000	1066.000000	325.000000	1.000000	1.000000	397.000000	770.000000	185.000000	379.000000	1428.000000	1165.000000
1.000000	1019.000000	1.000000	1.000000	1.000000	902.000000	355.000000	238.000000	710.000000	1.000000	1322.000000	2266.000000	327.000000	1.000000	1.000000	719.000000	1.000000	435.000000	711.000000	1432.000000	490.000000
1.000000	1.000000	1.000000	1.000000	999.000000	1552.000000	275.000000	2009.000000	2292.000000	1.000000	1336.000000	1638.000000	1.000000	429.000000	1567.000000	365.000000	1.000000	1.000000	433.000000	649.000000	413.000000
1.000000	1.000000	1.000000	1.000000	918.000000	750.000000	1374.000000	1726.000000	1.000000	1.000000	1.000000	1.000000	1.000000	1.000000	465.000000	1.000000	1.000000	1.000000	823.000000	402.000000	352.000000
521.000000	1.000000	1.000000	1.000000	1.000000	1.000000	1.000000	1.000000	1.000000	1.000000	1.000000	1.000000	1.000000	1.000000	1.000000	1.000000	1.000000	1.000000	1566.000000	237.000000	889.000000
534.000000	179.000000	1.000000	1.000000	1.000000	1.000000	1.000000	1.000000	1.000000	361.000000	732.000000	589.000000	1.000000	1.000000	1.000000	1.000000	1.000000	431.000000	1592.000000	1.000000	1175.000000
339.000000	1.000000	371.000000	850.000000	665.000000	705.000000	1.000000	1.000000	1438.000000	2004.000000	963.000000	1.000000	1.000000	208.000000	1700.000000	978.000000	1.000000	1108.000000	875.000000	531.000000	519.000000
332.000000	351.000000	525.000000	567.000000	838.000000	930.000000	1.000000	211.000000	2463.000000	2013.000000	417.000000	1.000000	1.000000	932.000000	1839.000000	737.000000	847.000000	702.000000	1141.000000	177.000000	509.000000
257.000000	1.000000	1.000000	259.000000	1253.000000	1.000000	255.000000	1.000000	195.000000	1.000000	1.000000	1.000000	174.000000	1565.000000	1857.000000	1309.000000	570.000000	1353.000000	449.000000	511.000000	639.000000
167.000000	1.000000	185.000000	640.000000	1.000000	255.000000	1.000000	293.000000	1.000000	1.000000	368.000000	366.000000	737.000000	2155.000000	928.000000	1.000000	1.000000	834.000000	1.000000	873.000000	475.000000
1.000000	1.000000	235.000000	1.000000	1.000000	1.000000	1.000000	1.000000	1.000000	295.000000	219.000000	1.000000	269.000000	1.000000	1.000000	1.000000	1.000000	1.000000	1.000000	1.000000	1.000000
1.000000	1.000000	1.000000	1.000000	1.000000	1.000000	1.000000	1.000000	1.000000	1.000000	1.000000	1.000000	1.000000	1.000000	1.000000	1.000000	1.000000	1.000000	1.000000	1.000000	1.000000
1.000000	1.000000	1.000000	1.000000	1.000000	1.000000	1.000000	1.000000	1.000000	1.000000	1.000000	1.000000	1.000000	1.000000	1.000000	1.000000	1.000000	1.000000	1.000000	1.000000	1.000000
