21 25 0
1.000000	249.000000	1118.000000	1648.000000	1505.000000	849.000000	1031.000000	1106.000000	1.000000	1.000000	1.000000	202.000000	246.000000	394.000000	1.000000	1.000000	1.000000	1.000000	519.000000	228.000000	1.000000
219.000000	611.000000	1513.000000	1324.000000	957.000000	204.000000	175.000000	1.000000	1.000000	169.000000	269.000000	272.000000	490.000000	516.000000	1.000000	1.000000	1.000000	365.000000	753.000000	1.000000	1.000000
1.000000	979.000000	777.000000	851.000000	486.000000	151.000000	1.000000	200.000000	390.000000	474.000000	390.000000	1177.000000	1665.000000	713.000000	215.000000	327.000000	193.000000	180.000000	1.000000	1.000000	1.000000
1.000000	505.000000	953.000000	1020.000000	195.000000	493.000000	329.000000	788.000000	570.000000	1.000000	202.000000	1000.000000	583.000000	185.000000	147.000000	1.000000	332.000000	249.000000	1.000000	1.000000	1.000000
353.000000	1406.000000	768.000000	367.000000	1.000000	153.000000	330.000000	183.000000	1.000000	1.000000	1.000000	1.000000	1.000000	1.000000	1.000000	1.000000	1.000000	1.000000	1.000000	1.000000	1.000000
568.000000	1651.000000	403.000000	829.000000	1.000000	1.000000	1.000000	1.000000	1.000000	1.000000	1.000000	1.000000	1.000000	1.000000	1.000000	1.000000	1.000000	1.000000	1.000000	487.000000	371.000000
836.000000	1068.000000	274.000000	1.000000	1.000000	1.000000	1.000000	1.000000	1.000000	1.000000	508.000000	677.000000	1.000000	1.000000	1.000000	1.000000	208.000000	303.000000	1.000000	1.000000	841.000000
1056.000000	167.000000	1.000000	1.000000	1.000000	1.000000	1.000000	1.000000	1.000000	602.000000	1343.000000	1.000000	1.000000	239.000000	239.000000	1.000000	914.000000	308.000000	881.000000	369.000000	781.000000
592.000000	247.000000	1.000000	1.000000	1.000000	1.000000	1.000000	455.000000	934.000000	1959.000000	1.000000	1.000000	367.000000	239.000000	1.000000	894.000000	1712.000000	2317.000000	1256.000000	1.000000	1.000000
1.000000	1.000000	1.000000	1.000000	201.000000	1.000000	564.000000	1081.000000	1913.000000	1559.000000	317.000000	1.000000	1.000000	196.000000	398.000000	2166.000000	2201.000000	1230.000000	1.000000	191.000000	897.000000
451.000000	1.000000	445.000000	1.000000	1.000000	1.000000	920.000000	721.000000	718.000000	277.000000	181.000000	1.000000	417.000000	1743.000000	1935.000000	1946.000000	1058.000000	188.000000	230.000000	861.000000	1.000000
1.000000	300.000000	373.000000	676.000000	654.000000	323.000000	191.000000	1.000000	270.000000	1204.000000	337.000000	1.000000	1.000000	1.000000	283.000000	215.000000	1.000000	168.000000	651.000000	217.000000	276.000000
1.000000	1.000000	571.000000	1.000000	565.000000	363.000000	1.000000	1.000000	659.000000	656.000000	1.000000	1.000000	1.000000	1.000000	1.000000	1.000000	1.000000	147.000000	1.000000	1.000000	1.000000
1.000000	1.000000	378.000000	1.000000	477.000000	1.000000	1.000000	1.000000	1.000000	1.000000	499.000000	1.000000	479.000000	1.000000	1.000000	1.000000	147.000000	155.000000	1.000000	1.000000	667.000000
1.000000	361.000000	893.000000	461.000000	1.000000	1.000000	1.000000	1.000000	1.000000	1.000000	1.000000	1.000000	141.000000	1.000000	1.000000	1.000000	1.000000	1.000000	190.000000	375.000000	952.000000
1.000000	1057.000000	461.000000	1.000000	430.000000	1.000000	1.000000	1.000000	313.000000	1488.000000	368.000000	1.000000	1.000000	1.000000	1.000000	1.000000	1268.000000	748.000000	169.000000	558.000000	425.000000
361.000000	1.000000	1.000000	430.000000	1.000000	713.000000	1254.000000	1608.000000	2661.000000	2322.000000	1.000000	1.000000	209.000000	1131.000000	1615.000000	1943.000000	1251.000000	621.000000	175.000000	720.000000	487.000000
1.000000	1.000000	1.000000	1.000000	339.000000	215.000000	1051.000000	1436.000000	1.000000	1.000000	1.000000	1.000000	421.000000	2290.000000	1245.000000	1.000000	1371.000000	1071.000000	786.000000	171.000000	1.000000
1.000000	203.000000	1.000000	1.000000	1.000000	1.000000	1.000000	1.000000	1.000000	1.000000	1.000000	1.000000	337.000000	522.000000	1.000000	1.000000	178.000000	588.000000	1.000000	1.000000	1.000000
1.000000	231.000000	1.000000	1297.000000	1.000000	1.000000	1.000000	1.000000	1.000000	1.000000	576.000000	1059.000000	831.000000	1.000000	1.000000	441.000000	1.000000	1.000000	198.000000	492.000000	606.000000
161.000000	327.000000	1299.000000	1164.000000	815.000000	351.000000	1.000000	1.000000	1.000000	201.000000	2012.000000	527.000000	1.000000	1.000000	1.000000	541.000000	531.000000	249.000000	475.000000	1246.000000	712.000000
551.000000	811.000000	1666.000000	912.000000	732.000000	1.000000	1.000000	214.000000	1.000000	495.000000	1.000000	1.000000	1.000000	1.000000	259.000000	828.000000	853.000000	926.000000	818.000000	520.000000	1.000000
339.000000	1.000000	1.000000	1.000000	1.000000	1.000000	1.000000	1.000000	1.000000	1.000000	1.000000	1.000000	1.000000	1.000000	485.000000	1.000000	1.000000	153.000000	1.000000	1.000000	1.000000
1.000000	1.000000	1.000000	1.000000	1.000000	1.000000	1.000000	1.000000	1.000000	1.000000	1.000000	1.000000	1.000000	1.000000	1.000000	1.000000	1.000000	1.000000	1.000000	1.000000	1.000000
1.000000	1.000000	1.000000	1.000000	1.000000	1.000000	1.000000	1.000000	1.000000	1.000000	1.000000	1.000000	1.000000	1.000000	1.000000	1.000000	1.000000	1.000000	1.000000	1.000000	1.000000
