21 25 0
648.000000	325.000000	536.000000	1.000000	1.000000	249.000000	1.000000	151.000000	653.000000	1119.000000	506.000000	203.000000	1.000000	1.000000	337.000000	584.000000	1219.000000	1541.000000	175.000000	263.000000	772.000000
929.000000	239.000000	247.000000	502.000000	296.000000	808.000000	164.000000	151.000000	934.000000	817.000000	187.000000	1.000000	1.000000	1.000000	1.000000	255.000000	340.000000	1169.000000	1271.000000	861.000000	863.000000
392.000000	358.000000	1.000000	953.000000	712.000000	1133.000000	342.000000	1.000000	322.000000	573.000000	1.000000	1.000000	1.000000	1.000000	1.000000	1.000000	1.000000	327.000000	1568.000000	1326.000000	925.000000
546.000000	319.000000	1.000000	656.000000	443.000000	822.000000	178.000000	1.000000	1.000000	1.000000	1.000000	1.000000	1.000000	1.000000	1.000000	1.000000	1.000000	1.000000	1906.000000	1342.000000	1114.000000
612.000000	1.000000	319.000000	1227.000000	374.000000	353.000000	1.000000	1.000000	1.000000	840.000000	1.000000	235.000000	1.000000	1.000000	1.000000	1.000000	1.000000	299.000000	1103.000000	2000.000000	1238.000000
1.000000	1.000000	788.000000	1260.000000	275.000000	394.000000	1.000000	1.000000	1.000000	1297.000000	361.000000	263.000000	377.000000	1.000000	411.000000	1.000000	1.000000	301.000000	819.000000	2042.000000	1027.000000
358.000000	1.000000	1427.000000	1033.000000	78.000000	475.000000	270.000000	1.000000	1.000000	473.000000	193.000000	715.000000	934.000000	197.000000	413.000000	1.000000	1.000000	1.000000	875.000000	2154.000000	1864.000000
358.000000	1.000000	1204.000000	456.000000	1.000000	1771.000000	990.000000	1.000000	1.000000	1.000000	401.000000	1465.000000	1993.000000	820.000000	1256.000000	1.000000	1.000000	1.000000	875.000000	1486.000000	1842.000000
1.000000	1.000000	829.000000	1873.000000	410.000000	771.000000	1234.000000	1.000000	1.000000	1.000000	1407.000000	1553.000000	1847.000000	1209.000000	409.000000	225.000000	1.000000	1.000000	392.000000	1349.000000	389.000000
1.000000	1.000000	1.000000	1357.000000	1167.000000	703.000000	216.000000	345.000000	289.000000	1.000000	1357.000000	1698.000000	1112.000000	818.000000	1.000000	1.000000	1.000000	1.000000	209.000000	711.000000	159.000000
1.000000	597.000000	1.000000	807.000000	846.000000	595.000000	1.000000	805.000000	689.000000	1.000000	1212.000000	1414.000000	285.000000	221.000000	1.000000	1.000000	1.000000	690.000000	1083.000000	751.000000	1616.000000
513.000000	1.000000	1.000000	442.000000	364.000000	595.000000	374.000000	1639.000000	442.000000	1.000000	1084.000000	1327.000000	1.000000	525.000000	1.000000	1.000000	634.000000	993.000000	500.000000	679.000000	1715.000000
1.000000	1.000000	161.000000	442.000000	647.000000	1377.000000	183.000000	1765.000000	468.000000	1.000000	1551.000000	1673.000000	155.000000	1.000000	1.000000	1.000000	392.000000	327.000000	671.000000	1123.000000	348.000000
1.000000	390.000000	665.000000	530.000000	393.000000	1030.000000	1.000000	1610.000000	1299.000000	1.000000	1994.000000	1741.000000	439.000000	1.000000	1.000000	1.000000	328.000000	185.000000	866.000000	1519.000000	676.000000
1412.000000	721.000000	697.000000	1286.000000	1331.000000	1446.000000	305.000000	1537.000000	1751.000000	1.000000	1658.000000	2446.000000	1.000000	1.000000	347.000000	1.000000	1.000000	1.000000	1728.000000	1186.000000	666.000000
955.000000	387.000000	786.000000	839.000000	1751.000000	1347.000000	877.000000	1376.000000	1285.000000	1.000000	751.000000	2444.000000	1.000000	1.000000	1.000000	1.000000	1.000000	1.000000	1456.000000	1471.000000	736.000000
551.000000	1.000000	676.000000	636.000000	1299.000000	777.000000	701.000000	1.000000	822.000000	1.000000	393.000000	1664.000000	91.000000	1.000000	1.000000	1.000000	1.000000	367.000000	1506.000000	532.000000	1028.000000
553.000000	833.000000	258.000000	665.000000	1304.000000	495.000000	1.000000	267.000000	823.000000	1071.000000	399.000000	1.000000	1.000000	347.000000	319.000000	211.000000	1.000000	509.000000	1218.000000	561.000000	1096.000000
536.000000	1257.000000	358.000000	475.000000	787.000000	797.000000	1.000000	267.000000	1309.000000	2259.000000	735.000000	1.000000	1.000000	347.000000	1657.000000	930.000000	1.000000	1668.000000	1131.000000	919.000000	881.000000
350.000000	1152.000000	560.000000	732.000000	1234.000000	913.000000	283.000000	217.000000	1230.000000	2344.000000	1.000000	1.000000	1.000000	879.000000	2112.000000	1065.000000	393.000000	1981.000000	1055.000000	940.000000	933.000000
381.000000	977.000000	233.000000	287.000000	1096.000000	916.000000	285.000000	1.000000	393.000000	191.000000	1.000000	1.000000	1.000000	1182.000000	2284.000000	996.000000	453.000000	1286.000000	1058.000000	507.000000	1185.000000
167.000000	1.000000	341.000000	289.000000	791.000000	364.000000	219.000000	1.000000	1.000000	1.000000	1.000000	1.000000	1.000000	1105.000000	1290.000000	275.000000	487.000000	800.000000	941.000000	511.000000	866.000000
1.000000	1.000000	261.000000	289.000000	1.000000	1.000000	1.000000	1.000000	1.000000	1.000000	1.000000	1.000000	1.000000	351.000000	1.000000	1.000000	489.000000	1.000000	1.000000	1.000000	1.000000
1.000000	1.000000	1.000000	1.000000	1.000000	1.000000	1.000000	1.000000	1.000000	1.000000	1.000000	1.000000	1.000000	1.000000	1.000000	1.000000	1.000000	1.000000	1.000000	1.000000	1.000000
1.000000	1.000000	1.000000	1.000000	1.000000	1.000000	1.000000	1.000000	1.000000	1.000000	1.000000	1.000000	1.000000	1.000000	1.000000	1.000000	1.000000	1.000000	1.000000	1.000000	1.000000
