21 25 0
1.000000	1.000000	1.000000	1.000000	1.000000	1.000000	1.000000	1.000000	1.000000	1.000000	1.000000	918.000000	953.000000	1862.000000	1678.000000	403.000000	1.000000	1.000000	1.000000	959.000000	162.000000
1.000000	344.000000	1.000000	1.000000	179.000000	153.000000	1.000000	103.000000	1.000000	1.000000	1.000000	202.000000	706.000000	1024.000000	830.000000	939.000000	373.000000	1.000000	1.000000	581.000000	693.000000
1.000000	708.000000	1287.000000	853.000000	179.000000	149.000000	1.000000	1.000000	1.000000	1.000000	1.000000	167.000000	1.000000	1.000000	1.000000	1.000000	149.000000	1.000000	1.000000	1.000000	552.000000
1.000000	509.000000	745.000000	684.000000	444.000000	1.000000	1.000000	1.000000	1.000000	1.000000	241.000000	73.000000	1.000000	1.000000	1.000000	157.000000	160.000000	1.000000	1.000000	1.000000	477.000000
1.000000	391.000000	1.000000	558.000000	522.000000	174.000000	203.000000	1.000000	169.000000	1.000000	405.000000	1048.000000	976.000000	792.000000	885.000000	1154.000000	905.000000	510.000000	1120.000000	810.000000	147.000000
411.000000	879.000000	545.000000	639.000000	760.000000	815.000000	801.000000	835.000000	453.000000	450.000000	369.000000	1292.000000	811.000000	167.000000	703.000000	853.000000	944.000000	1216.000000	847.000000	1452.000000	1.000000
447.000000	969.000000	447.000000	398.000000	201.000000	1.000000	751.000000	1051.000000	822.000000	263.000000	1.000000	1.000000	565.000000	509.000000	786.000000	748.000000	382.000000	227.000000	929.000000	1.000000	1.000000
401.000000	1.000000	1.000000	1.000000	364.000000	1.000000	532.000000	1360.000000	1279.000000	226.000000	1.000000	1.000000	1.000000	1.000000	1.000000	1126.000000	1425.000000	1033.000000	648.000000	1.000000	1.000000
307.000000	373.000000	425.000000	1.000000	1.000000	1.000000	1.000000	406.000000	1703.000000	1026.000000	1.000000	954.000000	1.000000	1.000000	177.000000	1.000000	310.000000	587.000000	1275.000000	649.000000	1.000000
419.000000	769.000000	1846.000000	939.000000	1.000000	1.000000	1.000000	1.000000	298.000000	2133.000000	820.000000	1.000000	503.000000	1.000000	1.000000	162.000000	1.000000	1.000000	291.000000	305.000000	511.000000
233.000000	373.000000	1650.000000	1680.000000	513.000000	1.000000	1.000000	1.000000	1.000000	299.000000	239.000000	1.000000	1.000000	1.000000	1.000000	1.000000	1.000000	1.000000	1.000000	1.000000	1.000000
1223.000000	1.000000	555.000000	255.000000	161.000000	1.000000	1.000000	1.000000	1.000000	1.000000	1.000000	1.000000	1.000000	853.000000	805.000000	1.000000	167.000000	103.000000	1.000000	1.000000	1.000000
777.000000	961.000000	863.000000	1389.000000	294.000000	1.000000	205.000000	1.000000	453.000000	427.000000	1.000000	1.000000	1.000000	1.000000	793.000000	737.000000	1.000000	1.000000	1.000000	1.000000	1.000000
175.000000	1450.000000	457.000000	1177.000000	903.000000	1.000000	1.000000	1.000000	1785.000000	2688.000000	503.000000	1.000000	2078.000000	217.000000	1.000000	579.000000	605.000000	1.000000	1.000000	1.000000	1.000000
385.000000	493.000000	1025.000000	857.000000	954.000000	1.000000	1080.000000	639.000000	481.000000	2630.000000	679.000000	322.000000	2479.000000	2949.000000	970.000000	674.000000	794.000000	151.000000	1.000000	1.000000	1.000000
389.000000	385.000000	961.000000	740.000000	756.000000	479.000000	1.000000	1.000000	1.000000	481.000000	1.000000	1.000000	1.000000	1483.000000	1882.000000	2016.000000	2079.000000	1027.000000	1.000000	1.000000	1.000000
1.000000	389.000000	1268.000000	341.000000	811.000000	401.000000	1.000000	1.000000	1.000000	1.000000	1.000000	1.000000	1.000000	1.000000	1.000000	1.000000	319.000000	1206.000000	738.000000	1.000000	239.000000
1.000000	299.000000	1371.000000	1626.000000	391.000000	784.000000	231.000000	1.000000	1.000000	1.000000	768.000000	706.000000	1.000000	1.000000	1.000000	1.000000	1.000000	1.000000	737.000000	1.000000	341.000000
1.000000	241.000000	425.000000	1791.000000	911.000000	1230.000000	1368.000000	1224.000000	1.000000	1.000000	794.000000	3100.000000	2461.000000	829.000000	1.000000	782.000000	187.000000	1.000000	1.000000	171.000000	169.000000
1.000000	1.000000	1.000000	1.000000	1259.000000	1343.000000	2276.000000	2134.000000	1.000000	1.000000	1.000000	805.000000	1849.000000	1226.000000	1.000000	1166.000000	2328.000000	944.000000	1.000000	173.000000	171.000000
1.000000	1.000000	1.000000	489.000000	1.000000	223.000000	878.000000	2188.000000	1440.000000	1.000000	1.000000	1.000000	1.000000	181.000000	1.000000	1.000000	1408.000000	1596.000000	647.000000	165.000000	173.000000
1.000000	1.000000	1.000000	1.000000	1.000000	1.000000	207.000000	291.000000	803.000000	543.000000	1.000000	1.000000	1.000000	1.000000	357.000000	1.000000	193.000000	589.000000	1360.000000	192.000000	163.000000
1.000000	1.000000	1.000000	1.000000	1.000000	1.000000	1.000000	1.000000	177.000000	1.000000	1.000000	267.000000	1.000000	1.000000	1.000000	1.000000	1.000000	1.000000	157.000000	1.000000	1.000000
1.000000	1.000000	1.000000	1.000000	1.000000	1.000000	1.000000	1.000000	1.000000	1.000000	1.000000	1.000000	1.000000	1.000000	1.000000	1.000000	1.000000	1.000000	1.000000	1.000000	1.000000
1.000000	1.000000	1.000000	1.000000	1.000000	1.000000	1.000000	1.000000	1.000000	1.000000	1.000000	1.000000	1.000000	1.000000	1.000000	1.000000	1.000000	1.000000	1.000000	1.000000	1.000000
