21 25 0
1.000000	229.000000	856.000000	996.000000	585.000000	1.000000	250.000000	1.000000	1.000000	1.000000	1.000000	480.000000	1218.000000	2223.000000	788.000000	1.000000	1.000000	1.000000	534.000000	878.000000	1.000000
1.000000	943.000000	1443.000000	1055.000000	696.000000	1.000000	1.000000	1.000000	1.000000	1.000000	155.000000	1.000000	750.000000	1500.000000	459.000000	1.000000	147.000000	1.000000	458.000000	761.000000	335.000000
1.000000	1303.000000	1693.000000	1254.000000	841.000000	322.000000	149.000000	1.000000	1.000000	1.000000	1.000000	1.000000	1.000000	1.000000	181.000000	151.000000	554.000000	1.000000	356.000000	163.000000	1005.000000
1.000000	1293.000000	1489.000000	1167.000000	442.000000	179.000000	1.000000	1.000000	1.000000	1.000000	1.000000	405.000000	1.000000	1.000000	1.000000	1.000000	410.000000	1.000000	167.000000	1.000000	1078.000000
586.000000	1911.000000	1321.000000	644.000000	766.000000	311.000000	1.000000	249.000000	1.000000	1.000000	161.000000	1146.000000	1.000000	1.000000	1.000000	1.000000	743.000000	790.000000	1.000000	960.000000	563.000000
739.000000	2016.000000	772.000000	892.000000	728.000000	312.000000	1.000000	359.000000	1.000000	1.000000	191.000000	661.000000	1.000000	1.000000	1.000000	479.000000	501.000000	1022.000000	403.000000	1428.000000	794.000000
747.000000	1750.000000	772.000000	617.000000	283.000000	1.000000	1.000000	1.000000	437.000000	213.000000	283.000000	1.000000	1.000000	1.000000	1.000000	481.000000	910.000000	395.000000	1419.000000	397.000000	1283.000000
798.000000	1255.000000	430.000000	1.000000	637.000000	1.000000	1.000000	193.000000	1168.000000	1105.000000	479.000000	294.000000	1.000000	1049.000000	1.000000	450.000000	2061.000000	1073.000000	1362.000000	192.000000	1324.000000
897.000000	537.000000	183.000000	223.000000	286.000000	1.000000	365.000000	175.000000	1864.000000	2554.000000	785.000000	1.000000	467.000000	619.000000	1.000000	647.000000	1378.000000	2023.000000	1271.000000	394.000000	498.000000
598.000000	213.000000	1032.000000	863.000000	1.000000	1.000000	365.000000	1.000000	1410.000000	2688.000000	926.000000	1.000000	407.000000	1.000000	1.000000	1194.000000	1463.000000	781.000000	329.000000	627.000000	1.000000
1301.000000	1.000000	978.000000	1145.000000	395.000000	1.000000	736.000000	1.000000	1168.000000	2343.000000	706.000000	1.000000	1.000000	846.000000	317.000000	1207.000000	533.000000	1.000000	168.000000	1488.000000	1.000000
1219.000000	328.000000	705.000000	1318.000000	547.000000	1.000000	233.000000	1.000000	640.000000	2062.000000	440.000000	1.000000	1.000000	251.000000	766.000000	230.000000	165.000000	1.000000	225.000000	707.000000	155.000000
159.000000	1078.000000	922.000000	1511.000000	990.000000	1.000000	1.000000	1.000000	1000.000000	2703.000000	453.000000	1.000000	559.000000	255.000000	1.000000	1.000000	167.000000	465.000000	169.000000	183.000000	1.000000
207.000000	1151.000000	779.000000	1338.000000	948.000000	1.000000	557.000000	1.000000	658.000000	2710.000000	501.000000	1.000000	2013.000000	261.000000	1.000000	1.000000	367.000000	569.000000	190.000000	187.000000	941.000000
259.000000	1283.000000	1867.000000	1136.000000	951.000000	1.000000	529.000000	1.000000	322.000000	2826.000000	421.000000	1.000000	2055.000000	2221.000000	1.000000	673.000000	928.000000	1061.000000	325.000000	357.000000	1563.000000
395.000000	722.000000	1783.000000	981.000000	1338.000000	399.000000	1.000000	1.000000	322.000000	3004.000000	1.000000	1.000000	1463.000000	954.000000	1.000000	798.000000	1744.000000	1643.000000	303.000000	645.000000	1386.000000
167.000000	385.000000	1396.000000	940.000000	1298.000000	399.000000	1.000000	1.000000	324.000000	1804.000000	1.000000	1.000000	1.000000	217.000000	1.000000	1.000000	1381.000000	1557.000000	465.000000	884.000000	853.000000
1.000000	351.000000	1320.000000	1769.000000	968.000000	858.000000	1183.000000	231.000000	1.000000	277.000000	1.000000	463.000000	342.000000	217.000000	1.000000	321.000000	1501.000000	502.000000	174.000000	429.000000	715.000000
1.000000	279.000000	548.000000	1351.000000	781.000000	1122.000000	1672.000000	735.000000	1.000000	1.000000	1.000000	2125.000000	3128.000000	1086.000000	1.000000	784.000000	1233.000000	863.000000	458.000000	723.000000	549.000000
161.000000	275.000000	564.000000	1406.000000	643.000000	931.000000	1861.000000	1529.000000	1.000000	1.000000	1.000000	1516.000000	3084.000000	1272.000000	1.000000	1037.000000	1950.000000	873.000000	503.000000	1194.000000	846.000000
211.000000	287.000000	981.000000	1224.000000	259.000000	291.000000	1251.000000	1279.000000	201.000000	201.000000	1.000000	194.000000	651.000000	325.000000	1.000000	996.000000	1425.000000	1010.000000	1217.000000	1450.000000	739.000000
495.000000	287.000000	681.000000	1.000000	235.000000	1.000000	1.000000	794.000000	581.000000	195.000000	1.000000	1.000000	1.000000	1.000000	451.000000	259.000000	1401.000000	1206.000000	1291.000000	959.000000	175.000000
233.000000	1.000000	1.000000	1.000000	1.000000	1.000000	1.000000	1.000000	193.000000	1.000000	1.000000	1.000000	1.000000	1.000000	487.000000	147.000000	1.000000	155.000000	157.000000	1.000000	1.000000
1.000000	1.000000	1.000000	1.000000	1.000000	1.000000	1.000000	1.000000	1.000000	1.000000	1.000000	1.000000	1.000000	1.000000	1.000000	1.000000	1.000000	1.000000	1.000000	1.000000	1.000000
1.000000	1.000000	1.000000	1.000000	1.000000	1.000000	1.000000	1.000000	1.000000	1.000000	1.000000	1.000000	1.000000	1.000000	1.000000	1.000000	1.000000	1.000000	1.000000	1.000000	1.000000
