21 25 0
1.000000	1.000000	333.000000	745.000000	644.000000	583.000000	151.000000	646.000000	1104.000000	1015.000000	472.000000	225.000000	201.000000	1.000000	242.000000	327.000000	1684.000000	1833.000000	280.000000	261.000000	256.000000
1.000000	1.000000	1.000000	1.000000	177.000000	385.000000	1.000000	1.000000	368.000000	1045.000000	1329.000000	697.000000	548.000000	225.000000	1.000000	1.000000	381.000000	1634.000000	1201.000000	699.000000	311.000000
1.000000	1.000000	1.000000	1.000000	1.000000	189.000000	366.000000	164.000000	300.000000	196.000000	871.000000	1269.000000	1312.000000	749.000000	147.000000	1.000000	1.000000	683.000000	1553.000000	830.000000	185.000000
1.000000	1.000000	1.000000	179.000000	1.000000	183.000000	531.000000	654.000000	721.000000	327.000000	155.000000	1.000000	482.000000	446.000000	1.000000	1.000000	1.000000	1.000000	1847.000000	1417.000000	1119.000000
1.000000	1.000000	1.000000	1.000000	1.000000	1.000000	1.000000	1.000000	559.000000	363.000000	1.000000	1.000000	1.000000	1.000000	1.000000	1.000000	1.000000	1.000000	1143.000000	1178.000000	1438.000000
1.000000	1.000000	315.000000	1.000000	1.000000	1.000000	1.000000	1.000000	1.000000	693.000000	171.000000	1.000000	1.000000	1.000000	1.000000	1.000000	1.000000	738.000000	1.000000	1364.000000	407.000000
1.000000	1.000000	315.000000	1.000000	1.000000	381.000000	1.000000	1.000000	1.000000	1.000000	492.000000	151.000000	1.000000	1.000000	262.000000	1.000000	1.000000	1.000000	1922.000000	1795.000000	375.000000
1524.000000	1.000000	734.000000	1.000000	1.000000	243.000000	1.000000	1.000000	1.000000	1.000000	754.000000	1715.000000	1263.000000	605.000000	287.000000	263.000000	1.000000	247.000000	232.000000	757.000000	1392.000000
1.000000	217.000000	649.000000	1371.000000	782.000000	231.000000	527.000000	1.000000	1.000000	1.000000	422.000000	1604.000000	1306.000000	825.000000	300.000000	1.000000	1.000000	1.000000	1.000000	232.000000	665.000000
1.000000	1.000000	1.000000	1582.000000	1368.000000	954.000000	1622.000000	1219.000000	1.000000	1.000000	766.000000	1311.000000	1618.000000	431.000000	1.000000	402.000000	1.000000	318.000000	1.000000	205.000000	467.000000
1.000000	1.000000	1.000000	1.000000	1043.000000	400.000000	523.000000	965.000000	361.000000	1.000000	278.000000	1115.000000	840.000000	1271.000000	1161.000000	800.000000	1.000000	680.000000	175.000000	301.000000	835.000000
257.000000	1.000000	295.000000	1.000000	465.000000	714.000000	257.000000	372.000000	237.000000	1.000000	277.000000	643.000000	1.000000	324.000000	281.000000	175.000000	1.000000	1.000000	1.000000	1.000000	1.000000
1.000000	167.000000	1.000000	1.000000	169.000000	352.000000	547.000000	383.000000	1.000000	1.000000	1.000000	1.000000	1.000000	631.000000	1.000000	1.000000	404.000000	1.000000	1.000000	1.000000	1.000000
218.000000	266.000000	1.000000	1.000000	1.000000	333.000000	218.000000	1.000000	1.000000	1.000000	1.000000	1.000000	1.000000	1.000000	515.000000	1.000000	167.000000	201.000000	489.000000	309.000000	383.000000
497.000000	351.000000	381.000000	1.000000	1.000000	1.000000	1.000000	630.000000	1.000000	1.000000	1.000000	327.000000	1.000000	1.000000	1.000000	1.000000	317.000000	502.000000	1252.000000	1.000000	415.000000
493.000000	183.000000	411.000000	362.000000	656.000000	281.000000	1.000000	1.000000	1.000000	1.000000	454.000000	1973.000000	624.000000	1.000000	1.000000	1.000000	1.000000	1.000000	347.000000	876.000000	472.000000
535.000000	171.000000	593.000000	592.000000	1280.000000	868.000000	2086.000000	1420.000000	654.000000	713.000000	267.000000	2740.000000	3172.000000	2362.000000	2217.000000	205.000000	1.000000	1.000000	1.000000	781.000000	112.000000
538.000000	160.000000	365.000000	626.000000	615.000000	351.000000	612.000000	1677.000000	2396.000000	1.000000	1.000000	1.000000	1.000000	1201.000000	1486.000000	1813.000000	894.000000	442.000000	1.000000	1.000000	1.000000
500.000000	499.000000	171.000000	387.000000	172.000000	1.000000	1.000000	277.000000	191.000000	1223.000000	1.000000	1.000000	1.000000	1.000000	1.000000	1.000000	1.000000	550.000000	611.000000	501.000000	1.000000
171.000000	167.000000	181.000000	1.000000	1.000000	1.000000	1.000000	215.000000	417.000000	766.000000	1.000000	1.000000	1.000000	1.000000	286.000000	1.000000	1.000000	1231.000000	182.000000	869.000000	379.000000
171.000000	191.000000	775.000000	1448.000000	1708.000000	1504.000000	1.000000	1.000000	217.000000	293.000000	377.000000	1.000000	1.000000	1.000000	295.000000	1.000000	1.000000	837.000000	659.000000	249.000000	455.000000
1.000000	1.000000	337.000000	729.000000	1206.000000	1579.000000	1463.000000	204.000000	1.000000	1.000000	1.000000	1.000000	1.000000	1.000000	1.000000	1.000000	623.000000	1.000000	837.000000	1.000000	1141.000000
1.000000	1.000000	1.000000	259.000000	1.000000	1.000000	207.000000	1.000000	1.000000	1.000000	1.000000	1.000000	1.000000	1.000000	1.000000	1.000000	235.000000	1.000000	1.000000	1.000000	1.000000
1.000000	1.000000	1.000000	1.000000	1.000000	1.000000	1.000000	1.000000	1.000000	1.000000	1.000000	1.000000	1.000000	1.000000	1.000000	1.000000	1.000000	1.000000	1.000000	1.000000	1.000000
1.000000	1.000000	1.000000	1.000000	1.000000	1.000000	1.000000	1.000000	1.000000	1.000000	1.000000	1.000000	1.000000	1.000000	1.000000	1.000000	1.000000	1.000000	1.000000	1.000000	1.000000
