21 25 0
734.000000	1.000000	1.000000	1.000000	1.000000	1088.000000	160.000000	1.000000	1.000000	145.000000	494.000000	1199.000000	1164.000000	163.000000	293.000000	1.000000	1.000000	1594.000000	1028.000000	248.000000	1.000000
1127.000000	1197.000000	148.000000	1.000000	1.000000	215.000000	1436.000000	1.000000	1.000000	1.000000	1.000000	969.000000	1342.000000	1143.000000	1925.000000	1457.000000	1.000000	595.000000	1678.000000	641.000000	1.000000
585.000000	1889.000000	2239.000000	1.000000	1.000000	1.000000	751.000000	1.000000	1.000000	417.000000	1.000000	1.000000	444.000000	623.000000	1116.000000	1197.000000	1.000000	443.000000	1941.000000	1676.000000	1.000000
1.000000	1.000000	1265.000000	225.000000	1.000000	1.000000	1.000000	1.000000	1.000000	1.000000	305.000000	1.000000	1.000000	1.000000	151.000000	275.000000	1.000000	1.000000	2215.000000	3185.000000	477.000000
864.000000	1.000000	1.000000	151.000000	1.000000	1.000000	1.000000	1.000000	1.000000	1.000000	1.000000	1.000000	1.000000	1.000000	1.000000	1.000000	1.000000	1.000000	713.000000	3343.000000	1735.000000
1611.000000	1259.000000	1.000000	1.000000	1.000000	519.000000	1962.000000	547.000000	1.000000	1.000000	1.000000	1.000000	1.000000	1.000000	621.000000	1422.000000	250.000000	1.000000	1.000000	1461.000000	1961.000000
1.000000	2560.000000	1148.000000	220.000000	540.000000	341.000000	2194.000000	3108.000000	2308.000000	831.000000	1.000000	509.000000	1326.000000	289.000000	1027.000000	2224.000000	1536.000000	506.000000	1.000000	438.000000	934.000000
1.000000	387.000000	753.000000	287.000000	1.000000	1.000000	207.000000	781.000000	2245.000000	1573.000000	209.000000	1.000000	245.000000	644.000000	1622.000000	1625.000000	2502.000000	1452.000000	1.000000	215.000000	1.000000
1.000000	155.000000	1.000000	1.000000	1.000000	1.000000	1.000000	1.000000	255.000000	2846.000000	397.000000	1.000000	1.000000	1.000000	1.000000	1.000000	1.000000	859.000000	1.000000	185.000000	147.000000
1.000000	688.000000	1067.000000	1.000000	1.000000	1.000000	1.000000	1.000000	1.000000	933.000000	285.000000	1.000000	1.000000	1.000000	1.000000	1.000000	1.000000	1.000000	1.000000	185.000000	432.000000
229.000000	878.000000	1402.000000	559.000000	1.000000	1.000000	1.000000	1.000000	1.000000	1.000000	1.000000	1.000000	1.000000	1.000000	1.000000	1.000000	1.000000	1.000000	1.000000	1.000000	186.000000
673.000000	452.000000	1153.000000	1181.000000	141.000000	514.000000	141.000000	1.000000	1287.000000	794.000000	1.000000	1.000000	567.000000	1302.000000	1.000000	1.000000	1.000000	1.000000	1.000000	1.000000	187.000000
447.000000	187.000000	815.000000	1136.000000	461.000000	1012.000000	824.000000	1.000000	1259.000000	3263.000000	1639.000000	281.000000	809.000000	1251.000000	1173.000000	454.000000	85.000000	1.000000	1.000000	1.000000	147.000000
419.000000	1057.000000	187.000000	434.000000	933.000000	131.000000	203.000000	1.000000	1.000000	847.000000	769.000000	485.000000	467.000000	70.000000	1.000000	507.000000	854.000000	713.000000	183.000000	217.000000	1.000000
945.000000	990.000000	796.000000	1.000000	74.000000	1.000000	1.000000	296.000000	1.000000	1.000000	1.000000	1.000000	1.000000	204.000000	1.000000	1.000000	1.000000	145.000000	994.000000	697.000000	1.000000
565.000000	986.000000	1312.000000	837.000000	1.000000	1.000000	1.000000	1763.000000	2068.000000	573.000000	1.000000	1.000000	1.000000	1584.000000	1494.000000	1.000000	1.000000	1.000000	329.000000	1324.000000	708.000000
1.000000	263.000000	908.000000	1221.000000	260.000000	1.000000	1.000000	243.000000	831.000000	579.000000	419.000000	1.000000	1.000000	281.000000	1185.000000	851.000000	1.000000	409.000000	1.000000	579.000000	810.000000
1.000000	1.000000	670.000000	1534.000000	818.000000	1.000000	1.000000	1.000000	1.000000	436.000000	1.000000	1.000000	1.000000	1.000000	1.000000	1.000000	1.000000	1.000000	1.000000	167.000000	313.000000
1.000000	1.000000	264.000000	1026.000000	2039.000000	1101.000000	1.000000	1.000000	1.000000	1.000000	464.000000	1.000000	1.000000	1.000000	1.000000	1.000000	1.000000	1.000000	1.000000	148.000000	305.000000
1.000000	1.000000	1.000000	224.000000	1156.000000	2405.000000	717.000000	1.000000	1.000000	1.000000	1.000000	1.000000	1.000000	1.000000	1.000000	1.000000	1.000000	1.000000	1.000000	1.000000	456.000000
1.000000	147.000000	1.000000	1.000000	376.000000	1589.000000	2620.000000	1081.000000	1.000000	441.000000	141.000000	1.000000	1.000000	1.000000	1.000000	1.000000	794.000000	1.000000	1.000000	1.000000	1.000000
1.000000	353.000000	939.000000	400.000000	1.000000	472.000000	2077.000000	2645.000000	1800.000000	1288.000000	1043.000000	2145.000000	1035.000000	345.000000	1.000000	423.000000	1228.000000	541.000000	301.000000	262.000000	318.000000
1.000000	1.000000	215.000000	777.000000	588.000000	271.000000	448.000000	1254.000000	1025.000000	323.000000	672.000000	1903.000000	852.000000	1.000000	179.000000	1.000000	130.000000	459.000000	625.000000	213.000000	660.000000
1.000000	1.000000	215.000000	325.000000	1.000000	1.000000	1.000000	380.000000	393.000000	1.000000	1.000000	435.000000	1.000000	286.000000	1.000000	145.000000	1.000000	264.000000	366.000000	163.000000	1.000000
1.000000	1.000000	1.000000	1.000000	1.000000	1.000000	1.000000	1.000000	1.000000	1.000000	1.000000	1.000000	1.000000	1.000000	1.000000	1.000000	1.000000	1.000000	1.000000	1.000000	1.000000
