21 25 0
665.000000	389.000000	439.000000	1.000000	1.000000	2475.000000	2947.000000	139.000000	1.000000	1.000000	1.000000	168.000000	1.000000	1.000000	1.000000	1.000000	1.000000	907.000000	1519.000000	296.000000	1.000000
966.000000	1261.000000	455.000000	1.000000	1.000000	2513.000000	2064.000000	155.000000	1.000000	1.000000	1.000000	349.000000	827.000000	366.000000	860.000000	597.000000	1.000000	345.000000	2483.000000	1009.000000	1.000000
525.000000	684.000000	287.000000	1.000000	1.000000	2323.000000	983.000000	201.000000	151.000000	1.000000	1.000000	151.000000	609.000000	597.000000	1095.000000	1066.000000	1.000000	1.000000	2188.000000	2485.000000	1.000000
1406.000000	1.000000	1101.000000	235.000000	293.000000	1390.000000	406.000000	203.000000	1.000000	1.000000	238.000000	151.000000	151.000000	462.000000	1061.000000	1304.000000	1.000000	1.000000	1367.000000	2480.000000	461.000000
1701.000000	1.000000	1.000000	1465.000000	1613.000000	449.000000	247.000000	1.000000	1.000000	1.000000	157.000000	321.000000	1.000000	147.000000	165.000000	686.000000	1.000000	1.000000	726.000000	3186.000000	1417.000000
1606.000000	637.000000	1.000000	1199.000000	257.000000	1.000000	215.000000	165.000000	1.000000	1.000000	1.000000	142.000000	1.000000	1.000000	1.000000	1702.000000	569.000000	1.000000	291.000000	2296.000000	1480.000000
500.000000	1602.000000	804.000000	191.000000	108.000000	1.000000	1.000000	1.000000	644.000000	535.000000	1.000000	1.000000	1.000000	1.000000	1.000000	1337.000000	1334.000000	197.000000	180.000000	857.000000	1012.000000
192.000000	1640.000000	1166.000000	1.000000	1.000000	1.000000	1.000000	1.000000	1221.000000	3029.000000	794.000000	1.000000	423.000000	1.000000	1.000000	1179.000000	1675.000000	1181.000000	1.000000	653.000000	187.000000
1.000000	1369.000000	1875.000000	1.000000	1.000000	1.000000	1.000000	1.000000	1169.000000	3682.000000	842.000000	1.000000	417.000000	1.000000	192.000000	1783.000000	1401.000000	1281.000000	203.000000	763.000000	408.000000
1.000000	1597.000000	2858.000000	197.000000	1.000000	1.000000	1.000000	1.000000	333.000000	2838.000000	850.000000	1.000000	1173.000000	203.000000	1.000000	675.000000	599.000000	285.000000	1.000000	593.000000	591.000000
1.000000	1088.000000	1889.000000	450.000000	1.000000	962.000000	319.000000	1.000000	307.000000	1497.000000	817.000000	1.000000	1360.000000	630.000000	1.000000	1.000000	1.000000	1.000000	1.000000	1.000000	709.000000
494.000000	600.000000	1478.000000	496.000000	1.000000	1014.000000	766.000000	1.000000	447.000000	2036.000000	520.000000	1.000000	990.000000	773.000000	373.000000	1.000000	1.000000	1.000000	1.000000	1.000000	1016.000000
1135.000000	918.000000	1263.000000	925.000000	1.000000	131.000000	924.000000	1.000000	131.000000	2467.000000	945.000000	1.000000	1089.000000	1017.000000	363.000000	195.000000	1.000000	1.000000	1.000000	326.000000	535.000000
1019.000000	789.000000	1207.000000	722.000000	1013.000000	556.000000	1308.000000	1.000000	1.000000	1752.000000	483.000000	1.000000	1143.000000	1243.000000	365.000000	195.000000	1.000000	507.000000	422.000000	934.000000	755.000000
617.000000	529.000000	632.000000	1.000000	1037.000000	1093.000000	598.000000	325.000000	1.000000	1.000000	1.000000	1.000000	401.000000	1220.000000	825.000000	1.000000	1.000000	1290.000000	548.000000	805.000000	438.000000
1.000000	189.000000	1238.000000	712.000000	934.000000	596.000000	1.000000	1.000000	1011.000000	1.000000	1.000000	1.000000	1.000000	1519.000000	1405.000000	1.000000	1.000000	676.000000	1.000000	332.000000	168.000000
1.000000	383.000000	1552.000000	1149.000000	977.000000	583.000000	1.000000	1.000000	1687.000000	451.000000	407.000000	1.000000	1.000000	1856.000000	1402.000000	185.000000	1.000000	921.000000	1.000000	672.000000	1272.000000
1.000000	262.000000	1006.000000	1328.000000	1619.000000	397.000000	1.000000	1.000000	857.000000	199.000000	409.000000	1.000000	1.000000	1116.000000	909.000000	157.000000	68.000000	337.000000	449.000000	822.000000	1101.000000
1.000000	1.000000	179.000000	1153.000000	1797.000000	1421.000000	1.000000	1.000000	1.000000	1.000000	1.000000	1.000000	1.000000	612.000000	1.000000	1.000000	282.000000	155.000000	671.000000	748.000000	945.000000
1.000000	1.000000	1.000000	1.000000	904.000000	1783.000000	835.000000	1.000000	1.000000	1.000000	1.000000	1.000000	1.000000	133.000000	1.000000	1.000000	291.000000	205.000000	405.000000	945.000000	637.000000
1.000000	344.000000	493.000000	188.000000	260.000000	1410.000000	2192.000000	669.000000	1.000000	1.000000	1.000000	1.000000	1.000000	1.000000	1.000000	148.000000	1153.000000	840.000000	688.000000	763.000000	374.000000
323.000000	535.000000	1108.000000	774.000000	138.000000	472.000000	1790.000000	1351.000000	135.000000	1.000000	1.000000	331.000000	1.000000	1.000000	1.000000	999.000000	1439.000000	941.000000	786.000000	1047.000000	468.000000
365.000000	526.000000	875.000000	1854.000000	406.000000	401.000000	441.000000	539.000000	1.000000	1.000000	1.000000	331.000000	1.000000	1.000000	437.000000	982.000000	1720.000000	886.000000	1129.000000	936.000000	765.000000
169.000000	207.000000	541.000000	325.000000	1.000000	1.000000	1.000000	1.000000	1.000000	1.000000	1.000000	1.000000	1.000000	348.000000	263.000000	1.000000	227.000000	305.000000	257.000000	1.000000	73.000000
1.000000	1.000000	1.000000	1.000000	1.000000	1.000000	1.000000	1.000000	1.000000	1.000000	1.000000	1.000000	1.000000	1.000000	1.000000	1.000000	1.000000	1.000000	1.000000	1.000000	1.000000
