21 25 0
335.000000	431.000000	1047.000000	1571.000000	1.000000	459.000000	457.000000	193.000000	155.000000	1.000000	1.000000	1.000000	1.000000	336.000000	1099.000000	2148.000000	1453.000000	1.000000	1.000000	467.000000	431.000000
1.000000	435.000000	1351.000000	1177.000000	429.000000	1.000000	1.000000	1.000000	1.000000	1.000000	1.000000	1.000000	1.000000	1.000000	1.000000	173.000000	401.000000	305.000000	1.000000	813.000000	1265.000000
1.000000	1.000000	1.000000	193.000000	1.000000	1.000000	1.000000	1.000000	1.000000	1.000000	159.000000	72.000000	1.000000	1.000000	1.000000	1.000000	1.000000	1.000000	1.000000	1.000000	1.000000
1.000000	1.000000	1.000000	1.000000	718.000000	1442.000000	284.000000	298.000000	860.000000	632.000000	618.000000	748.000000	988.000000	976.000000	669.000000	354.000000	1.000000	1.000000	1.000000	1.000000	1.000000
259.000000	1310.000000	1881.000000	1578.000000	2086.000000	1972.000000	2511.000000	2543.000000	1461.000000	1271.000000	1259.000000	1122.000000	1668.000000	1763.000000	1234.000000	1967.000000	2240.000000	1101.000000	271.000000	1.000000	1.000000
1.000000	181.000000	1629.000000	1528.000000	535.000000	131.000000	155.000000	341.000000	335.000000	647.000000	982.000000	782.000000	722.000000	1329.000000	487.000000	209.000000	503.000000	1019.000000	828.000000	274.000000	1.000000
1.000000	1.000000	1.000000	1.000000	1.000000	1.000000	1.000000	1.000000	1.000000	1.000000	137.000000	1.000000	1.000000	1.000000	1.000000	1.000000	1.000000	406.000000	437.000000	1113.000000	1.000000
1.000000	1.000000	1.000000	1.000000	1.000000	1.000000	449.000000	465.000000	446.000000	1.000000	1.000000	1.000000	1.000000	334.000000	359.000000	1.000000	1.000000	1.000000	1.000000	1.000000	285.000000
1.000000	773.000000	1584.000000	2236.000000	1658.000000	2112.000000	2382.000000	2538.000000	2186.000000	1276.000000	606.000000	391.000000	1350.000000	2051.000000	2198.000000	1587.000000	597.000000	323.000000	303.000000	1.000000	352.000000
969.000000	1311.000000	2179.000000	2300.000000	2042.000000	1655.000000	2244.000000	2195.000000	566.000000	319.000000	1.000000	339.000000	1596.000000	2465.000000	2827.000000	2691.000000	2453.000000	1959.000000	1485.000000	1448.000000	1039.000000
1.000000	1.000000	1.000000	1.000000	1.000000	189.000000	436.000000	638.000000	592.000000	1080.000000	985.000000	730.000000	916.000000	1172.000000	957.000000	680.000000	447.000000	1.000000	234.000000	243.000000	1.000000
413.000000	1.000000	1.000000	1.000000	1.000000	145.000000	145.000000	1.000000	1.000000	951.000000	1022.000000	743.000000	165.000000	165.000000	1.000000	496.000000	1.000000	1.000000	1.000000	1.000000	1.000000
919.000000	1.000000	1.000000	1.000000	1.000000	1.000000	1.000000	1.000000	1.000000	1.000000	1.000000	1.000000	1.000000	1.000000	1.000000	1.000000	1.000000	1.000000	1.000000	460.000000	641.000000
1.000000	467.000000	1.000000	1.000000	1.000000	457.000000	439.000000	1309.000000	1556.000000	1050.000000	401.000000	564.000000	1055.000000	763.000000	251.000000	251.000000	1.000000	1.000000	1.000000	171.000000	647.000000
1.000000	481.000000	1.000000	491.000000	710.000000	691.000000	621.000000	513.000000	3098.000000	3707.000000	3332.000000	3199.000000	2481.000000	1257.000000	1259.000000	1164.000000	342.000000	158.000000	375.000000	1.000000	1.000000
1.000000	1.000000	1.000000	519.000000	718.000000	361.000000	1.000000	1.000000	1.000000	944.000000	903.000000	701.000000	148.000000	1.000000	1.000000	178.000000	562.000000	169.000000	1.000000	1.000000	1.000000
753.000000	787.000000	1.000000	1.000000	1.000000	1.000000	818.000000	550.000000	403.000000	612.000000	651.000000	773.000000	539.000000	570.000000	562.000000	299.000000	1.000000	1.000000	1.000000	317.000000	1.000000
288.000000	488.000000	1.000000	1.000000	313.000000	1327.000000	2282.000000	3127.000000	1624.000000	1265.000000	1659.000000	1274.000000	1718.000000	2414.000000	1701.000000	459.000000	1.000000	1.000000	1.000000	381.000000	1.000000
1.000000	149.000000	1.000000	1.000000	1.000000	259.000000	764.000000	764.000000	765.000000	1135.000000	1019.000000	789.000000	615.000000	912.000000	403.000000	1.000000	1.000000	1.000000	1.000000	1.000000	1.000000
137.000000	297.000000	292.000000	1.000000	1.000000	1.000000	1.000000	1497.000000	2142.000000	2332.000000	2508.000000	2260.000000	1848.000000	1606.000000	1.000000	1.000000	1.000000	1.000000	269.000000	269.000000	76.000000
322.000000	451.000000	746.000000	583.000000	317.000000	1.000000	1.000000	687.000000	1138.000000	1127.000000	1145.000000	1393.000000	1298.000000	902.000000	225.000000	1.000000	1.000000	1.000000	355.000000	716.000000	297.000000
1.000000	139.000000	1.000000	501.000000	1441.000000	965.000000	1.000000	1.000000	447.000000	129.000000	261.000000	255.000000	127.000000	1.000000	1.000000	349.000000	789.000000	381.000000	1.000000	137.000000	143.000000
181.000000	185.000000	148.000000	677.000000	689.000000	797.000000	363.000000	1.000000	1.000000	1.000000	1.000000	1.000000	1.000000	1.000000	365.000000	301.000000	1.000000	1.000000	1.000000	1.000000	133.000000
196.000000	195.000000	1.000000	1.000000	1.000000	178.000000	279.000000	1.000000	1.000000	1.000000	1.000000	1.000000	1.000000	1.000000	1.000000	304.000000	1.000000	1.000000	1.000000	1.000000	1.000000
1.000000	1.000000	1.000000	1.000000	1.000000	1.000000	1.000000	1.000000	1.000000	1.000000	1.000000	1.000000	1.000000	1.000000	1.000000	1.000000	1.000000	1.000000	1.000000	1.000000	1.000000
