21 25 0
1.000000	191.000000	1.000000	1107.000000	709.000000	1.000000	1.000000	1.000000	1.000000	1.000000	1.000000	1.000000	1.000000	255.000000	1245.000000	2475.000000	1685.000000	343.000000	1.000000	1289.000000	944.000000
1.000000	1.000000	499.000000	1964.000000	787.000000	1.000000	1.000000	1.000000	1.000000	1.000000	1.000000	1.000000	1.000000	1.000000	1.000000	721.000000	2381.000000	945.000000	1.000000	617.000000	1538.000000
1.000000	1.000000	1.000000	193.000000	901.000000	1.000000	1.000000	1.000000	150.000000	1.000000	329.000000	79.000000	1.000000	1.000000	1.000000	1.000000	1159.000000	1338.000000	1.000000	167.000000	1421.000000
1.000000	686.000000	1.000000	1.000000	203.000000	234.000000	1.000000	461.000000	956.000000	468.000000	1.000000	164.000000	625.000000	411.000000	163.000000	1.000000	396.000000	1368.000000	256.000000	1.000000	943.000000
1.000000	1844.000000	1116.000000	1.000000	1.000000	1.000000	664.000000	993.000000	1532.000000	1315.000000	293.000000	1.000000	493.000000	1.000000	1.000000	1.000000	1214.000000	2593.000000	1286.000000	1.000000	179.000000
1.000000	1.000000	1434.000000	218.000000	1.000000	1.000000	1.000000	153.000000	213.000000	659.000000	701.000000	1.000000	1.000000	141.000000	1.000000	209.000000	680.000000	2099.000000	2170.000000	589.000000	170.000000
680.000000	1.000000	1.000000	214.000000	213.000000	1.000000	1.000000	1.000000	1.000000	135.000000	141.000000	1.000000	1.000000	1.000000	1.000000	1.000000	1.000000	798.000000	2032.000000	852.000000	144.000000
993.000000	1.000000	1.000000	1.000000	1.000000	501.000000	1.000000	453.000000	1.000000	1.000000	1001.000000	1107.000000	193.000000	1.000000	1.000000	1.000000	1.000000	221.000000	660.000000	1167.000000	1.000000
951.000000	1.000000	472.000000	3018.000000	457.000000	1074.000000	1380.000000	769.000000	651.000000	1.000000	1365.000000	3462.000000	1095.000000	685.000000	615.000000	300.000000	175.000000	1.000000	105.000000	708.000000	1.000000
429.000000	160.000000	1.000000	1599.000000	2767.000000	249.000000	1603.000000	1698.000000	711.000000	1.000000	1.000000	1692.000000	1452.000000	1852.000000	1494.000000	923.000000	1518.000000	780.000000	1040.000000	927.000000	1.000000
307.000000	426.000000	1.000000	1.000000	588.000000	187.000000	1.000000	240.000000	933.000000	283.000000	1.000000	557.000000	199.000000	648.000000	708.000000	373.000000	1.000000	355.000000	547.000000	537.000000	1.000000
1132.000000	428.000000	1.000000	1.000000	1.000000	1.000000	1.000000	1.000000	1.000000	1.000000	1.000000	191.000000	1.000000	1.000000	1.000000	681.000000	304.000000	1.000000	1.000000	475.000000	351.000000
1301.000000	395.000000	285.000000	1.000000	1.000000	1.000000	1.000000	1414.000000	287.000000	1.000000	1.000000	1.000000	1.000000	1.000000	1.000000	1.000000	1.000000	1.000000	1.000000	421.000000	301.000000
619.000000	1262.000000	472.000000	1.000000	1.000000	1.000000	1.000000	1574.000000	2725.000000	290.000000	1.000000	1.000000	280.000000	1.000000	1.000000	225.000000	1.000000	1.000000	1.000000	363.000000	645.000000
141.000000	481.000000	209.000000	345.000000	1.000000	1.000000	1.000000	1.000000	2087.000000	2656.000000	1352.000000	657.000000	1.000000	1.000000	1244.000000	1863.000000	256.000000	1.000000	1.000000	1.000000	339.000000
452.000000	209.000000	1.000000	565.000000	1.000000	1.000000	1.000000	1.000000	1.000000	497.000000	284.000000	398.000000	1.000000	1.000000	1.000000	1165.000000	1486.000000	165.000000	187.000000	1.000000	1.000000
895.000000	410.000000	1.000000	177.000000	1.000000	1.000000	2171.000000	689.000000	1.000000	252.000000	507.000000	354.000000	1.000000	1.000000	1.000000	183.000000	777.000000	388.000000	648.000000	251.000000	1.000000
771.000000	619.000000	211.000000	1.000000	1.000000	189.000000	609.000000	2190.000000	855.000000	507.000000	507.000000	721.000000	1634.000000	283.000000	346.000000	1.000000	308.000000	1.000000	1.000000	1.000000	1.000000
448.000000	771.000000	491.000000	143.000000	1.000000	1.000000	503.000000	365.000000	241.000000	493.000000	507.000000	507.000000	501.000000	499.000000	131.000000	1.000000	145.000000	152.000000	1.000000	165.000000	1.000000
400.000000	777.000000	497.000000	379.000000	1.000000	1.000000	129.000000	659.000000	469.000000	515.000000	1472.000000	1696.000000	1045.000000	284.000000	1.000000	1.000000	1.000000	1.000000	269.000000	1.000000	1.000000
179.000000	328.000000	800.000000	1315.000000	1725.000000	1.000000	1.000000	572.000000	143.000000	311.000000	488.000000	501.000000	132.000000	1.000000	1.000000	1.000000	1.000000	417.000000	233.000000	163.000000	99.000000
74.000000	179.000000	139.000000	549.000000	2055.000000	2054.000000	1.000000	1.000000	1.000000	1.000000	1.000000	1.000000	1.000000	1.000000	1.000000	665.000000	487.000000	482.000000	811.000000	311.000000	167.000000
1.000000	346.000000	1.000000	399.000000	939.000000	1889.000000	1586.000000	207.000000	1.000000	1.000000	1.000000	1.000000	1.000000	1.000000	1.000000	953.000000	655.000000	967.000000	1415.000000	568.000000	435.000000
203.000000	1.000000	1.000000	1.000000	400.000000	642.000000	219.000000	1.000000	1.000000	1.000000	1.000000	1.000000	1.000000	1.000000	1.000000	347.000000	419.000000	269.000000	1.000000	184.000000	1.000000
1.000000	1.000000	1.000000	1.000000	1.000000	1.000000	1.000000	1.000000	1.000000	1.000000	1.000000	1.000000	1.000000	1.000000	1.000000	1.000000	1.000000	1.000000	1.000000	1.000000	1.000000
