21 25 0
233.000000	218.000000	1558.000000	905.000000	153.000000	1558.000000	2398.000000	243.000000	1.000000	1.000000	1.000000	1.000000	1.000000	1.000000	281.000000	1.000000	1.000000	1.000000	1.000000	299.000000	1.000000
1.000000	1027.000000	1103.000000	409.000000	285.000000	2430.000000	175.000000	1.000000	1.000000	1.000000	1.000000	1.000000	1.000000	1.000000	1.000000	1.000000	1.000000	1.000000	1332.000000	1029.000000	339.000000
235.000000	491.000000	1.000000	1.000000	234.000000	1879.000000	1.000000	1.000000	1.000000	1.000000	1.000000	151.000000	1.000000	72.000000	169.000000	283.000000	1.000000	1.000000	872.000000	1179.000000	1.000000
369.000000	1.000000	1.000000	234.000000	1496.000000	1628.000000	524.000000	201.000000	1.000000	1.000000	600.000000	794.000000	314.000000	933.000000	1103.000000	628.000000	1.000000	1.000000	1.000000	1.000000	1.000000
453.000000	1.000000	693.000000	1488.000000	2293.000000	1556.000000	247.000000	1.000000	1.000000	167.000000	997.000000	1133.000000	1214.000000	1345.000000	887.000000	273.000000	1.000000	1.000000	1.000000	1.000000	1.000000
173.000000	449.000000	471.000000	887.000000	287.000000	1.000000	1.000000	1.000000	1.000000	1.000000	301.000000	596.000000	712.000000	441.000000	1.000000	1.000000	1.000000	1.000000	1.000000	1.000000	1.000000
1.000000	471.000000	151.000000	1.000000	1.000000	1.000000	1.000000	1.000000	1.000000	1.000000	1.000000	1.000000	1.000000	1.000000	1.000000	1.000000	1.000000	1.000000	1.000000	1.000000	1.000000
1.000000	385.000000	1.000000	1.000000	1.000000	1.000000	1.000000	466.000000	1.000000	1658.000000	445.000000	1.000000	1.000000	1.000000	1.000000	203.000000	1.000000	1.000000	1.000000	217.000000	482.000000
1.000000	1.000000	1805.000000	1.000000	1.000000	450.000000	1107.000000	1009.000000	1091.000000	3365.000000	395.000000	1.000000	206.000000	222.000000	847.000000	1997.000000	1239.000000	1203.000000	1.000000	382.000000	751.000000
1.000000	1742.000000	2522.000000	819.000000	1.000000	413.000000	950.000000	878.000000	1355.000000	1330.000000	283.000000	1.000000	1260.000000	1634.000000	2038.000000	2174.000000	2135.000000	717.000000	388.000000	1.000000	1129.000000
285.000000	1.000000	819.000000	1.000000	1.000000	1.000000	553.000000	353.000000	369.000000	232.000000	1.000000	1.000000	849.000000	503.000000	975.000000	450.000000	165.000000	1.000000	1.000000	243.000000	397.000000
1.000000	428.000000	383.000000	1.000000	1.000000	188.000000	145.000000	261.000000	1.000000	269.000000	1.000000	1.000000	1.000000	212.000000	1.000000	1.000000	1.000000	1.000000	1.000000	1.000000	473.000000
428.000000	391.000000	289.000000	1.000000	1.000000	1.000000	141.000000	1.000000	1.000000	1.000000	1.000000	1.000000	212.000000	204.000000	1.000000	1.000000	1.000000	1.000000	1.000000	592.000000	644.000000
819.000000	1.000000	447.000000	1.000000	1.000000	188.000000	542.000000	1.000000	1.000000	1.000000	282.000000	774.000000	1158.000000	1023.000000	1.000000	1.000000	1.000000	1.000000	334.000000	706.000000	1096.000000
393.000000	447.000000	1.000000	261.000000	908.000000	1372.000000	702.000000	367.000000	1093.000000	1222.000000	1384.000000	1444.000000	1283.000000	259.000000	1.000000	1.000000	92.000000	984.000000	612.000000	527.000000	326.000000
1.000000	1.000000	635.000000	744.000000	1112.000000	710.000000	215.000000	1.000000	1.000000	1.000000	1.000000	1.000000	1.000000	1.000000	1.000000	1.000000	277.000000	756.000000	375.000000	312.000000	320.000000
1.000000	297.000000	649.000000	383.000000	199.000000	149.000000	1.000000	1.000000	1.000000	477.000000	1.000000	511.000000	1.000000	463.000000	805.000000	283.000000	1.000000	765.000000	1.000000	350.000000	488.000000
1.000000	254.000000	1.000000	1.000000	134.000000	303.000000	1745.000000	301.000000	239.000000	504.000000	1021.000000	511.000000	637.000000	1871.000000	891.000000	1.000000	203.000000	155.000000	164.000000	438.000000	449.000000
1.000000	1.000000	1.000000	1.000000	369.000000	429.000000	267.000000	267.000000	503.000000	1015.000000	511.000000	175.000000	263.000000	281.000000	1.000000	1.000000	1.000000	1.000000	431.000000	276.000000	569.000000
1.000000	1.000000	135.000000	1.000000	129.000000	1.000000	1.000000	1.000000	881.000000	1781.000000	815.000000	953.000000	912.000000	475.000000	1.000000	1.000000	1.000000	1.000000	368.000000	647.000000	490.000000
227.000000	160.000000	1.000000	1.000000	1.000000	167.000000	1.000000	1.000000	383.000000	245.000000	377.000000	1.000000	892.000000	526.000000	1.000000	1.000000	507.000000	985.000000	690.000000	343.000000	447.000000
157.000000	147.000000	1.000000	199.000000	1.000000	470.000000	447.000000	1.000000	1.000000	1.000000	1.000000	1.000000	1.000000	1.000000	1.000000	1049.000000	1856.000000	449.000000	163.000000	167.000000	1.000000
197.000000	153.000000	979.000000	570.000000	205.000000	1.000000	1.000000	1.000000	1.000000	1.000000	1.000000	1.000000	1.000000	1.000000	902.000000	1604.000000	606.000000	191.000000	207.000000	1.000000	1.000000
1.000000	226.000000	620.000000	1.000000	1.000000	1.000000	1.000000	1.000000	1.000000	1.000000	1.000000	1.000000	1.000000	348.000000	263.000000	1.000000	192.000000	1.000000	227.000000	1.000000	144.000000
1.000000	1.000000	1.000000	1.000000	1.000000	1.000000	1.000000	1.000000	1.000000	1.000000	1.000000	1.000000	1.000000	1.000000	1.000000	1.000000	1.000000	1.000000	1.000000	1.000000	1.000000
