21 25 0
1.000000	1.000000	389.000000	763.000000	1351.000000	1.000000	1.000000	1327.000000	463.000000	453.000000	816.000000	616.000000	77.000000	1.000000	1.000000	1.000000	1.000000	1.000000	1.000000	1.000000	1.000000
1.000000	291.000000	325.000000	1740.000000	1310.000000	1.000000	1.000000	1006.000000	955.000000	1124.000000	953.000000	616.000000	1.000000	248.000000	1.000000	1.000000	1.000000	376.000000	1.000000	1.000000	611.000000
1.000000	1.000000	1233.000000	2530.000000	1.000000	1.000000	1.000000	1094.000000	934.000000	537.000000	1.000000	1.000000	163.000000	1.000000	1.000000	1.000000	383.000000	559.000000	1.000000	1.000000	369.000000
1.000000	1.000000	1342.000000	530.000000	1.000000	1.000000	1.000000	155.000000	1.000000	147.000000	1.000000	1.000000	1.000000	1.000000	1.000000	1.000000	429.000000	865.000000	1.000000	1.000000	729.000000
139.000000	1.000000	337.000000	1.000000	1.000000	1.000000	1.000000	1.000000	1.000000	1.000000	1.000000	1.000000	1.000000	1.000000	1.000000	1.000000	173.000000	453.000000	1.000000	507.000000	1.000000
1.000000	469.000000	1.000000	1.000000	1.000000	643.000000	402.000000	1247.000000	693.000000	1.000000	1.000000	1.000000	1.000000	560.000000	712.000000	239.000000	169.000000	820.000000	1.000000	1.000000	1.000000
1.000000	711.000000	1.000000	571.000000	1679.000000	2258.000000	2398.000000	1930.000000	1027.000000	1.000000	149.000000	383.000000	1221.000000	2666.000000	2520.000000	593.000000	1.000000	379.000000	1.000000	1.000000	1.000000
514.000000	179.000000	315.000000	224.000000	1216.000000	806.000000	1035.000000	223.000000	1.000000	1.000000	1.000000	2120.000000	2088.000000	1607.000000	333.000000	1.000000	1.000000	271.000000	243.000000	172.000000	543.000000
711.000000	261.000000	1.000000	1.000000	1.000000	1.000000	1.000000	1.000000	1.000000	1.000000	355.000000	2631.000000	459.000000	1.000000	1.000000	1.000000	1.000000	1.000000	1.000000	508.000000	1.000000
1.000000	1.000000	1.000000	1.000000	1.000000	1.000000	1.000000	1.000000	1.000000	1.000000	839.000000	334.000000	1.000000	1.000000	1.000000	1.000000	1.000000	1.000000	211.000000	200.000000	71.000000
435.000000	1.000000	1.000000	672.000000	1.000000	1.000000	1.000000	187.000000	1.000000	1.000000	1.000000	1.000000	1.000000	1.000000	1.000000	1.000000	1.000000	656.000000	496.000000	497.000000	1.000000
1.000000	1.000000	1.000000	1.000000	285.000000	342.000000	469.000000	1202.000000	391.000000	1.000000	1126.000000	1045.000000	1.000000	1.000000	135.000000	739.000000	685.000000	1201.000000	1479.000000	411.000000	1.000000
1.000000	321.000000	1.000000	388.000000	781.000000	211.000000	340.000000	467.000000	558.000000	957.000000	2271.000000	2363.000000	1123.000000	584.000000	479.000000	939.000000	1460.000000	1252.000000	727.000000	407.000000	1.000000
1.000000	1.000000	1.000000	661.000000	196.000000	235.000000	327.000000	208.000000	872.000000	191.000000	425.000000	377.000000	227.000000	1.000000	1.000000	375.000000	1749.000000	353.000000	1.000000	536.000000	299.000000
1.000000	901.000000	1.000000	1.000000	1.000000	1.000000	70.000000	204.000000	1.000000	1.000000	1.000000	1.000000	1.000000	1.000000	1.000000	220.000000	601.000000	1.000000	690.000000	552.000000	570.000000
903.000000	1.000000	419.000000	1.000000	1.000000	1.000000	892.000000	1.000000	1.000000	857.000000	493.000000	1.000000	1031.000000	205.000000	1.000000	437.000000	1.000000	370.000000	930.000000	766.000000	939.000000
1.000000	1.000000	1.000000	1.000000	1.000000	177.000000	481.000000	217.000000	1.000000	481.000000	667.000000	205.000000	497.000000	213.000000	1.000000	1.000000	1.000000	681.000000	790.000000	919.000000	1.000000
137.000000	69.000000	1.000000	1.000000	1.000000	130.000000	1.000000	1.000000	1.000000	1.000000	683.000000	1.000000	1.000000	1.000000	1.000000	1.000000	267.000000	802.000000	1687.000000	345.000000	235.000000
297.000000	336.000000	1.000000	1.000000	1.000000	1.000000	1.000000	67.000000	1.000000	485.000000	1.000000	1.000000	1.000000	1.000000	1.000000	145.000000	644.000000	834.000000	1092.000000	1.000000	284.000000
321.000000	171.000000	149.000000	1.000000	1.000000	1.000000	1.000000	1.000000	1.000000	1.000000	1.000000	1.000000	1.000000	1.000000	1.000000	935.000000	1215.000000	814.000000	1.000000	1.000000	302.000000
141.000000	181.000000	137.000000	1.000000	307.000000	1.000000	1.000000	1.000000	1.000000	1.000000	1.000000	773.000000	749.000000	1246.000000	1655.000000	2170.000000	655.000000	1.000000	205.000000	300.000000	291.000000
183.000000	477.000000	296.000000	275.000000	142.000000	1.000000	491.000000	1.000000	711.000000	2059.000000	2004.000000	1809.000000	1793.000000	1941.000000	2006.000000	1292.000000	253.000000	793.000000	909.000000	594.000000	1.000000
491.000000	184.000000	147.000000	137.000000	1.000000	1.000000	439.000000	1.000000	397.000000	2342.000000	669.000000	501.000000	767.000000	1040.000000	309.000000	169.000000	1167.000000	1598.000000	463.000000	335.000000	1.000000
1.000000	1.000000	1.000000	1.000000	327.000000	1.000000	1.000000	1.000000	1.000000	437.000000	1.000000	1.000000	1.000000	1.000000	1.000000	178.000000	421.000000	1.000000	1.000000	184.000000	1.000000
1.000000	1.000000	1.000000	1.000000	1.000000	1.000000	1.000000	1.000000	1.000000	1.000000	1.000000	1.000000	1.000000	1.000000	1.000000	1.000000	1.000000	1.000000	1.000000	1.000000	1.000000
