21 25 0
1.000000	1.000000	285.000000	1244.000000	2336.000000	1.000000	1.000000	2348.000000	424.000000	1.000000	1.000000	1.000000	1.000000	1.000000	1.000000	1316.000000	1555.000000	315.000000	1.000000	774.000000	454.000000
1.000000	1.000000	175.000000	2215.000000	2305.000000	1.000000	1.000000	2243.000000	550.000000	467.000000	240.000000	1.000000	1.000000	1.000000	1.000000	571.000000	2222.000000	1204.000000	1.000000	659.000000	1389.000000
1.000000	1.000000	390.000000	1709.000000	1377.000000	1.000000	1.000000	1138.000000	634.000000	465.000000	329.000000	138.000000	1.000000	79.000000	1.000000	1.000000	1825.000000	2534.000000	339.000000	632.000000	2346.000000
1.000000	214.000000	736.000000	539.000000	153.000000	1.000000	1.000000	1053.000000	1113.000000	465.000000	1.000000	1.000000	1.000000	1.000000	1.000000	1.000000	1322.000000	2900.000000	463.000000	1.000000	1648.000000
1.000000	825.000000	912.000000	1.000000	1.000000	1.000000	139.000000	279.000000	741.000000	768.000000	1.000000	1.000000	1.000000	1.000000	1.000000	1.000000	1000.000000	2819.000000	1857.000000	1.000000	441.000000
1.000000	133.000000	617.000000	1.000000	1.000000	235.000000	1.000000	1.000000	1.000000	166.000000	131.000000	1.000000	1.000000	245.000000	1.000000	1.000000	333.000000	1828.000000	2117.000000	211.000000	1.000000
420.000000	1.000000	130.000000	610.000000	268.000000	288.000000	1.000000	1.000000	1.000000	1.000000	189.000000	152.000000	74.000000	621.000000	163.000000	1.000000	1.000000	1100.000000	1976.000000	494.000000	1.000000
1094.000000	221.000000	240.000000	1423.000000	763.000000	1169.000000	769.000000	1.000000	351.000000	1.000000	1007.000000	2431.000000	151.000000	377.000000	129.000000	1.000000	1.000000	630.000000	1496.000000	1359.000000	1.000000
1140.000000	803.000000	156.000000	2275.000000	588.000000	175.000000	1281.000000	1.000000	611.000000	1.000000	1453.000000	3452.000000	463.000000	961.000000	1.000000	1.000000	1.000000	356.000000	1392.000000	1453.000000	1.000000
880.000000	819.000000	1.000000	2258.000000	1801.000000	1.000000	335.000000	441.000000	780.000000	1.000000	1416.000000	2528.000000	463.000000	1.000000	359.000000	1.000000	1.000000	597.000000	1611.000000	1376.000000	1.000000
881.000000	239.000000	1.000000	1006.000000	997.000000	1.000000	1.000000	1003.000000	520.000000	1.000000	1121.000000	936.000000	343.000000	1.000000	1.000000	1.000000	299.000000	620.000000	1481.000000	1377.000000	1.000000
1457.000000	1.000000	495.000000	278.000000	1.000000	1.000000	1.000000	1364.000000	510.000000	357.000000	893.000000	1009.000000	341.000000	1.000000	1.000000	1.000000	1047.000000	385.000000	1135.000000	455.000000	295.000000
895.000000	1.000000	923.000000	420.000000	1.000000	1.000000	1.000000	1428.000000	1088.000000	1.000000	929.000000	1215.000000	343.000000	1.000000	581.000000	140.000000	646.000000	353.000000	403.000000	817.000000	295.000000
839.000000	1084.000000	1019.000000	606.000000	1.000000	1.000000	1.000000	661.000000	1613.000000	383.000000	407.000000	495.000000	1.000000	1.000000	782.000000	783.000000	1238.000000	221.000000	356.000000	637.000000	1.000000
549.000000	1419.000000	441.000000	392.000000	1.000000	1.000000	1.000000	195.000000	771.000000	383.000000	1.000000	1.000000	1.000000	1.000000	355.000000	1625.000000	1261.000000	1.000000	299.000000	351.000000	551.000000
193.000000	726.000000	1.000000	503.000000	1.000000	1.000000	815.000000	1.000000	1.000000	1.000000	987.000000	1.000000	185.000000	167.000000	1.000000	1190.000000	1082.000000	1.000000	393.000000	224.000000	203.000000
694.000000	878.000000	1.000000	220.000000	1.000000	191.000000	1356.000000	217.000000	1.000000	1.000000	1563.000000	647.000000	429.000000	1.000000	1.000000	195.000000	882.000000	921.000000	1622.000000	722.000000	1.000000
407.000000	908.000000	247.000000	178.000000	1.000000	1.000000	555.000000	183.000000	1.000000	1.000000	1.000000	235.000000	935.000000	1.000000	1.000000	371.000000	869.000000	1056.000000	1612.000000	511.000000	301.000000
458.000000	933.000000	1163.000000	1.000000	1.000000	1.000000	375.000000	663.000000	141.000000	1.000000	1.000000	1.000000	507.000000	1.000000	143.000000	1250.000000	963.000000	1331.000000	1315.000000	191.000000	305.000000
642.000000	967.000000	935.000000	249.000000	1.000000	1.000000	1.000000	511.000000	1.000000	1.000000	1.000000	1.000000	1.000000	735.000000	733.000000	1316.000000	991.000000	1086.000000	853.000000	175.000000	151.000000
275.000000	742.000000	445.000000	592.000000	1386.000000	1.000000	1.000000	1.000000	1.000000	1.000000	1.000000	1.000000	1.000000	741.000000	1595.000000	1653.000000	508.000000	994.000000	1009.000000	309.000000	1.000000
709.000000	1079.000000	620.000000	789.000000	1407.000000	1151.000000	1.000000	1.000000	1.000000	343.000000	868.000000	1.000000	1.000000	1003.000000	1559.000000	1318.000000	629.000000	1845.000000	1249.000000	663.000000	175.000000
565.000000	1098.000000	568.000000	722.000000	1391.000000	1644.000000	1067.000000	1.000000	1.000000	781.000000	870.000000	1.000000	390.000000	263.000000	577.000000	1046.000000	919.000000	1822.000000	1469.000000	514.000000	337.000000
132.000000	127.000000	1.000000	1.000000	723.000000	267.000000	1.000000	1.000000	1.000000	438.000000	1.000000	1.000000	391.000000	1.000000	1.000000	351.000000	429.000000	1.000000	1.000000	184.000000	163.000000
1.000000	1.000000	1.000000	1.000000	1.000000	1.000000	1.000000	1.000000	1.000000	1.000000	1.000000	1.000000	1.000000	1.000000	1.000000	1.000000	1.000000	1.000000	1.000000	1.000000	1.000000
