21 25 0
193.000000	1.000000	291.000000	289.000000	1.000000	1.000000	1.000000	275.000000	878.000000	978.000000	1480.000000	1690.000000	1501.000000	805.000000	431.000000	1.000000	1.000000	167.000000	167.000000	1.000000	1.000000
517.000000	301.000000	269.000000	355.000000	1.000000	1.000000	203.000000	390.000000	1122.000000	988.000000	1298.000000	1268.000000	1378.000000	1512.000000	1140.000000	473.000000	345.000000	1.000000	1.000000	1.000000	1.000000
247.000000	1158.000000	2321.000000	1547.000000	1.000000	1.000000	239.000000	456.000000	957.000000	842.000000	69.000000	1.000000	297.000000	673.000000	718.000000	1.000000	1.000000	317.000000	681.000000	411.000000	302.000000
1.000000	297.000000	994.000000	545.000000	1.000000	1.000000	1.000000	1.000000	149.000000	159.000000	1.000000	1.000000	1.000000	1.000000	1.000000	1.000000	1.000000	305.000000	1819.000000	3058.000000	1490.000000
1.000000	1.000000	1.000000	1.000000	1.000000	1.000000	1.000000	1.000000	1.000000	1.000000	1.000000	1.000000	1.000000	1.000000	1.000000	1.000000	1.000000	1.000000	1442.000000	2940.000000	1237.000000
787.000000	468.000000	1.000000	1.000000	1.000000	1800.000000	2242.000000	1943.000000	645.000000	1.000000	1.000000	1.000000	195.000000	941.000000	1254.000000	1129.000000	614.000000	1.000000	1.000000	1.000000	564.000000
941.000000	2621.000000	1542.000000	1475.000000	1569.000000	2496.000000	3391.000000	3407.000000	3001.000000	1420.000000	157.000000	810.000000	2170.000000	2777.000000	3071.000000	2666.000000	2305.000000	507.000000	1.000000	1.000000	1.000000
179.000000	629.000000	1352.000000	1573.000000	1329.000000	987.000000	787.000000	709.000000	984.000000	492.000000	209.000000	758.000000	1820.000000	2044.000000	1771.000000	1596.000000	1301.000000	983.000000	253.000000	239.000000	1.000000
1.000000	1.000000	1.000000	1.000000	1.000000	1.000000	1.000000	1.000000	1.000000	1.000000	1.000000	1.000000	1.000000	129.000000	1.000000	1.000000	1.000000	1.000000	771.000000	265.000000	147.000000
1.000000	1.000000	1.000000	1.000000	1.000000	1.000000	1.000000	1.000000	1.000000	1.000000	1.000000	1.000000	1.000000	1.000000	1.000000	1.000000	1.000000	1.000000	1.000000	1.000000	159.000000
1.000000	1.000000	930.000000	1000.000000	143.000000	136.000000	135.000000	1.000000	1.000000	1.000000	1.000000	1.000000	1.000000	1.000000	1.000000	138.000000	646.000000	305.000000	305.000000	248.000000	1.000000
227.000000	515.000000	953.000000	1148.000000	1141.000000	1066.000000	863.000000	1168.000000	992.000000	644.000000	832.000000	1085.000000	1296.000000	1326.000000	672.000000	747.000000	1347.000000	999.000000	1170.000000	397.000000	171.000000
1.000000	1.000000	385.000000	998.000000	1491.000000	1294.000000	1299.000000	651.000000	2249.000000	3120.000000	3168.000000	2724.000000	2223.000000	1778.000000	1931.000000	1727.000000	1227.000000	1100.000000	185.000000	1.000000	1.000000
1.000000	1.000000	195.000000	553.000000	785.000000	409.000000	191.000000	1.000000	485.000000	911.000000	1609.000000	1231.000000	385.000000	139.000000	139.000000	1003.000000	1136.000000	970.000000	1.000000	1.000000	1.000000
897.000000	1318.000000	422.000000	1.000000	1.000000	1.000000	1.000000	1.000000	1.000000	1.000000	1.000000	1.000000	1.000000	1.000000	1.000000	1.000000	1.000000	1.000000	813.000000	915.000000	397.000000
591.000000	1240.000000	629.000000	1.000000	1.000000	235.000000	1999.000000	2706.000000	2595.000000	1861.000000	1990.000000	1716.000000	2275.000000	2593.000000	1620.000000	265.000000	1.000000	1.000000	982.000000	1975.000000	1631.000000
1.000000	1.000000	1.000000	121.000000	1.000000	1.000000	395.000000	1006.000000	1145.000000	1365.000000	1229.000000	1205.000000	1173.000000	1180.000000	938.000000	185.000000	1.000000	411.000000	1.000000	615.000000	533.000000
137.000000	1.000000	353.000000	450.000000	1.000000	1.000000	1.000000	1.000000	1.000000	187.000000	634.000000	1.000000	1.000000	1.000000	1.000000	1.000000	1.000000	233.000000	569.000000	337.000000	167.000000
1.000000	1.000000	232.000000	742.000000	996.000000	383.000000	1247.000000	535.000000	408.000000	1081.000000	946.000000	927.000000	133.000000	133.000000	328.000000	311.000000	301.000000	493.000000	441.000000	1.000000	1.000000
1.000000	1.000000	1.000000	1.000000	315.000000	827.000000	1.000000	132.000000	257.000000	993.000000	1021.000000	1005.000000	293.000000	291.000000	1.000000	171.000000	363.000000	1.000000	1.000000	1.000000	155.000000
1.000000	1.000000	1.000000	1.000000	226.000000	1091.000000	2024.000000	735.000000	593.000000	945.000000	957.000000	519.000000	609.000000	893.000000	1132.000000	1286.000000	925.000000	1.000000	1.000000	1.000000	71.000000
358.000000	508.000000	225.000000	1.000000	1.000000	287.000000	1362.000000	2511.000000	2168.000000	2280.000000	2436.000000	2433.000000	2142.000000	2120.000000	1671.000000	651.000000	1.000000	251.000000	1.000000	277.000000	590.000000
147.000000	1.000000	1.000000	1.000000	1.000000	1.000000	380.000000	1149.000000	1845.000000	1850.000000	1545.000000	1877.000000	1739.000000	842.000000	145.000000	1.000000	1.000000	1.000000	149.000000	1.000000	1.000000
1.000000	1.000000	1.000000	1.000000	1.000000	1.000000	1.000000	1.000000	448.000000	406.000000	520.000000	339.000000	259.000000	1.000000	1.000000	1.000000	1.000000	1.000000	1.000000	1.000000	1.000000
1.000000	1.000000	1.000000	1.000000	1.000000	1.000000	1.000000	1.000000	1.000000	1.000000	1.000000	1.000000	1.000000	1.000000	1.000000	1.000000	1.000000	1.000000	1.000000	1.000000	1.000000
