21 25 0
622.000000	130.000000	1.000000	1.000000	363.000000	1054.000000	890.000000	828.000000	1107.000000	1247.000000	1255.000000	768.000000	627.000000	371.000000	520.000000	800.000000	353.000000	1.000000	1.000000	1.000000	1.000000
1.000000	1.000000	1.000000	1.000000	418.000000	1412.000000	1611.000000	1477.000000	2103.000000	2069.000000	1710.000000	1490.000000	1277.000000	1263.000000	1694.000000	1731.000000	551.000000	251.000000	125.000000	1.000000	1.000000
1.000000	1.000000	1.000000	1.000000	495.000000	820.000000	784.000000	699.000000	843.000000	1021.000000	1145.000000	963.000000	989.000000	1018.000000	1081.000000	715.000000	768.000000	135.000000	1.000000	1.000000	1.000000
1.000000	1.000000	1.000000	1.000000	120.000000	120.000000	1.000000	1.000000	1.000000	152.000000	452.000000	253.000000	1.000000	1.000000	1.000000	1.000000	1.000000	1.000000	1.000000	1.000000	1.000000
1.000000	1.000000	1.000000	660.000000	966.000000	1358.000000	1528.000000	1113.000000	1033.000000	614.000000	263.000000	193.000000	497.000000	631.000000	832.000000	1365.000000	1192.000000	1084.000000	375.000000	1.000000	1.000000
1.000000	1.000000	1362.000000	2111.000000	2386.000000	2848.000000	3233.000000	2792.000000	1951.000000	1049.000000	169.000000	574.000000	2342.000000	2914.000000	3166.000000	2525.000000	1853.000000	1586.000000	827.000000	1.000000	1.000000
1.000000	1.000000	334.000000	1041.000000	883.000000	970.000000	983.000000	881.000000	577.000000	121.000000	1.000000	409.000000	1124.000000	1169.000000	1055.000000	1.000000	115.000000	196.000000	1.000000	1.000000	1.000000
935.000000	1289.000000	1.000000	1.000000	588.000000	764.000000	393.000000	841.000000	1485.000000	732.000000	1.000000	1.000000	1.000000	1.000000	1.000000	877.000000	1299.000000	505.000000	296.000000	401.000000	399.000000
445.000000	443.000000	1.000000	1.000000	654.000000	1500.000000	997.000000	283.000000	417.000000	737.000000	140.000000	140.000000	1.000000	1.000000	733.000000	1462.000000	1825.000000	428.000000	1.000000	925.000000	925.000000
1499.000000	1499.000000	1.000000	1.000000	1.000000	1.000000	1.000000	1.000000	1.000000	1.000000	1.000000	1.000000	1.000000	1.000000	1.000000	1.000000	68.000000	1.000000	1.000000	620.000000	1088.000000
1.000000	131.000000	766.000000	805.000000	149.000000	149.000000	149.000000	273.000000	271.000000	455.000000	233.000000	1.000000	1.000000	159.000000	199.000000	213.000000	213.000000	145.000000	200.000000	1.000000	1.000000
1.000000	1.000000	1.000000	472.000000	810.000000	975.000000	1173.000000	2203.000000	2895.000000	2672.000000	1926.000000	2103.000000	1715.000000	1084.000000	708.000000	662.000000	668.000000	1.000000	1.000000	273.000000	1.000000
1.000000	1.000000	1.000000	1.000000	295.000000	643.000000	793.000000	1243.000000	1606.000000	1720.000000	1858.000000	1677.000000	866.000000	571.000000	499.000000	557.000000	593.000000	201.000000	1.000000	740.000000	1087.000000
1.000000	1.000000	1.000000	1.000000	1.000000	305.000000	138.000000	1.000000	1.000000	1.000000	1.000000	419.000000	1.000000	1.000000	494.000000	752.000000	547.000000	332.000000	329.000000	594.000000	891.000000
484.000000	610.000000	258.000000	686.000000	620.000000	1.000000	1.000000	295.000000	335.000000	1.000000	1.000000	1.000000	1.000000	123.000000	323.000000	342.000000	929.000000	738.000000	349.000000	1.000000	333.000000
1.000000	1.000000	1.000000	1.000000	1.000000	1168.000000	2036.000000	2740.000000	2521.000000	2296.000000	1568.000000	1526.000000	1065.000000	1009.000000	900.000000	982.000000	256.000000	417.000000	455.000000	259.000000	571.000000
1029.000000	321.000000	1.000000	1.000000	139.000000	1726.000000	2018.000000	1318.000000	1356.000000	1654.000000	1584.000000	1750.000000	2071.000000	2132.000000	1363.000000	431.000000	1.000000	1.000000	608.000000	1539.000000	1198.000000
484.000000	2394.000000	405.000000	1.000000	1.000000	1.000000	1.000000	1.000000	1.000000	1.000000	1.000000	1.000000	1.000000	1.000000	1.000000	1.000000	1.000000	203.000000	214.000000	978.000000	565.000000
1.000000	344.000000	484.000000	1.000000	1.000000	1.000000	560.000000	1063.000000	1716.000000	1889.000000	1553.000000	1327.000000	504.000000	217.000000	225.000000	176.000000	1.000000	1.000000	305.000000	304.000000	1.000000
1.000000	361.000000	639.000000	1.000000	1.000000	546.000000	2243.000000	2475.000000	1432.000000	945.000000	681.000000	701.000000	1103.000000	1353.000000	1119.000000	127.000000	507.000000	381.000000	836.000000	835.000000	1.000000
121.000000	1.000000	1.000000	1.000000	1.000000	1.000000	1.000000	1.000000	1.000000	1.000000	1.000000	1.000000	1.000000	1.000000	1.000000	1.000000	1.000000	1.000000	1.000000	1.000000	1.000000
121.000000	1.000000	1.000000	1.000000	179.000000	741.000000	1.000000	1.000000	1.000000	396.000000	439.000000	398.000000	158.000000	1.000000	64.000000	605.000000	406.000000	1.000000	221.000000	220.000000	1.000000
123.000000	1.000000	1.000000	1.000000	1.000000	354.000000	1875.000000	2014.000000	2263.000000	2396.000000	2212.000000	2052.000000	1773.000000	1522.000000	1461.000000	1068.000000	135.000000	1.000000	1.000000	137.000000	141.000000
60.000000	1.000000	485.000000	485.000000	1.000000	1.000000	493.000000	1148.000000	1451.000000	1156.000000	1357.000000	1592.000000	1706.000000	1257.000000	354.000000	176.000000	1.000000	1.000000	1.000000	130.000000	256.000000
1.000000	1.000000	1.000000	1.000000	1.000000	1.000000	1.000000	1.000000	186.000000	135.000000	1.000000	1.000000	1.000000	159.000000	1.000000	1.000000	137.000000	168.000000	1.000000	1.000000	1.000000
