21 25 0
1198.000000	1334.000000	1.000000	1.000000	1.000000	246.000000	1.000000	1.000000	1.000000	289.000000	307.000000	689.000000	732.000000	1.000000	1.000000	219.000000	596.000000	1062.000000	880.000000	552.000000	179.000000
1133.000000	1.000000	1.000000	119.000000	1241.000000	413.000000	145.000000	153.000000	1.000000	1.000000	1.000000	1.000000	1.000000	1.000000	1.000000	219.000000	294.000000	752.000000	1774.000000	1021.000000	396.000000
1569.000000	1.000000	1.000000	706.000000	1235.000000	700.000000	147.000000	289.000000	509.000000	1.000000	1.000000	137.000000	1.000000	1.000000	1.000000	1.000000	439.000000	325.000000	1279.000000	1378.000000	793.000000
988.000000	1.000000	570.000000	2128.000000	689.000000	385.000000	1.000000	387.000000	535.000000	1.000000	133.000000	1.000000	1.000000	1.000000	1.000000	1.000000	120.000000	335.000000	643.000000	1903.000000	1150.000000
1.000000	1.000000	868.000000	1678.000000	367.000000	1.000000	197.000000	185.000000	157.000000	1.000000	1.000000	1.000000	1.000000	1.000000	1.000000	431.000000	263.000000	416.000000	458.000000	1897.000000	1338.000000
1.000000	1.000000	1758.000000	2175.000000	368.000000	366.000000	1.000000	1.000000	1.000000	1.000000	1.000000	516.000000	167.000000	381.000000	1.000000	432.000000	263.000000	416.000000	343.000000	1480.000000	1746.000000
1.000000	209.000000	3708.000000	1931.000000	1.000000	618.000000	513.000000	441.000000	1.000000	1.000000	361.000000	2046.000000	1431.000000	439.000000	1.000000	1.000000	431.000000	673.000000	392.000000	730.000000	1680.000000
1.000000	327.000000	3148.000000	125.000000	1.000000	585.000000	513.000000	233.000000	1.000000	1.000000	865.000000	2517.000000	1570.000000	1.000000	1.000000	1.000000	431.000000	643.000000	498.000000	565.000000	1938.000000
1.000000	1.000000	2270.000000	1.000000	2015.000000	1509.000000	189.000000	327.000000	1.000000	1.000000	1450.000000	1827.000000	649.000000	119.000000	468.000000	1.000000	1.000000	1.000000	297.000000	1306.000000	1899.000000
1.000000	1.000000	1891.000000	1073.000000	2405.000000	598.000000	1.000000	323.000000	1.000000	1.000000	1125.000000	1206.000000	1.000000	163.000000	1270.000000	1.000000	1.000000	247.000000	397.000000	2135.000000	1868.000000
1.000000	1.000000	918.000000	1503.000000	1256.000000	1.000000	1.000000	1.000000	1.000000	735.000000	647.000000	998.000000	1.000000	490.000000	909.000000	208.000000	1.000000	248.000000	399.000000	2339.000000	1680.000000
1.000000	1.000000	382.000000	1582.000000	698.000000	1.000000	1.000000	1.000000	703.000000	377.000000	1.000000	1215.000000	1.000000	481.000000	557.000000	570.000000	465.000000	441.000000	478.000000	1336.000000	1168.000000
1.000000	1.000000	1046.000000	1227.000000	655.000000	385.000000	1.000000	1.000000	638.000000	345.000000	1.000000	1029.000000	1.000000	415.000000	666.000000	1105.000000	199.000000	243.000000	767.000000	784.000000	989.000000
1.000000	1.000000	1371.000000	1451.000000	1222.000000	189.000000	1.000000	1.000000	736.000000	748.000000	261.000000	1.000000	1.000000	225.000000	932.000000	1126.000000	133.000000	275.000000	797.000000	1157.000000	237.000000
1.000000	771.000000	1061.000000	1426.000000	964.000000	1.000000	1.000000	1.000000	1063.000000	1256.000000	190.000000	1.000000	1.000000	225.000000	453.000000	763.000000	277.000000	309.000000	581.000000	957.000000	612.000000
1.000000	655.000000	1.000000	1123.000000	824.000000	1.000000	1.000000	1.000000	467.000000	1098.000000	191.000000	1.000000	1.000000	1.000000	420.000000	518.000000	283.000000	377.000000	461.000000	81.000000	1340.000000
265.000000	1.000000	58.000000	885.000000	1252.000000	191.000000	219.000000	1.000000	325.000000	493.000000	1.000000	1.000000	119.000000	1.000000	179.000000	494.000000	284.000000	377.000000	911.000000	489.000000	674.000000
405.000000	1.000000	1.000000	1917.000000	1663.000000	397.000000	193.000000	1.000000	1042.000000	493.000000	1.000000	1.000000	451.000000	1.000000	283.000000	137.000000	1.000000	838.000000	1515.000000	1601.000000	218.000000
1573.000000	439.000000	1.000000	1392.000000	1570.000000	207.000000	1.000000	144.000000	1690.000000	765.000000	1.000000	1.000000	1.000000	171.000000	285.000000	1.000000	1.000000	838.000000	2154.000000	1454.000000	1.000000
1549.000000	441.000000	1.000000	385.000000	1593.000000	1.000000	1.000000	582.000000	2096.000000	934.000000	265.000000	1.000000	1.000000	1.000000	1.000000	1.000000	473.000000	1106.000000	1781.000000	1039.000000	1.000000
585.000000	1437.000000	1.000000	183.000000	1744.000000	1.000000	1.000000	1.000000	535.000000	1.000000	1.000000	1.000000	1.000000	1.000000	1.000000	222.000000	724.000000	1114.000000	2028.000000	761.000000	1.000000
254.000000	2469.000000	1.000000	264.000000	3333.000000	1.000000	1.000000	1.000000	365.000000	1.000000	1.000000	1.000000	221.000000	375.000000	1023.000000	858.000000	498.000000	1206.000000	2328.000000	1356.000000	1.000000
665.000000	1809.000000	1.000000	264.000000	3865.000000	1.000000	1.000000	1.000000	1.000000	1.000000	1.000000	1.000000	229.000000	872.000000	1172.000000	815.000000	172.000000	953.000000	2501.000000	1272.000000	1.000000
1188.000000	1373.000000	1.000000	143.000000	2958.000000	716.000000	1.000000	1.000000	1.000000	159.000000	1.000000	1.000000	231.000000	860.000000	315.000000	167.000000	216.000000	951.000000	2081.000000	1527.000000	1.000000
834.000000	1654.000000	1.000000	312.000000	1858.000000	871.000000	1.000000	212.000000	171.000000	1.000000	1.000000	1.000000	1.000000	1.000000	1.000000	1.000000	217.000000	739.000000	1887.000000	1477.000000	1.000000
