21 25 0
1.000000	1.000000	1.000000	1.000000	1.000000	1.000000	1.000000	1.000000	435.000000	319.000000	1.000000	1.000000	1.000000	1.000000	1.000000	121.000000	1.000000	141.000000	127.000000	983.000000	597.000000
1.000000	1.000000	1.000000	1.000000	1.000000	235.000000	269.000000	445.000000	949.000000	833.000000	684.000000	651.000000	734.000000	820.000000	655.000000	811.000000	537.000000	608.000000	546.000000	613.000000	598.000000
268.000000	417.000000	1.000000	1.000000	1.000000	1.000000	1.000000	271.000000	443.000000	934.000000	721.000000	586.000000	533.000000	975.000000	623.000000	406.000000	887.000000	933.000000	154.000000	1.000000	428.000000
547.000000	549.000000	1.000000	1.000000	1.000000	1.000000	1.000000	1.000000	67.000000	155.000000	156.000000	1.000000	1.000000	1.000000	1.000000	119.000000	241.000000	243.000000	1.000000	74.000000	388.000000
391.000000	1084.000000	1.000000	1.000000	1.000000	296.000000	411.000000	1.000000	1.000000	530.000000	237.000000	1.000000	165.000000	193.000000	611.000000	1.000000	1.000000	263.000000	1.000000	201.000000	1.000000
410.000000	837.000000	1.000000	1.000000	1.000000	972.000000	1521.000000	1571.000000	1168.000000	935.000000	186.000000	480.000000	1260.000000	1540.000000	1470.000000	840.000000	209.000000	1059.000000	1156.000000	370.000000	1.000000
1085.000000	403.000000	1.000000	1.000000	1.000000	1.000000	248.000000	935.000000	2667.000000	720.000000	1.000000	1.000000	333.000000	414.000000	979.000000	961.000000	450.000000	1.000000	1542.000000	867.000000	148.000000
1919.000000	1383.000000	1.000000	1.000000	1.000000	445.000000	1.000000	497.000000	1739.000000	2089.000000	1.000000	1.000000	1.000000	1.000000	501.000000	1822.000000	1491.000000	433.000000	1.000000	478.000000	144.000000
2289.000000	1304.000000	427.000000	1.000000	1.000000	296.000000	111.000000	1.000000	756.000000	1558.000000	1.000000	1.000000	1.000000	1.000000	281.000000	1219.000000	1769.000000	763.000000	1.000000	1.000000	1.000000
1997.000000	1669.000000	437.000000	1.000000	1.000000	1.000000	1.000000	1.000000	1.000000	261.000000	1.000000	1.000000	1.000000	1.000000	1.000000	255.000000	192.000000	354.000000	616.000000	1.000000	128.000000
408.000000	2371.000000	241.000000	1.000000	1.000000	1.000000	149.000000	409.000000	1.000000	1.000000	1.000000	1.000000	1.000000	175.000000	207.000000	1.000000	123.000000	1.000000	428.000000	1.000000	128.000000
281.000000	214.000000	267.000000	1.000000	298.000000	438.000000	740.000000	1715.000000	338.000000	1153.000000	587.000000	511.000000	597.000000	803.000000	112.000000	480.000000	217.000000	1.000000	1.000000	1.000000	1.000000
1032.000000	257.000000	1.000000	1.000000	1.000000	1.000000	949.000000	429.000000	283.000000	460.000000	1289.000000	202.000000	1060.000000	1128.000000	615.000000	237.000000	304.000000	353.000000	208.000000	1.000000	1.000000
988.000000	964.000000	1.000000	1.000000	1.000000	131.000000	140.000000	1.000000	1.000000	1.000000	419.000000	315.000000	286.000000	783.000000	553.000000	123.000000	595.000000	690.000000	165.000000	1.000000	1.000000
1273.000000	1600.000000	214.000000	1.000000	1.000000	1.000000	295.000000	1.000000	1.000000	1.000000	1.000000	1.000000	315.000000	171.000000	247.000000	363.000000	503.000000	975.000000	390.000000	168.000000	1.000000
1119.000000	1119.000000	1.000000	143.000000	1.000000	742.000000	1983.000000	854.000000	1146.000000	1071.000000	606.000000	906.000000	1.000000	139.000000	269.000000	324.000000	441.000000	478.000000	400.000000	1.000000	1.000000
2206.000000	1287.000000	461.000000	1.000000	143.000000	365.000000	416.000000	840.000000	397.000000	148.000000	1.000000	373.000000	1006.000000	165.000000	661.000000	468.000000	361.000000	121.000000	1.000000	1.000000	811.000000
308.000000	3107.000000	996.000000	1.000000	1.000000	1.000000	1.000000	1.000000	1.000000	1.000000	1.000000	1.000000	1.000000	1.000000	171.000000	389.000000	217.000000	59.000000	1.000000	1.000000	256.000000
1.000000	1635.000000	2736.000000	1.000000	1.000000	1.000000	491.000000	1.000000	1.000000	431.000000	294.000000	397.000000	477.000000	181.000000	166.000000	171.000000	68.000000	1.000000	1.000000	1.000000	131.000000
1.000000	360.000000	2727.000000	1.000000	1.000000	161.000000	490.000000	321.000000	1.000000	1.000000	411.000000	934.000000	966.000000	1043.000000	294.000000	132.000000	161.000000	162.000000	1.000000	1.000000	1.000000
1.000000	1.000000	1740.000000	1.000000	1.000000	1.000000	1.000000	1.000000	1.000000	1.000000	1.000000	1.000000	1.000000	1.000000	124.000000	117.000000	1.000000	379.000000	1.000000	126.000000	1.000000
1.000000	1.000000	1168.000000	1.000000	1.000000	1090.000000	491.000000	1.000000	1.000000	1.000000	1.000000	184.000000	1.000000	1.000000	1.000000	294.000000	139.000000	285.000000	1.000000	279.000000	387.000000
182.000000	1.000000	1732.000000	901.000000	1.000000	767.000000	1748.000000	1903.000000	1609.000000	1596.000000	1993.000000	1562.000000	903.000000	365.000000	205.000000	145.000000	348.000000	1.000000	1.000000	275.000000	506.000000
1.000000	1.000000	1296.000000	1130.000000	1.000000	1.000000	452.000000	618.000000	385.000000	1.000000	683.000000	1431.000000	1277.000000	687.000000	1.000000	267.000000	648.000000	206.000000	1.000000	134.000000	469.000000
1.000000	1.000000	1075.000000	1447.000000	1.000000	1.000000	1.000000	1.000000	181.000000	1.000000	1.000000	1.000000	256.000000	159.000000	1.000000	125.000000	263.000000	314.000000	1.000000	1.000000	495.000000
