21 25 0
1.000000	1.000000	1.000000	1.000000	1.000000	1.000000	522.000000	366.000000	417.000000	431.000000	490.000000	758.000000	715.000000	669.000000	335.000000	523.000000	1286.000000	1684.000000	1330.000000	802.000000	263.000000
1.000000	1.000000	1.000000	1.000000	1.000000	1.000000	1.000000	1.000000	1.000000	1.000000	1.000000	1.000000	1.000000	1.000000	1.000000	336.000000	429.000000	1043.000000	1872.000000	1289.000000	574.000000
1.000000	1.000000	1.000000	1.000000	125.000000	316.000000	303.000000	153.000000	163.000000	1.000000	1.000000	1.000000	1.000000	1.000000	1.000000	1.000000	337.000000	291.000000	1175.000000	1498.000000	822.000000
1.000000	1.000000	1.000000	486.000000	507.000000	552.000000	334.000000	767.000000	861.000000	784.000000	305.000000	1.000000	300.000000	1.000000	195.000000	255.000000	1.000000	323.000000	351.000000	1853.000000	929.000000
1.000000	1.000000	1.000000	1.000000	117.000000	133.000000	214.000000	156.000000	330.000000	304.000000	133.000000	1.000000	1.000000	1.000000	125.000000	1.000000	1.000000	389.000000	255.000000	1551.000000	1015.000000
1.000000	1.000000	1.000000	435.000000	1.000000	1.000000	1.000000	1.000000	1.000000	1.000000	1.000000	1.000000	1.000000	1.000000	1.000000	1.000000	337.000000	414.000000	390.000000	975.000000	1153.000000
1.000000	1.000000	1427.000000	180.000000	1.000000	673.000000	954.000000	1.000000	1.000000	733.000000	150.000000	1583.000000	689.000000	1.000000	1.000000	1.000000	909.000000	1294.000000	388.000000	505.000000	1255.000000
1.000000	1.000000	1404.000000	197.000000	1.000000	71.000000	858.000000	1220.000000	1.000000	409.000000	654.000000	1610.000000	1671.000000	485.000000	198.000000	433.000000	447.000000	1354.000000	719.000000	1.000000	445.000000
1.000000	1.000000	1572.000000	928.000000	716.000000	347.000000	1.000000	121.000000	355.000000	1.000000	1.000000	584.000000	1103.000000	1496.000000	1054.000000	1.000000	1.000000	1.000000	1.000000	113.000000	1.000000
187.000000	1.000000	1.000000	1588.000000	2074.000000	1690.000000	311.000000	651.000000	1379.000000	1.000000	243.000000	462.000000	280.000000	1029.000000	1934.000000	1236.000000	1.000000	1.000000	1.000000	1191.000000	793.000000
1.000000	1.000000	1.000000	654.000000	791.000000	495.000000	1.000000	289.000000	395.000000	347.000000	289.000000	664.000000	341.000000	395.000000	1006.000000	1402.000000	495.000000	199.000000	181.000000	900.000000	1656.000000
1.000000	1.000000	1.000000	1.000000	1.000000	1.000000	1.000000	1.000000	1.000000	1.000000	1.000000	141.000000	1.000000	392.000000	197.000000	321.000000	207.000000	1.000000	1.000000	1.000000	1216.000000
1.000000	1.000000	1.000000	679.000000	449.000000	1.000000	1.000000	333.000000	269.000000	405.000000	1.000000	1.000000	131.000000	385.000000	500.000000	341.000000	1.000000	1.000000	1.000000	1.000000	1.000000
1.000000	1.000000	147.000000	455.000000	461.000000	1.000000	1.000000	877.000000	1518.000000	1229.000000	663.000000	375.000000	326.000000	249.000000	681.000000	465.000000	421.000000	1.000000	1.000000	120.000000	433.000000
1.000000	1.000000	131.000000	421.000000	147.000000	1.000000	1.000000	229.000000	1481.000000	1143.000000	1085.000000	149.000000	227.000000	514.000000	225.000000	508.000000	1.000000	272.000000	1.000000	567.000000	664.000000
1.000000	420.000000	1.000000	431.000000	1.000000	1.000000	1.000000	1.000000	1.000000	1.000000	393.000000	1.000000	1.000000	1.000000	1.000000	1.000000	281.000000	1.000000	241.000000	1.000000	681.000000
131.000000	1.000000	1116.000000	640.000000	1150.000000	1.000000	1.000000	1.000000	431.000000	489.000000	1.000000	1.000000	1.000000	1.000000	1.000000	384.000000	1.000000	207.000000	1.000000	1.000000	1.000000
129.000000	1.000000	1.000000	835.000000	1239.000000	379.000000	1372.000000	831.000000	1310.000000	1539.000000	866.000000	147.000000	619.000000	817.000000	283.000000	165.000000	384.000000	457.000000	263.000000	1.000000	1.000000
1278.000000	123.000000	1.000000	117.000000	1.000000	1.000000	1.000000	183.000000	693.000000	1.000000	357.000000	363.000000	1.000000	335.000000	983.000000	283.000000	1.000000	379.000000	1.000000	1.000000	1.000000
909.000000	1.000000	1.000000	1.000000	140.000000	217.000000	1.000000	1.000000	1.000000	520.000000	1.000000	1.000000	1.000000	1.000000	165.000000	1.000000	62.000000	727.000000	436.000000	1.000000	1.000000
842.000000	237.000000	1.000000	1.000000	1.000000	1.000000	498.000000	329.000000	1463.000000	2095.000000	1840.000000	1330.000000	883.000000	511.000000	177.000000	66.000000	438.000000	854.000000	1674.000000	133.000000	1.000000
244.000000	397.000000	1.000000	1.000000	1.000000	1.000000	1.000000	159.000000	363.000000	363.000000	1.000000	563.000000	308.000000	152.000000	286.000000	1.000000	469.000000	898.000000	1945.000000	471.000000	1.000000
1.000000	126.000000	1.000000	1.000000	1699.000000	1.000000	1.000000	1.000000	1.000000	1.000000	1.000000	1.000000	1.000000	1.000000	60.000000	1.000000	412.000000	730.000000	1170.000000	961.000000	1.000000
624.000000	277.000000	1.000000	1.000000	1879.000000	1545.000000	237.000000	1.000000	1.000000	1.000000	1.000000	1.000000	1.000000	1.000000	1.000000	1.000000	1.000000	890.000000	1576.000000	1278.000000	1.000000
785.000000	328.000000	1.000000	1.000000	289.000000	1039.000000	1072.000000	1124.000000	600.000000	135.000000	115.000000	58.000000	1.000000	1.000000	1.000000	1.000000	1.000000	227.000000	817.000000	1385.000000	1.000000
