21 25 0
1.000000	1.000000	1504.000000	1904.000000	1088.000000	843.000000	904.000000	959.000000	953.000000	826.000000	647.000000	769.000000	1170.000000	1241.000000	1018.000000	910.000000	1323.000000	1318.000000	1105.000000	427.000000	1.000000
1.000000	522.000000	964.000000	753.000000	1.000000	1.000000	1.000000	1.000000	1.000000	1.000000	1.000000	1.000000	1.000000	1.000000	1.000000	275.000000	234.000000	627.000000	1373.000000	136.000000	394.000000
1.000000	1.000000	1.000000	1.000000	1.000000	127.000000	356.000000	320.000000	165.000000	165.000000	1.000000	1.000000	183.000000	185.000000	125.000000	125.000000	138.000000	1.000000	592.000000	181.000000	1.000000
1.000000	419.000000	419.000000	655.000000	540.000000	1619.000000	2094.000000	1917.000000	1097.000000	830.000000	964.000000	891.000000	889.000000	1419.000000	1937.000000	1931.000000	913.000000	492.000000	477.000000	522.000000	172.000000
830.000000	570.000000	1.000000	1.000000	499.000000	1217.000000	1140.000000	912.000000	628.000000	741.000000	738.000000	788.000000	884.000000	1192.000000	1216.000000	693.000000	376.000000	123.000000	1.000000	394.000000	786.000000
827.000000	467.000000	1.000000	1.000000	1.000000	1.000000	1.000000	1.000000	866.000000	119.000000	1.000000	1.000000	1.000000	1.000000	1.000000	503.000000	1.000000	1.000000	437.000000	299.000000	635.000000
820.000000	1.000000	1.000000	359.000000	1312.000000	1773.000000	1040.000000	249.000000	413.000000	1650.000000	1198.000000	445.000000	127.000000	250.000000	610.000000	1210.000000	1740.000000	1237.000000	1.000000	289.000000	287.000000
1.000000	1.000000	179.000000	1.000000	707.000000	912.000000	1241.000000	1659.000000	839.000000	1130.000000	797.000000	614.000000	1247.000000	1480.000000	1188.000000	758.000000	536.000000	246.000000	1.000000	1.000000	1.000000
269.000000	269.000000	867.000000	718.000000	349.000000	349.000000	257.000000	665.000000	763.000000	313.000000	1.000000	1.000000	389.000000	1087.000000	379.000000	203.000000	251.000000	251.000000	456.000000	1.000000	1.000000
657.000000	1010.000000	532.000000	1030.000000	1444.000000	2168.000000	2469.000000	2876.000000	2908.000000	1073.000000	304.000000	304.000000	903.000000	1631.000000	2030.000000	1761.000000	1637.000000	801.000000	1.000000	399.000000	399.000000
465.000000	307.000000	1.000000	1.000000	463.000000	1271.000000	1642.000000	1815.000000	1661.000000	1278.000000	986.000000	954.000000	1030.000000	897.000000	1225.000000	1496.000000	897.000000	129.000000	1.000000	1.000000	1107.000000
186.000000	1.000000	1.000000	1.000000	1.000000	125.000000	125.000000	1.000000	1.000000	1.000000	1.000000	1.000000	1.000000	233.000000	160.000000	338.000000	334.000000	264.000000	328.000000	787.000000	489.000000
1.000000	1.000000	1.000000	113.000000	1.000000	1.000000	1.000000	293.000000	335.000000	474.000000	231.000000	271.000000	269.000000	249.000000	465.000000	331.000000	347.000000	125.000000	1.000000	1.000000	1.000000
1.000000	1.000000	1.000000	1.000000	169.000000	346.000000	905.000000	1546.000000	2019.000000	2166.000000	1499.000000	1653.000000	1863.000000	401.000000	556.000000	645.000000	643.000000	208.000000	1.000000	179.000000	1.000000
1.000000	1.000000	1.000000	1.000000	407.000000	1054.000000	1947.000000	1480.000000	1366.000000	1284.000000	1750.000000	2076.000000	1506.000000	1024.000000	518.000000	225.000000	526.000000	190.000000	1.000000	1.000000	800.000000
182.000000	1.000000	1.000000	1.000000	129.000000	143.000000	1.000000	1.000000	1.000000	1.000000	121.000000	418.000000	1.000000	1.000000	1.000000	1.000000	1.000000	1.000000	1.000000	549.000000	169.000000
1.000000	128.000000	153.000000	294.000000	317.000000	316.000000	1.000000	453.000000	947.000000	461.000000	119.000000	1.000000	1.000000	1.000000	1.000000	1.000000	159.000000	238.000000	238.000000	1.000000	1.000000
1.000000	1.000000	1.000000	400.000000	541.000000	2508.000000	3512.000000	3406.000000	2470.000000	2736.000000	2398.000000	1670.000000	2141.000000	1995.000000	1882.000000	1114.000000	575.000000	1.000000	1.000000	1.000000	266.000000
271.000000	1.000000	1.000000	1.000000	1.000000	671.000000	783.000000	266.000000	119.000000	455.000000	485.000000	229.000000	581.000000	1172.000000	650.000000	213.000000	1.000000	1.000000	1.000000	1.000000	269.000000
115.000000	1.000000	477.000000	477.000000	1.000000	1.000000	1.000000	1.000000	1.000000	395.000000	627.000000	627.000000	409.000000	1.000000	1.000000	1.000000	1.000000	1.000000	219.000000	219.000000	136.000000
1.000000	1.000000	1.000000	1.000000	1.000000	138.000000	876.000000	1508.000000	2483.000000	2677.000000	2448.000000	2180.000000	1510.000000	1154.000000	874.000000	396.000000	1.000000	1.000000	497.000000	496.000000	141.000000
254.000000	131.000000	477.000000	475.000000	1.000000	1.000000	523.000000	1181.000000	1311.000000	1005.000000	998.000000	1128.000000	1117.000000	866.000000	153.000000	1.000000	490.000000	892.000000	875.000000	601.000000	125.000000
1.000000	1.000000	464.000000	463.000000	1.000000	1.000000	1.000000	1.000000	1.000000	1.000000	1.000000	1.000000	1.000000	1.000000	1.000000	1.000000	471.000000	471.000000	1.000000	1.000000	1.000000
203.000000	583.000000	1066.000000	189.000000	204.000000	666.000000	373.000000	191.000000	191.000000	1.000000	1.000000	1.000000	1.000000	1.000000	1.000000	775.000000	585.000000	66.000000	452.000000	451.000000	1.000000
132.000000	522.000000	1.000000	1.000000	1.000000	396.000000	1144.000000	1354.000000	1021.000000	1240.000000	1384.000000	671.000000	653.000000	805.000000	887.000000	457.000000	324.000000	1.000000	132.000000	143.000000	285.000000
