21 25 0
1.000000	1.000000	1787.000000	2076.000000	133.000000	1.000000	1.000000	1.000000	306.000000	1.000000	1.000000	1.000000	243.000000	355.000000	791.000000	1.000000	1.000000	153.000000	139.000000	429.000000	676.000000
1.000000	924.000000	3129.000000	1240.000000	1.000000	1.000000	1.000000	1.000000	145.000000	318.000000	1.000000	1.000000	243.000000	1.000000	1.000000	1.000000	247.000000	127.000000	276.000000	135.000000	692.000000
258.000000	2395.000000	2121.000000	1.000000	1.000000	1.000000	1.000000	1.000000	143.000000	451.000000	472.000000	1.000000	169.000000	148.000000	153.000000	125.000000	666.000000	497.000000	426.000000	1.000000	637.000000
805.000000	3191.000000	1768.000000	1.000000	1.000000	1.000000	1.000000	1.000000	143.000000	132.000000	340.000000	1.000000	303.000000	1.000000	1.000000	118.000000	362.000000	827.000000	427.000000	494.000000	388.000000
996.000000	3218.000000	650.000000	1.000000	1.000000	1.000000	1.000000	1.000000	1.000000	129.000000	1.000000	1.000000	1.000000	1.000000	1.000000	1.000000	1.000000	595.000000	601.000000	716.000000	163.000000
1594.000000	2775.000000	1.000000	1.000000	1.000000	1.000000	1.000000	1.000000	1.000000	730.000000	167.000000	1.000000	1.000000	1.000000	1.000000	505.000000	391.000000	565.000000	1019.000000	666.000000	1.000000
2478.000000	2583.000000	1.000000	505.000000	507.000000	1.000000	1.000000	1.000000	2259.000000	1916.000000	62.000000	1.000000	1.000000	1.000000	419.000000	2125.000000	953.000000	477.000000	2083.000000	556.000000	266.000000
2274.000000	2391.000000	1.000000	507.000000	507.000000	1.000000	1.000000	1.000000	2809.000000	2324.000000	1.000000	1.000000	1.000000	1.000000	658.000000	1707.000000	921.000000	1.000000	1789.000000	601.000000	295.000000
2334.000000	2728.000000	425.000000	1.000000	1.000000	1.000000	725.000000	1.000000	2335.000000	1800.000000	1.000000	1.000000	1.000000	208.000000	254.000000	847.000000	698.000000	463.000000	1875.000000	475.000000	1.000000
2120.000000	3033.000000	745.000000	1.000000	1.000000	1.000000	1260.000000	968.000000	1673.000000	396.000000	1.000000	1.000000	1.000000	703.000000	1.000000	431.000000	696.000000	1049.000000	1377.000000	1.000000	1.000000
1649.000000	3419.000000	673.000000	1.000000	1.000000	1.000000	1198.000000	1730.000000	222.000000	145.000000	1.000000	1.000000	451.000000	947.000000	1.000000	244.000000	601.000000	534.000000	1649.000000	128.000000	1.000000
1100.000000	2279.000000	198.000000	1.000000	1.000000	1.000000	1164.000000	1354.000000	1.000000	1.000000	383.000000	1.000000	708.000000	1261.000000	1.000000	209.000000	399.000000	647.000000	935.000000	505.000000	301.000000
1849.000000	1574.000000	1.000000	1.000000	1.000000	209.000000	720.000000	994.000000	1.000000	1.000000	1.000000	213.000000	1507.000000	1489.000000	427.000000	1.000000	335.000000	1105.000000	888.000000	1.000000	197.000000
2417.000000	1625.000000	171.000000	1.000000	1.000000	283.000000	1375.000000	968.000000	1.000000	1.000000	185.000000	924.000000	1357.000000	1231.000000	393.000000	252.000000	837.000000	1411.000000	598.000000	901.000000	1.000000
2499.000000	1593.000000	310.000000	1.000000	1.000000	818.000000	1564.000000	452.000000	321.000000	1.000000	710.000000	656.000000	220.000000	1.000000	1.000000	274.000000	881.000000	1003.000000	389.000000	467.000000	140.000000
1515.000000	1516.000000	339.000000	1.000000	151.000000	161.000000	1197.000000	1.000000	1.000000	1.000000	477.000000	453.000000	1.000000	301.000000	133.000000	281.000000	645.000000	857.000000	275.000000	1.000000	1.000000
1445.000000	1940.000000	451.000000	1.000000	193.000000	1.000000	1058.000000	503.000000	1.000000	1.000000	1.000000	295.000000	1.000000	301.000000	484.000000	563.000000	853.000000	824.000000	253.000000	1.000000	236.000000
261.000000	2954.000000	957.000000	203.000000	143.000000	1.000000	1700.000000	839.000000	1.000000	1.000000	1.000000	1.000000	654.000000	227.000000	294.000000	853.000000	868.000000	1215.000000	1.000000	501.000000	458.000000
1.000000	2223.000000	2389.000000	437.000000	1.000000	380.000000	1935.000000	339.000000	1.000000	1.000000	84.000000	341.000000	794.000000	460.000000	1.000000	562.000000	741.000000	1203.000000	1.000000	631.000000	1584.000000
1.000000	643.000000	2721.000000	439.000000	1.000000	323.000000	228.000000	1.000000	1.000000	1.000000	1.000000	564.000000	747.000000	460.000000	1.000000	522.000000	574.000000	815.000000	472.000000	690.000000	1244.000000
1.000000	177.000000	2835.000000	1297.000000	1.000000	623.000000	1.000000	161.000000	1.000000	1.000000	1.000000	1.000000	1.000000	67.000000	1.000000	193.000000	937.000000	773.000000	476.000000	1015.000000	1220.000000
1.000000	1.000000	3355.000000	2432.000000	1.000000	1352.000000	913.000000	864.000000	1.000000	1.000000	1.000000	1.000000	1.000000	1.000000	1.000000	370.000000	953.000000	1351.000000	414.000000	837.000000	1307.000000
131.000000	1.000000	3982.000000	1918.000000	1.000000	323.000000	1223.000000	799.000000	1.000000	1.000000	1.000000	1.000000	1.000000	1.000000	1.000000	863.000000	1316.000000	1520.000000	133.000000	539.000000	1517.000000
194.000000	150.000000	3388.000000	1824.000000	1.000000	1.000000	270.000000	1.000000	1.000000	1.000000	1.000000	361.000000	186.000000	137.000000	1.000000	867.000000	1690.000000	1677.000000	134.000000	610.000000	1381.000000
129.000000	183.000000	1497.000000	1821.000000	1.000000	1.000000	1.000000	1.000000	1.000000	1.000000	1.000000	223.000000	265.000000	263.000000	490.000000	578.000000	1174.000000	1293.000000	126.000000	660.000000	1261.000000
