21 25 0
1111.000000	1013.000000	1.000000	1.000000	396.000000	476.000000	1.000000	145.000000	1.000000	203.000000	1.000000	1.000000	1.000000	1.000000	1.000000	1.000000	192.000000	1.000000	1.000000	1.000000	1.000000
854.000000	1.000000	1.000000	985.000000	1602.000000	979.000000	751.000000	925.000000	582.000000	746.000000	1.000000	899.000000	469.000000	392.000000	296.000000	139.000000	1.000000	1.000000	1.000000	1.000000	1.000000
763.000000	1.000000	1.000000	867.000000	1266.000000	693.000000	546.000000	456.000000	440.000000	157.000000	575.000000	744.000000	320.000000	303.000000	265.000000	1.000000	1.000000	1.000000	1.000000	1.000000	1.000000
237.000000	1.000000	1.000000	119.000000	276.000000	1.000000	1.000000	1.000000	1.000000	1.000000	145.000000	1.000000	1.000000	1.000000	1.000000	1.000000	1.000000	1.000000	1.000000	295.000000	1.000000
1.000000	1.000000	1.000000	846.000000	790.000000	341.000000	728.000000	1313.000000	562.000000	1.000000	1.000000	1.000000	1.000000	1.000000	481.000000	1023.000000	1185.000000	1.000000	1.000000	265.000000	1.000000
1.000000	1.000000	1685.000000	2508.000000	1609.000000	697.000000	2561.000000	2567.000000	1125.000000	1.000000	1.000000	224.000000	1444.000000	1780.000000	2324.000000	1975.000000	1.000000	153.000000	1.000000	321.000000	300.000000
1.000000	482.000000	2372.000000	1696.000000	336.000000	988.000000	679.000000	1.000000	1.000000	1.000000	1.000000	1354.000000	1899.000000	1001.000000	1.000000	1.000000	175.000000	1.000000	483.000000	1.000000	574.000000
1.000000	473.000000	1388.000000	1.000000	385.000000	1817.000000	1.000000	1.000000	1.000000	1.000000	1.000000	1196.000000	189.000000	1.000000	1.000000	251.000000	1.000000	507.000000	129.000000	1.000000	1335.000000
1.000000	1.000000	1.000000	1.000000	2319.000000	1285.000000	204.000000	1.000000	1.000000	1.000000	831.000000	855.000000	71.000000	1.000000	1.000000	377.000000	897.000000	1.000000	181.000000	1063.000000	1379.000000
1.000000	1.000000	1.000000	413.000000	1385.000000	202.000000	1.000000	1.000000	1.000000	1.000000	671.000000	506.000000	1.000000	1.000000	1.000000	1.000000	1.000000	1.000000	396.000000	1133.000000	1595.000000
1.000000	1.000000	235.000000	941.000000	421.000000	1.000000	1.000000	1.000000	255.000000	660.000000	1.000000	405.000000	235.000000	1.000000	1.000000	1.000000	175.000000	91.000000	663.000000	809.000000	824.000000
1.000000	1.000000	242.000000	1110.000000	859.000000	1.000000	1.000000	267.000000	1107.000000	1907.000000	1274.000000	1378.000000	844.000000	1.000000	1.000000	484.000000	391.000000	658.000000	1.000000	1124.000000	609.000000
1.000000	1.000000	277.000000	936.000000	484.000000	710.000000	361.000000	259.000000	1597.000000	844.000000	622.000000	972.000000	212.000000	1.000000	225.000000	257.000000	209.000000	1.000000	275.000000	730.000000	1268.000000
1.000000	1.000000	511.000000	406.000000	1010.000000	818.000000	1.000000	1.000000	1.000000	1.000000	199.000000	1.000000	1.000000	1.000000	182.000000	159.000000	354.000000	242.000000	715.000000	1512.000000	239.000000
1.000000	1.000000	293.000000	733.000000	902.000000	149.000000	1.000000	335.000000	329.000000	248.000000	1.000000	1.000000	195.000000	1.000000	182.000000	175.000000	159.000000	447.000000	664.000000	721.000000	359.000000
1.000000	1.000000	1.000000	687.000000	608.000000	1.000000	1034.000000	1249.000000	1150.000000	1352.000000	733.000000	1.000000	798.000000	1011.000000	980.000000	664.000000	297.000000	171.000000	133.000000	449.000000	645.000000
509.000000	1.000000	1.000000	1.000000	192.000000	1248.000000	619.000000	213.000000	232.000000	447.000000	1.000000	525.000000	201.000000	337.000000	135.000000	1.000000	1.000000	1.000000	723.000000	1111.000000	1684.000000
345.000000	1511.000000	1.000000	139.000000	566.000000	219.000000	1.000000	1.000000	1.000000	1.000000	1.000000	1.000000	449.000000	1.000000	1.000000	1.000000	1.000000	261.000000	1065.000000	1648.000000	436.000000
131.000000	1.000000	1.000000	1.000000	316.000000	1.000000	1.000000	802.000000	1006.000000	1632.000000	979.000000	1.000000	1.000000	1.000000	165.000000	137.000000	1.000000	708.000000	1086.000000	1607.000000	1.000000
1.000000	1.000000	1.000000	1.000000	285.000000	1.000000	380.000000	1737.000000	1565.000000	524.000000	1.000000	1.000000	1.000000	157.000000	1.000000	1.000000	383.000000	655.000000	1698.000000	542.000000	1.000000
247.000000	123.000000	1.000000	1.000000	344.000000	1.000000	1.000000	1.000000	1.000000	1.000000	1.000000	1.000000	1.000000	1.000000	1.000000	1.000000	447.000000	141.000000	807.000000	137.000000	1.000000
516.000000	366.000000	1.000000	1.000000	790.000000	1.000000	1.000000	1.000000	1.000000	248.000000	244.000000	1.000000	189.000000	1.000000	653.000000	917.000000	405.000000	1.000000	570.000000	939.000000	1.000000
637.000000	1.000000	1.000000	1.000000	295.000000	1.000000	1.000000	1237.000000	1723.000000	1787.000000	1784.000000	1064.000000	1333.000000	1102.000000	1544.000000	1075.000000	134.000000	263.000000	941.000000	488.000000	1.000000
383.000000	1.000000	1.000000	1.000000	1.000000	410.000000	1.000000	405.000000	875.000000	810.000000	304.000000	156.000000	459.000000	1001.000000	367.000000	175.000000	1.000000	399.000000	1055.000000	799.000000	1.000000
234.000000	1.000000	1.000000	312.000000	181.000000	1.000000	1.000000	1.000000	1.000000	1.000000	1.000000	1.000000	1.000000	1.000000	1.000000	1.000000	216.000000	415.000000	1392.000000	1.000000	1.000000
