21 25 0
1.000000	1.000000	1966.000000	2766.000000	899.000000	147.000000	1.000000	505.000000	657.000000	195.000000	157.000000	1.000000	303.000000	1019.000000	530.000000	163.000000	1.000000	1.000000	70.000000	1.000000	1.000000
1.000000	583.000000	3032.000000	1188.000000	1.000000	1.000000	1.000000	1.000000	1.000000	1.000000	1.000000	1.000000	1.000000	1.000000	1.000000	1.000000	1.000000	1.000000	1.000000	1.000000	1.000000
1.000000	1358.000000	2226.000000	1.000000	1.000000	1.000000	1.000000	135.000000	320.000000	1.000000	1.000000	1.000000	167.000000	1.000000	1.000000	1.000000	1.000000	121.000000	1.000000	1.000000	1.000000
509.000000	2647.000000	1448.000000	1.000000	1.000000	253.000000	421.000000	153.000000	161.000000	153.000000	533.000000	642.000000	765.000000	763.000000	586.000000	196.000000	117.000000	123.000000	1.000000	1.000000	1.000000
1148.000000	2592.000000	243.000000	1.000000	1.000000	262.000000	201.000000	1.000000	1.000000	66.000000	322.000000	612.000000	619.000000	435.000000	267.000000	121.000000	235.000000	123.000000	1.000000	1.000000	1.000000
1578.000000	1999.000000	1.000000	1.000000	1.000000	1.000000	1.000000	1.000000	1.000000	1.000000	851.000000	1.000000	1.000000	1.000000	1.000000	513.000000	1.000000	393.000000	1.000000	1.000000	72.000000
1730.000000	1126.000000	1.000000	1.000000	1844.000000	1.000000	1.000000	1.000000	113.000000	2064.000000	601.000000	1.000000	1.000000	1.000000	852.000000	1099.000000	1217.000000	1.000000	1.000000	1.000000	1.000000
581.000000	1.000000	1.000000	440.000000	667.000000	1.000000	1.000000	1.000000	1681.000000	1903.000000	185.000000	1.000000	1.000000	658.000000	1851.000000	1401.000000	1.000000	1.000000	703.000000	367.000000	1.000000
408.000000	269.000000	425.000000	1.000000	1.000000	1.000000	1.000000	547.000000	1654.000000	889.000000	1.000000	1.000000	175.000000	421.000000	1.000000	1.000000	253.000000	319.000000	1767.000000	305.000000	1.000000
733.000000	1385.000000	873.000000	1.000000	1.000000	662.000000	1918.000000	2448.000000	2581.000000	221.000000	1.000000	1.000000	63.000000	778.000000	1.000000	932.000000	1821.000000	1619.000000	690.000000	1.000000	1.000000
1370.000000	1942.000000	1.000000	1.000000	1.000000	1042.000000	1761.000000	1602.000000	883.000000	1.000000	1.000000	1.000000	282.000000	603.000000	417.000000	495.000000	600.000000	150.000000	155.000000	287.000000	401.000000
1382.000000	981.000000	1.000000	1.000000	1.000000	61.000000	1.000000	1.000000	1.000000	1.000000	1.000000	1.000000	1.000000	235.000000	1.000000	1.000000	1.000000	371.000000	281.000000	602.000000	655.000000
1203.000000	1285.000000	1.000000	1.000000	1.000000	1.000000	1.000000	1.000000	203.000000	1.000000	423.000000	395.000000	357.000000	1001.000000	1.000000	1.000000	477.000000	571.000000	209.000000	1.000000	1.000000
1738.000000	644.000000	1.000000	1.000000	1.000000	209.000000	1138.000000	1037.000000	462.000000	1190.000000	249.000000	1211.000000	1497.000000	777.000000	1.000000	157.000000	439.000000	717.000000	211.000000	611.000000	1.000000
1175.000000	1.000000	1.000000	1.000000	151.000000	1411.000000	1929.000000	881.000000	321.000000	1.000000	841.000000	1504.000000	701.000000	295.000000	283.000000	1.000000	427.000000	351.000000	1.000000	469.000000	866.000000
701.000000	193.000000	375.000000	1.000000	275.000000	459.000000	1.000000	1.000000	1.000000	1.000000	498.000000	1.000000	1.000000	1.000000	1.000000	1.000000	207.000000	341.000000	1.000000	1.000000	1.000000
1.000000	716.000000	439.000000	1.000000	171.000000	1.000000	413.000000	433.000000	1.000000	1.000000	1.000000	1.000000	1.000000	1.000000	1.000000	261.000000	826.000000	639.000000	148.000000	1.000000	137.000000
1.000000	1.000000	535.000000	1.000000	1.000000	1333.000000	2930.000000	2498.000000	597.000000	1.000000	1.000000	1.000000	631.000000	1498.000000	1517.000000	961.000000	329.000000	427.000000	1.000000	132.000000	414.000000
1.000000	901.000000	161.000000	479.000000	1.000000	1181.000000	1504.000000	329.000000	1.000000	1.000000	1.000000	317.000000	1984.000000	865.000000	1.000000	1.000000	117.000000	1.000000	1.000000	408.000000	542.000000
1.000000	1.000000	479.000000	1.000000	1.000000	131.000000	1.000000	1.000000	1.000000	266.000000	369.000000	739.000000	613.000000	1.000000	1.000000	60.000000	1.000000	1.000000	122.000000	268.000000	641.000000
1.000000	1.000000	1.000000	1189.000000	1.000000	132.000000	1.000000	378.000000	1181.000000	2563.000000	1884.000000	1679.000000	893.000000	368.000000	505.000000	326.000000	1.000000	1.000000	122.000000	245.000000	369.000000
1.000000	1.000000	1589.000000	1915.000000	1.000000	1.000000	341.000000	1266.000000	587.000000	299.000000	1.000000	1.000000	1.000000	1.000000	1.000000	1.000000	145.000000	205.000000	1.000000	136.000000	127.000000
1.000000	1.000000	2588.000000	465.000000	1.000000	1.000000	1.000000	1.000000	1.000000	1.000000	1.000000	1.000000	1.000000	1.000000	1.000000	303.000000	790.000000	700.000000	1.000000	263.000000	1.000000
1.000000	502.000000	2059.000000	197.000000	1.000000	1.000000	1.000000	1.000000	1.000000	1.000000	1.000000	1.000000	1.000000	1.000000	530.000000	1285.000000	1148.000000	585.000000	1.000000	1.000000	131.000000
161.000000	1309.000000	1753.000000	594.000000	1.000000	139.000000	149.000000	1.000000	1.000000	117.000000	157.000000	1.000000	331.000000	725.000000	1351.000000	937.000000	756.000000	177.000000	172.000000	133.000000	331.000000
