21 25 0
1.000000	1.000000	235.000000	420.000000	489.000000	209.000000	1.000000	278.000000	276.000000	624.000000	421.000000	163.000000	1.000000	1.000000	1.000000	596.000000	805.000000	1266.000000	612.000000	1.000000	1.000000
151.000000	1.000000	171.000000	380.000000	594.000000	457.000000	1.000000	1.000000	1.000000	163.000000	341.000000	541.000000	434.000000	590.000000	61.000000	1.000000	661.000000	1352.000000	724.000000	1.000000	1.000000
1.000000	1.000000	1.000000	443.000000	537.000000	361.000000	197.000000	100.000000	337.000000	159.000000	433.000000	207.000000	359.000000	489.000000	577.000000	527.000000	655.000000	1629.000000	474.000000	1.000000	632.000000
171.000000	1.000000	1.000000	149.000000	461.000000	915.000000	643.000000	433.000000	705.000000	1231.000000	713.000000	221.000000	1.000000	197.000000	172.000000	83.000000	1.000000	1804.000000	899.000000	1.000000	637.000000
1.000000	183.000000	183.000000	173.000000	305.000000	187.000000	237.000000	1.000000	675.000000	627.000000	387.000000	359.000000	273.000000	1.000000	1.000000	1.000000	1.000000	1174.000000	1764.000000	383.000000	279.000000
1.000000	1.000000	1.000000	1.000000	1.000000	347.000000	1.000000	527.000000	396.000000	419.000000	349.000000	1.000000	1076.000000	273.000000	1.000000	1.000000	1.000000	460.000000	1540.000000	293.000000	1.000000
513.000000	1.000000	1.000000	127.000000	1.000000	1.000000	1.000000	351.000000	187.000000	155.000000	218.000000	829.000000	646.000000	183.000000	471.000000	1.000000	1.000000	709.000000	467.000000	807.000000	1.000000
551.000000	1.000000	1.000000	189.000000	483.000000	992.000000	1.000000	479.000000	381.000000	159.000000	1.000000	1204.000000	411.000000	433.000000	195.000000	1360.000000	440.000000	1.000000	623.000000	365.000000	213.000000
1098.000000	339.000000	197.000000	413.000000	147.000000	1191.000000	1306.000000	480.000000	1051.000000	1.000000	299.000000	1081.000000	1582.000000	411.000000	203.000000	509.000000	863.000000	1295.000000	611.000000	753.000000	1.000000
288.000000	685.000000	628.000000	527.000000	715.000000	147.000000	649.000000	478.000000	832.000000	240.000000	295.000000	1287.000000	1348.000000	516.000000	1.000000	241.000000	279.000000	997.000000	339.000000	1.000000	763.000000
1182.000000	288.000000	1.000000	369.000000	1.000000	1.000000	1.000000	624.000000	1.000000	1.000000	1.000000	755.000000	603.000000	531.000000	151.000000	1.000000	1.000000	1.000000	1487.000000	201.000000	387.000000
835.000000	996.000000	1.000000	1.000000	1.000000	1.000000	1.000000	255.000000	1.000000	1.000000	1.000000	851.000000	614.000000	240.000000	480.000000	151.000000	1.000000	1.000000	247.000000	489.000000	1.000000
409.000000	601.000000	168.000000	219.000000	483.000000	194.000000	312.000000	687.000000	239.000000	1.000000	1.000000	241.000000	283.000000	1.000000	367.000000	373.000000	156.000000	427.000000	223.000000	401.000000	1.000000
1.000000	487.000000	201.000000	550.000000	577.000000	335.000000	755.000000	313.000000	1018.000000	1.000000	417.000000	211.000000	222.000000	1.000000	1.000000	766.000000	526.000000	571.000000	166.000000	1.000000	257.000000
1.000000	1.000000	160.000000	129.000000	379.000000	215.000000	1.000000	879.000000	1079.000000	567.000000	1.000000	1017.000000	1085.000000	1.000000	1.000000	647.000000	213.000000	1.000000	957.000000	77.000000	1.000000
396.000000	317.000000	360.000000	160.000000	588.000000	380.000000	383.000000	92.000000	1080.000000	825.000000	416.000000	1.000000	759.000000	598.000000	1.000000	230.000000	454.000000	1060.000000	957.000000	1.000000	1.000000
297.000000	643.000000	414.000000	337.000000	385.000000	614.000000	183.000000	1.000000	285.000000	1.000000	1.000000	277.000000	627.000000	1.000000	1.000000	143.000000	212.000000	422.000000	650.000000	491.000000	1.000000
802.000000	141.000000	148.000000	566.000000	365.000000	816.000000	328.000000	457.000000	355.000000	1.000000	1.000000	573.000000	1.000000	1.000000	1.000000	1.000000	1.000000	1.000000	375.000000	931.000000	1.000000
667.000000	321.000000	155.000000	182.000000	117.000000	540.000000	1740.000000	2267.000000	872.000000	401.000000	1.000000	1348.000000	1427.000000	1076.000000	553.000000	194.000000	1.000000	481.000000	1.000000	459.000000	244.000000
861.000000	404.000000	440.000000	1.000000	168.000000	224.000000	213.000000	1689.000000	1506.000000	601.000000	1.000000	311.000000	274.000000	1.000000	465.000000	174.000000	1.000000	934.000000	481.000000	1.000000	189.000000
885.000000	599.000000	79.000000	477.000000	639.000000	429.000000	120.000000	346.000000	450.000000	368.000000	298.000000	1.000000	1.000000	1.000000	1.000000	1.000000	413.000000	1.000000	493.000000	483.000000	470.000000
1218.000000	698.000000	450.000000	162.000000	1381.000000	963.000000	319.000000	1.000000	526.000000	245.000000	600.000000	557.000000	1.000000	1.000000	154.000000	1.000000	1.000000	1.000000	475.000000	398.000000	483.000000
615.000000	1028.000000	615.000000	324.000000	363.000000	1577.000000	1259.000000	1.000000	384.000000	223.000000	182.000000	370.000000	344.000000	236.000000	1.000000	1.000000	188.000000	778.000000	261.000000	412.000000	467.000000
296.000000	700.000000	423.000000	300.000000	368.000000	202.000000	987.000000	971.000000	1.000000	1.000000	1.000000	147.000000	1.000000	1.000000	503.000000	395.000000	1.000000	1.000000	927.000000	195.000000	603.000000
1.000000	386.000000	174.000000	543.000000	516.000000	407.000000	315.000000	144.000000	383.000000	1.000000	1.000000	1.000000	1.000000	1.000000	353.000000	503.000000	1.000000	453.000000	168.000000	1.000000	485.000000
