21 25 0
495.000000	323.000000	237.000000	1.000000	347.000000	359.000000	394.000000	316.000000	180.000000	1.000000	1.000000	392.000000	883.000000	604.000000	1310.000000	842.000000	885.000000	476.000000	905.000000	141.000000	516.000000
161.000000	299.000000	440.000000	1.000000	337.000000	558.000000	280.000000	496.000000	197.000000	193.000000	1.000000	163.000000	580.000000	532.000000	511.000000	719.000000	259.000000	446.000000	525.000000	139.000000	415.000000
539.000000	599.000000	239.000000	360.000000	238.000000	1.000000	407.000000	431.000000	191.000000	169.000000	384.000000	387.000000	227.000000	348.000000	166.000000	173.000000	1.000000	1.000000	1.000000	257.000000	275.000000
665.000000	523.000000	310.000000	1.000000	1.000000	1.000000	1.000000	183.000000	233.000000	141.000000	1.000000	154.000000	161.000000	672.000000	823.000000	1.000000	189.000000	1.000000	1.000000	509.000000	145.000000
473.000000	377.000000	1.000000	79.000000	288.000000	1.000000	1.000000	231.000000	792.000000	223.000000	143.000000	237.000000	484.000000	717.000000	1164.000000	1171.000000	482.000000	1.000000	1.000000	672.000000	139.000000
379.000000	1124.000000	377.000000	384.000000	235.000000	1.000000	439.000000	568.000000	813.000000	943.000000	1.000000	1.000000	1.000000	1.000000	1462.000000	1135.000000	468.000000	1.000000	1.000000	169.000000	395.000000
405.000000	1049.000000	238.000000	274.000000	578.000000	333.000000	1025.000000	1664.000000	655.000000	1017.000000	197.000000	1.000000	1.000000	1.000000	977.000000	1633.000000	1256.000000	855.000000	382.000000	449.000000	458.000000
1.000000	1083.000000	759.000000	457.000000	445.000000	511.000000	1.000000	723.000000	1845.000000	516.000000	944.000000	1.000000	1.000000	441.000000	1.000000	977.000000	1264.000000	876.000000	749.000000	383.000000	567.000000
303.000000	1.000000	180.000000	403.000000	166.000000	1.000000	1.000000	1.000000	301.000000	787.000000	1031.000000	413.000000	1.000000	1.000000	607.000000	1.000000	335.000000	162.000000	366.000000	392.000000	306.000000
1.000000	477.000000	548.000000	1.000000	1.000000	1.000000	1.000000	1.000000	135.000000	177.000000	960.000000	279.000000	203.000000	526.000000	646.000000	184.000000	209.000000	1.000000	117.000000	1.000000	307.000000
240.000000	795.000000	1052.000000	517.000000	1.000000	1.000000	1.000000	1.000000	1.000000	1.000000	836.000000	263.000000	1.000000	319.000000	716.000000	760.000000	191.000000	323.000000	592.000000	495.000000	407.000000
878.000000	323.000000	710.000000	448.000000	1.000000	1.000000	306.000000	1.000000	1.000000	647.000000	721.000000	375.000000	1.000000	1.000000	1.000000	591.000000	279.000000	341.000000	402.000000	932.000000	376.000000
752.000000	649.000000	206.000000	678.000000	439.000000	1.000000	230.000000	1.000000	477.000000	849.000000	897.000000	712.000000	360.000000	652.000000	1.000000	1.000000	1.000000	179.000000	163.000000	1.000000	1.000000
521.000000	833.000000	366.000000	708.000000	1.000000	186.000000	423.000000	1.000000	1262.000000	1374.000000	733.000000	497.000000	880.000000	1228.000000	1.000000	1.000000	1.000000	1.000000	1.000000	1.000000	1.000000
489.000000	1111.000000	490.000000	366.000000	469.000000	1.000000	163.000000	1.000000	1.000000	1215.000000	1.000000	187.000000	1.000000	1.000000	479.000000	1.000000	1.000000	344.000000	183.000000	441.000000	1.000000
106.000000	207.000000	1181.000000	363.000000	469.000000	1.000000	1.000000	1.000000	1.000000	1.000000	211.000000	234.000000	1.000000	147.000000	1.000000	297.000000	1.000000	1.000000	107.000000	191.000000	585.000000
235.000000	361.000000	973.000000	684.000000	477.000000	237.000000	428.000000	750.000000	803.000000	421.000000	357.000000	1775.000000	2049.000000	1036.000000	1.000000	1.000000	1.000000	1.000000	1.000000	167.000000	621.000000
709.000000	728.000000	810.000000	1294.000000	907.000000	509.000000	1.000000	413.000000	453.000000	959.000000	416.000000	431.000000	1126.000000	1623.000000	1497.000000	1.000000	219.000000	1.000000	1.000000	1.000000	1.000000
1.000000	508.000000	914.000000	1154.000000	787.000000	513.000000	1.000000	1.000000	1.000000	1.000000	1.000000	1.000000	431.000000	1.000000	1.000000	456.000000	157.000000	219.000000	1.000000	483.000000	1.000000
690.000000	1.000000	401.000000	790.000000	883.000000	1448.000000	711.000000	1.000000	1.000000	1.000000	1.000000	453.000000	400.000000	141.000000	1.000000	1.000000	60.000000	165.000000	1.000000	153.000000	657.000000
728.000000	515.000000	417.000000	712.000000	480.000000	980.000000	1978.000000	682.000000	145.000000	1.000000	79.000000	813.000000	1022.000000	658.000000	593.000000	131.000000	791.000000	1.000000	147.000000	1.000000	327.000000
1.000000	471.000000	1071.000000	650.000000	498.000000	525.000000	1357.000000	1344.000000	705.000000	283.000000	260.000000	463.000000	229.000000	215.000000	1.000000	1.000000	1.000000	158.000000	185.000000	1.000000	297.000000
498.000000	1.000000	784.000000	1473.000000	702.000000	1.000000	283.000000	1006.000000	1553.000000	919.000000	231.000000	576.000000	207.000000	1.000000	1.000000	150.000000	1.000000	88.000000	1.000000	1.000000	151.000000
159.000000	1.000000	1.000000	745.000000	1509.000000	487.000000	239.000000	536.000000	889.000000	1069.000000	573.000000	320.000000	562.000000	760.000000	1.000000	1.000000	157.000000	174.000000	139.000000	1.000000	1.000000
1.000000	1.000000	1.000000	1.000000	371.000000	516.000000	235.000000	201.000000	288.000000	326.000000	399.000000	332.000000	321.000000	364.000000	155.000000	1.000000	1.000000	1.000000	1.000000	1.000000	1.000000
