21 25 0
802.000000	552.000000	154.000000	1.000000	1.000000	528.000000	1116.000000	534.000000	161.000000	344.000000	474.000000	536.000000	291.000000	616.000000	526.000000	376.000000	470.000000	1101.000000	1273.000000	857.000000	841.000000
422.000000	1.000000	1.000000	1.000000	188.000000	969.000000	1246.000000	954.000000	334.000000	576.000000	87.000000	195.000000	212.000000	212.000000	175.000000	173.000000	368.000000	298.000000	362.000000	369.000000	498.000000
275.000000	325.000000	438.000000	85.000000	173.000000	211.000000	153.000000	167.000000	171.000000	567.000000	425.000000	193.000000	1.000000	1.000000	1.000000	1.000000	1.000000	333.000000	341.000000	467.000000	135.000000
151.000000	282.000000	562.000000	406.000000	1.000000	1.000000	173.000000	205.000000	252.000000	472.000000	156.000000	157.000000	231.000000	723.000000	602.000000	219.000000	189.000000	428.000000	427.000000	1.000000	1.000000
1.000000	1.000000	1.000000	225.000000	831.000000	1156.000000	1518.000000	1260.000000	886.000000	509.000000	233.000000	238.000000	721.000000	1780.000000	2284.000000	1678.000000	1337.000000	361.000000	554.000000	236.000000	1.000000
1.000000	222.000000	243.000000	753.000000	937.000000	980.000000	903.000000	962.000000	888.000000	605.000000	1.000000	1.000000	602.000000	1041.000000	1407.000000	1305.000000	531.000000	177.000000	1.000000	1.000000	1.000000
900.000000	1338.000000	350.000000	383.000000	1007.000000	1710.000000	1870.000000	1325.000000	725.000000	218.000000	1.000000	1.000000	399.000000	553.000000	1320.000000	891.000000	1342.000000	1005.000000	1.000000	451.000000	449.000000
409.000000	409.000000	489.000000	714.000000	1125.000000	1318.000000	1355.000000	1107.000000	1410.000000	752.000000	140.000000	733.000000	1797.000000	1642.000000	1312.000000	1385.000000	1686.000000	1361.000000	870.000000	925.000000	203.000000
305.000000	1.000000	306.000000	1109.000000	660.000000	328.000000	1.000000	1.000000	1.000000	1.000000	1.000000	146.000000	231.000000	1.000000	173.000000	1.000000	1.000000	345.000000	1.000000	1.000000	1.000000
1.000000	413.000000	413.000000	1.000000	1.000000	291.000000	289.000000	1.000000	1.000000	1.000000	1.000000	1.000000	197.000000	203.000000	199.000000	319.000000	153.000000	293.000000	469.000000	309.000000	255.000000
331.000000	260.000000	476.000000	437.000000	157.000000	723.000000	836.000000	192.000000	1.000000	1.000000	1.000000	1.000000	1.000000	260.000000	556.000000	1001.000000	884.000000	793.000000	864.000000	561.000000	767.000000
512.000000	815.000000	685.000000	684.000000	1069.000000	899.000000	433.000000	405.000000	525.000000	393.000000	495.000000	929.000000	927.000000	1.000000	1.000000	571.000000	898.000000	772.000000	407.000000	652.000000	384.000000
730.000000	203.000000	169.000000	235.000000	229.000000	229.000000	210.000000	276.000000	530.000000	897.000000	437.000000	1002.000000	1352.000000	708.000000	1.000000	1.000000	1.000000	1.000000	1.000000	1.000000	649.000000
293.000000	602.000000	1.000000	1.000000	186.000000	197.000000	498.000000	456.000000	1063.000000	1302.000000	941.000000	253.000000	819.000000	764.000000	1.000000	1.000000	1.000000	1.000000	1.000000	445.000000	724.000000
1055.000000	715.000000	1.000000	1.000000	1.000000	1.000000	1.000000	223.000000	1.000000	1.000000	726.000000	846.000000	480.000000	1.000000	1.000000	1.000000	471.000000	471.000000	92.000000	97.000000	1.000000
1.000000	1.000000	393.000000	1.000000	142.000000	1.000000	371.000000	1.000000	1.000000	357.000000	605.000000	531.000000	211.000000	1.000000	1.000000	1.000000	1.000000	1.000000	1.000000	457.000000	457.000000
1.000000	177.000000	162.000000	1.000000	1.000000	250.000000	683.000000	1231.000000	2329.000000	2974.000000	2650.000000	2346.000000	2138.000000	1896.000000	1294.000000	276.000000	276.000000	1.000000	1.000000	1.000000	613.000000
466.000000	620.000000	1031.000000	892.000000	481.000000	1.000000	1.000000	2313.000000	2695.000000	1664.000000	1531.000000	1841.000000	2176.000000	2179.000000	1488.000000	242.000000	242.000000	1.000000	1.000000	1.000000	511.000000
1.000000	764.000000	662.000000	478.000000	243.000000	1.000000	1.000000	1.000000	1.000000	131.000000	231.000000	231.000000	193.000000	1.000000	1.000000	390.000000	1.000000	85.000000	86.000000	345.000000	643.000000
499.000000	1.000000	164.000000	248.000000	256.000000	737.000000	1.000000	1.000000	1.000000	138.000000	852.000000	1106.000000	722.000000	899.000000	792.000000	412.000000	257.000000	146.000000	221.000000	708.000000	1018.000000
381.000000	595.000000	1.000000	151.000000	200.000000	1364.000000	1622.000000	1489.000000	447.000000	208.000000	989.000000	1218.000000	1355.000000	1557.000000	1335.000000	718.000000	505.000000	1.000000	404.000000	508.000000	259.000000
1.000000	177.000000	426.000000	516.000000	435.000000	815.000000	1005.000000	1078.000000	1165.000000	685.000000	688.000000	753.000000	453.000000	488.000000	487.000000	355.000000	634.000000	1468.000000	760.000000	225.000000	1.000000
341.000000	1.000000	611.000000	563.000000	343.000000	496.000000	490.000000	337.000000	1121.000000	557.000000	547.000000	231.000000	559.000000	221.000000	417.000000	716.000000	564.000000	782.000000	694.000000	1.000000	1.000000
69.000000	1.000000	1.000000	1.000000	509.000000	494.000000	468.000000	724.000000	890.000000	802.000000	1154.000000	894.000000	1019.000000	573.000000	785.000000	598.000000	1.000000	1.000000	1.000000	1.000000	1.000000
1.000000	1.000000	1.000000	1.000000	1.000000	271.000000	363.000000	271.000000	444.000000	147.000000	332.000000	560.000000	366.000000	934.000000	467.000000	185.000000	1.000000	1.000000	1.000000	1.000000	1.000000
