21 25 0
1.000000	373.000000	611.000000	758.000000	980.000000	929.000000	498.000000	629.000000	972.000000	763.000000	865.000000	246.000000	240.000000	512.000000	122.000000	183.000000	585.000000	1009.000000	851.000000	1.000000	662.000000
1.000000	1.000000	538.000000	949.000000	1299.000000	818.000000	737.000000	416.000000	607.000000	817.000000	609.000000	440.000000	191.000000	577.000000	145.000000	1.000000	564.000000	1579.000000	1223.000000	259.000000	632.000000
1.000000	1.000000	470.000000	861.000000	1038.000000	885.000000	575.000000	299.000000	647.000000	781.000000	405.000000	517.000000	1.000000	334.000000	1.000000	1.000000	361.000000	1617.000000	1668.000000	393.000000	663.000000
377.000000	185.000000	283.000000	437.000000	585.000000	187.000000	1.000000	95.000000	680.000000	583.000000	347.000000	343.000000	211.000000	1.000000	1.000000	1.000000	1.000000	1608.000000	1364.000000	555.000000	608.000000
866.000000	1.000000	657.000000	588.000000	677.000000	233.000000	405.000000	1.000000	667.000000	416.000000	481.000000	1.000000	702.000000	1.000000	1.000000	1.000000	1.000000	1657.000000	1824.000000	623.000000	1.000000
954.000000	1.000000	671.000000	377.000000	337.000000	1004.000000	407.000000	1.000000	278.000000	169.000000	1.000000	1.000000	705.000000	612.000000	1.000000	1.000000	1.000000	1465.000000	2107.000000	636.000000	1.000000
622.000000	1.000000	669.000000	196.000000	669.000000	1004.000000	293.000000	1.000000	233.000000	1.000000	1.000000	293.000000	1504.000000	447.000000	403.000000	1.000000	1.000000	1090.000000	1636.000000	595.000000	1.000000
909.000000	1.000000	307.000000	225.000000	899.000000	1900.000000	1222.000000	475.000000	385.000000	1.000000	415.000000	1095.000000	2335.000000	1033.000000	1.000000	1.000000	1.000000	807.000000	1165.000000	368.000000	1.000000
1440.000000	368.000000	367.000000	744.000000	1265.000000	1375.000000	1247.000000	625.000000	605.000000	1.000000	581.000000	1168.000000	2238.000000	748.000000	1.000000	172.000000	1.000000	468.000000	1196.000000	442.000000	409.000000
1124.000000	700.000000	429.000000	885.000000	201.000000	521.000000	456.000000	828.000000	925.000000	371.000000	634.000000	1250.000000	1910.000000	422.000000	1.000000	521.000000	1.000000	1001.000000	1451.000000	850.000000	842.000000
893.000000	677.000000	443.000000	568.000000	201.000000	866.000000	350.000000	1142.000000	884.000000	1.000000	524.000000	1206.000000	1515.000000	359.000000	1.000000	1.000000	1.000000	1354.000000	1775.000000	945.000000	457.000000
411.000000	736.000000	151.000000	331.000000	225.000000	530.000000	267.000000	1058.000000	1336.000000	1.000000	441.000000	1125.000000	1774.000000	360.000000	1.000000	335.000000	385.000000	1194.000000	863.000000	975.000000	1.000000
1.000000	878.000000	1.000000	587.000000	781.000000	528.000000	599.000000	1412.000000	1692.000000	1.000000	481.000000	894.000000	1674.000000	435.000000	416.000000	724.000000	223.000000	947.000000	421.000000	1000.000000	1.000000
1.000000	639.000000	167.000000	847.000000	938.000000	835.000000	604.000000	1740.000000	1628.000000	1.000000	930.000000	1079.000000	1358.000000	435.000000	181.000000	1271.000000	306.000000	963.000000	922.000000	570.000000	156.000000
624.000000	339.000000	235.000000	917.000000	577.000000	981.000000	277.000000	1259.000000	811.000000	1.000000	327.000000	1209.000000	849.000000	1.000000	1.000000	713.000000	475.000000	1265.000000	1119.000000	616.000000	182.000000
727.000000	133.000000	167.000000	484.000000	654.000000	564.000000	661.000000	469.000000	242.000000	1.000000	1.000000	265.000000	301.000000	1.000000	1.000000	528.000000	862.000000	888.000000	1514.000000	665.000000	1.000000
739.000000	339.000000	77.000000	88.000000	818.000000	683.000000	698.000000	387.000000	679.000000	468.000000	1.000000	1.000000	1.000000	1.000000	284.000000	553.000000	497.000000	923.000000	1185.000000	245.000000	1.000000
809.000000	671.000000	403.000000	483.000000	755.000000	740.000000	800.000000	1005.000000	633.000000	470.000000	386.000000	1.000000	1.000000	1.000000	1.000000	507.000000	461.000000	890.000000	907.000000	192.000000	436.000000
992.000000	1206.000000	400.000000	424.000000	748.000000	840.000000	980.000000	1752.000000	550.000000	1.000000	1.000000	1042.000000	1.000000	1.000000	559.000000	507.000000	792.000000	1174.000000	782.000000	497.000000	704.000000
1134.000000	868.000000	109.000000	1.000000	424.000000	226.000000	201.000000	1305.000000	944.000000	1.000000	1.000000	567.000000	1.000000	1.000000	597.000000	327.000000	825.000000	1456.000000	992.000000	487.000000	937.000000
835.000000	1077.000000	1.000000	381.000000	761.000000	431.000000	356.000000	352.000000	252.000000	539.000000	758.000000	757.000000	1.000000	390.000000	662.000000	231.000000	859.000000	1012.000000	1093.000000	193.000000	843.000000
703.000000	1112.000000	524.000000	457.000000	705.000000	1701.000000	504.000000	1.000000	547.000000	265.000000	577.000000	560.000000	1.000000	921.000000	793.000000	647.000000	847.000000	1447.000000	1065.000000	543.000000	392.000000
830.000000	851.000000	844.000000	474.000000	925.000000	1203.000000	313.000000	1.000000	225.000000	173.000000	460.000000	537.000000	1.000000	730.000000	566.000000	719.000000	1266.000000	1318.000000	927.000000	493.000000	501.000000
989.000000	795.000000	343.000000	123.000000	334.000000	1127.000000	1222.000000	1.000000	1.000000	1.000000	307.000000	1.000000	1.000000	1.000000	1030.000000	1000.000000	409.000000	953.000000	713.000000	488.000000	645.000000
531.000000	344.000000	122.000000	610.000000	223.000000	349.000000	403.000000	1.000000	387.000000	1.000000	1.000000	1.000000	1.000000	283.000000	996.000000	372.000000	1.000000	351.000000	167.000000	318.000000	340.000000
