21 25 0
1.000000	403.000000	855.000000	981.000000	163.000000	233.000000	373.000000	275.000000	447.000000	577.000000	379.000000	389.000000	422.000000	1.000000	1.000000	396.000000	777.000000	332.000000	341.000000	1.000000	1.000000
315.000000	315.000000	180.000000	182.000000	104.000000	1.000000	158.000000	162.000000	379.000000	313.000000	551.000000	570.000000	630.000000	588.000000	532.000000	374.000000	265.000000	648.000000	1.000000	1.000000	1.000000
135.000000	251.000000	1.000000	1.000000	309.000000	625.000000	365.000000	367.000000	255.000000	267.000000	417.000000	201.000000	781.000000	887.000000	1157.000000	897.000000	719.000000	740.000000	93.000000	291.000000	360.000000
294.000000	1.000000	1.000000	194.000000	539.000000	1627.000000	1703.000000	1267.000000	1228.000000	1023.000000	600.000000	565.000000	825.000000	1159.000000	1169.000000	707.000000	727.000000	377.000000	673.000000	620.000000	655.000000
475.000000	575.000000	735.000000	730.000000	1048.000000	740.000000	583.000000	268.000000	495.000000	451.000000	768.000000	466.000000	526.000000	389.000000	338.000000	157.000000	1.000000	461.000000	843.000000	739.000000	389.000000
1.000000	1.000000	1.000000	229.000000	1.000000	931.000000	624.000000	955.000000	727.000000	406.000000	393.000000	524.000000	791.000000	607.000000	681.000000	1087.000000	1178.000000	946.000000	1.000000	287.000000	1.000000
425.000000	1.000000	1.000000	912.000000	913.000000	400.000000	400.000000	137.000000	60.000000	429.000000	659.000000	663.000000	684.000000	683.000000	356.000000	1.000000	1.000000	1.000000	467.000000	483.000000	483.000000
303.000000	1.000000	1.000000	1.000000	1.000000	198.000000	465.000000	1.000000	261.000000	347.000000	1.000000	349.000000	359.000000	391.000000	887.000000	1281.000000	583.000000	1.000000	1.000000	227.000000	255.000000
757.000000	755.000000	330.000000	529.000000	965.000000	2096.000000	2855.000000	1451.000000	590.000000	1.000000	1.000000	449.000000	666.000000	420.000000	1707.000000	2330.000000	1399.000000	675.000000	587.000000	779.000000	445.000000
1472.000000	1061.000000	942.000000	975.000000	773.000000	955.000000	736.000000	985.000000	521.000000	92.000000	1.000000	463.000000	1232.000000	1221.000000	575.000000	755.000000	542.000000	161.000000	168.000000	668.000000	1.000000
1.000000	1.000000	432.000000	225.000000	198.000000	240.000000	591.000000	528.000000	946.000000	466.000000	539.000000	721.000000	1008.000000	668.000000	363.000000	207.000000	1.000000	145.000000	1.000000	367.000000	614.000000
839.000000	1040.000000	203.000000	1.000000	1.000000	1.000000	1.000000	545.000000	665.000000	510.000000	1.000000	875.000000	616.000000	326.000000	500.000000	173.000000	1.000000	1.000000	1.000000	265.000000	485.000000
321.000000	359.000000	202.000000	1.000000	66.000000	195.000000	222.000000	1.000000	1.000000	196.000000	305.000000	297.000000	297.000000	454.000000	521.000000	227.000000	133.000000	787.000000	758.000000	658.000000	766.000000
208.000000	214.000000	395.000000	161.000000	179.000000	158.000000	245.000000	245.000000	237.000000	895.000000	333.000000	1.000000	1.000000	1.000000	498.000000	488.000000	327.000000	162.000000	634.000000	176.000000	384.000000
1.000000	1.000000	1.000000	1.000000	161.000000	975.000000	529.000000	832.000000	1026.000000	939.000000	949.000000	1172.000000	1298.000000	846.000000	231.000000	360.000000	365.000000	300.000000	1.000000	1.000000	1.000000
596.000000	596.000000	201.000000	1.000000	357.000000	408.000000	407.000000	990.000000	2064.000000	2120.000000	1372.000000	1540.000000	2119.000000	2448.000000	700.000000	342.000000	492.000000	169.000000	1.000000	209.000000	321.000000
143.000000	528.000000	473.000000	381.000000	1.000000	133.000000	211.000000	417.000000	321.000000	317.000000	317.000000	395.000000	393.000000	391.000000	1.000000	187.000000	207.000000	374.000000	193.000000	176.000000	1.000000
331.000000	1.000000	1.000000	153.000000	153.000000	1.000000	165.000000	1.000000	1.000000	357.000000	1035.000000	863.000000	217.000000	1.000000	1.000000	133.000000	1.000000	61.000000	555.000000	988.000000	797.000000
503.000000	181.000000	190.000000	163.000000	163.000000	414.000000	608.000000	2361.000000	2639.000000	2751.000000	2114.000000	2282.000000	2715.000000	2549.000000	1687.000000	676.000000	147.000000	268.000000	166.000000	154.000000	1.000000
126.000000	502.000000	496.000000	80.000000	1.000000	224.000000	237.000000	1843.000000	1308.000000	844.000000	538.000000	885.000000	1287.000000	1205.000000	1059.000000	203.000000	1.000000	677.000000	685.000000	1.000000	1.000000
1.000000	205.000000	481.000000	673.000000	1.000000	1.000000	1.000000	1.000000	484.000000	497.000000	306.000000	1.000000	1.000000	1.000000	1.000000	1.000000	1.000000	495.000000	495.000000	488.000000	619.000000
594.000000	459.000000	367.000000	336.000000	431.000000	222.000000	222.000000	219.000000	388.000000	449.000000	1021.000000	1090.000000	1000.000000	544.000000	385.000000	266.000000	246.000000	1.000000	1.000000	649.000000	802.000000
336.000000	1.000000	1.000000	1.000000	255.000000	843.000000	769.000000	189.000000	469.000000	402.000000	743.000000	1060.000000	904.000000	328.000000	236.000000	230.000000	189.000000	189.000000	489.000000	336.000000	563.000000
227.000000	295.000000	304.000000	301.000000	195.000000	1.000000	595.000000	875.000000	1.000000	1.000000	1.000000	1.000000	277.000000	275.000000	1.000000	1.000000	1.000000	915.000000	677.000000	512.000000	1.000000
1.000000	1.000000	475.000000	841.000000	342.000000	217.000000	336.000000	277.000000	1.000000	1.000000	1.000000	1.000000	1.000000	1.000000	1.000000	1.000000	452.000000	249.000000	1.000000	1.000000	147.000000
