21 25 0
561.000000	630.000000	350.000000	187.000000	177.000000	876.000000	595.000000	808.000000	600.000000	491.000000	434.000000	314.000000	227.000000	1.000000	147.000000	1.000000	1.000000	637.000000	323.000000	126.000000	651.000000
1.000000	1.000000	1.000000	517.000000	884.000000	425.000000	389.000000	310.000000	348.000000	403.000000	438.000000	1.000000	1.000000	1.000000	1.000000	1.000000	1.000000	1.000000	287.000000	299.000000	608.000000
121.000000	1.000000	513.000000	177.000000	138.000000	130.000000	1.000000	1.000000	80.000000	208.000000	467.000000	1.000000	1.000000	1.000000	1.000000	1.000000	1.000000	1.000000	1263.000000	1.000000	135.000000
151.000000	379.000000	129.000000	1.000000	1.000000	1.000000	235.000000	237.000000	208.000000	387.000000	1.000000	1.000000	1.000000	1.000000	1.000000	1.000000	1.000000	863.000000	1081.000000	1.000000	1.000000
329.000000	1.000000	1.000000	229.000000	493.000000	243.000000	1013.000000	367.000000	591.000000	501.000000	1.000000	1.000000	225.000000	812.000000	787.000000	305.000000	1.000000	403.000000	319.000000	221.000000	1.000000
693.000000	1.000000	235.000000	546.000000	494.000000	1255.000000	873.000000	636.000000	585.000000	1.000000	1.000000	1.000000	618.000000	845.000000	647.000000	1.000000	1.000000	1019.000000	329.000000	443.000000	1.000000
579.000000	247.000000	318.000000	1.000000	1001.000000	1453.000000	955.000000	559.000000	1.000000	1.000000	1.000000	247.000000	1224.000000	395.000000	379.000000	875.000000	399.000000	750.000000	1014.000000	166.000000	1.000000
1.000000	161.000000	1.000000	598.000000	1490.000000	2005.000000	1236.000000	1.000000	1.000000	195.000000	1.000000	577.000000	2331.000000	495.000000	656.000000	409.000000	458.000000	466.000000	747.000000	275.000000	1.000000
1.000000	1.000000	338.000000	814.000000	1369.000000	406.000000	1.000000	1.000000	305.000000	1.000000	1.000000	1089.000000	609.000000	403.000000	1.000000	1.000000	1.000000	1.000000	781.000000	1.000000	446.000000
145.000000	421.000000	1.000000	330.000000	1.000000	1.000000	1.000000	277.000000	1.000000	1.000000	146.000000	1.000000	403.000000	1.000000	1.000000	167.000000	1.000000	1.000000	999.000000	740.000000	1.000000
1.000000	1.000000	1.000000	1.000000	189.000000	547.000000	858.000000	445.000000	233.000000	1.000000	1.000000	1.000000	1.000000	1.000000	1.000000	1.000000	272.000000	1056.000000	825.000000	1114.000000	652.000000
1.000000	298.000000	534.000000	302.000000	477.000000	595.000000	218.000000	285.000000	884.000000	228.000000	1.000000	360.000000	673.000000	1.000000	1.000000	339.000000	714.000000	878.000000	646.000000	644.000000	1.000000
1.000000	177.000000	1.000000	155.000000	199.000000	193.000000	242.000000	605.000000	1594.000000	1.000000	439.000000	833.000000	988.000000	185.000000	368.000000	158.000000	1.000000	403.000000	879.000000	421.000000	403.000000
253.000000	294.000000	1.000000	1.000000	187.000000	343.000000	289.000000	1246.000000	436.000000	489.000000	683.000000	1048.000000	589.000000	368.000000	1.000000	1.000000	1.000000	509.000000	907.000000	335.000000	752.000000
588.000000	325.000000	159.000000	1.000000	198.000000	1.000000	1.000000	862.000000	1.000000	1.000000	327.000000	618.000000	306.000000	1.000000	1.000000	408.000000	473.000000	979.000000	373.000000	598.000000	1.000000
1.000000	339.000000	159.000000	1.000000	1.000000	1.000000	661.000000	1.000000	1.000000	1.000000	589.000000	389.000000	1.000000	1.000000	1.000000	207.000000	473.000000	702.000000	715.000000	505.000000	1.000000
1.000000	1.000000	1.000000	1.000000	1.000000	149.000000	1.000000	1.000000	879.000000	1741.000000	1445.000000	384.000000	1186.000000	914.000000	891.000000	1.000000	453.000000	942.000000	717.000000	1.000000	1.000000
133.000000	467.000000	507.000000	1.000000	1.000000	1.000000	334.000000	1471.000000	2730.000000	1196.000000	384.000000	407.000000	983.000000	905.000000	1.000000	505.000000	220.000000	833.000000	501.000000	1.000000	500.000000
1.000000	507.000000	1.000000	1.000000	147.000000	1.000000	200.000000	351.000000	1.000000	1.000000	1.000000	1.000000	1.000000	1.000000	450.000000	477.000000	349.000000	1154.000000	327.000000	168.000000	1205.000000
613.000000	1.000000	1.000000	1.000000	1.000000	1.000000	433.000000	1.000000	1.000000	1.000000	276.000000	120.000000	1.000000	1.000000	595.000000	263.000000	501.000000	653.000000	249.000000	1195.000000	529.000000
1.000000	137.000000	1.000000	1.000000	1.000000	172.000000	193.000000	1.000000	237.000000	275.000000	733.000000	300.000000	346.000000	412.000000	1278.000000	799.000000	507.000000	495.000000	719.000000	483.000000	592.000000
1.000000	171.000000	1.000000	1.000000	84.000000	343.000000	222.000000	206.000000	237.000000	265.000000	478.000000	205.000000	1.000000	679.000000	781.000000	703.000000	1009.000000	1484.000000	1091.000000	234.000000	1.000000
243.000000	266.000000	1.000000	1.000000	1.000000	369.000000	326.000000	206.000000	173.000000	215.000000	1.000000	1.000000	177.000000	1039.000000	563.000000	949.000000	1462.000000	834.000000	711.000000	1.000000	149.000000
378.000000	283.000000	62.000000	1.000000	1.000000	167.000000	1.000000	1.000000	373.000000	1.000000	440.000000	307.000000	1.000000	1.000000	1198.000000	1289.000000	651.000000	943.000000	1.000000	407.000000	280.000000
145.000000	1.000000	1.000000	1.000000	144.000000	1.000000	1.000000	1.000000	550.000000	1.000000	1.000000	266.000000	1.000000	684.000000	882.000000	139.000000	1.000000	1.000000	1.000000	343.000000	1.000000
