21 25 0
385.000000	891.000000	1257.000000	1035.000000	349.000000	243.000000	542.000000	379.000000	307.000000	137.000000	690.000000	718.000000	732.000000	826.000000	831.000000	632.000000	793.000000	299.000000	362.000000	507.000000	433.000000
581.000000	931.000000	1108.000000	529.000000	337.000000	571.000000	428.000000	583.000000	703.000000	138.000000	345.000000	450.000000	657.000000	924.000000	581.000000	485.000000	1037.000000	300.000000	720.000000	641.000000	490.000000
868.000000	887.000000	1017.000000	465.000000	256.000000	187.000000	425.000000	850.000000	557.000000	1.000000	392.000000	767.000000	377.000000	548.000000	463.000000	759.000000	688.000000	117.000000	355.000000	750.000000	761.000000
866.000000	1099.000000	625.000000	359.000000	214.000000	1.000000	271.000000	439.000000	1.000000	1.000000	438.000000	611.000000	592.000000	167.000000	920.000000	896.000000	804.000000	117.000000	1.000000	1248.000000	454.000000
659.000000	1239.000000	1025.000000	383.000000	481.000000	1.000000	1.000000	250.000000	575.000000	1.000000	250.000000	196.000000	438.000000	1.000000	723.000000	862.000000	814.000000	125.000000	1.000000	1202.000000	429.000000
669.000000	1590.000000	531.000000	356.000000	1.000000	1.000000	1.000000	762.000000	317.000000	1121.000000	338.000000	196.000000	210.000000	1.000000	283.000000	1402.000000	1060.000000	503.000000	1.000000	587.000000	935.000000
379.000000	1527.000000	587.000000	229.000000	1.000000	1.000000	1.000000	625.000000	942.000000	1349.000000	1364.000000	1.000000	1.000000	1.000000	457.000000	835.000000	759.000000	469.000000	379.000000	621.000000	682.000000
235.000000	976.000000	629.000000	304.000000	1.000000	1.000000	443.000000	679.000000	1003.000000	1518.000000	1450.000000	1.000000	1.000000	441.000000	942.000000	493.000000	915.000000	992.000000	289.000000	269.000000	749.000000
235.000000	1045.000000	1122.000000	316.000000	1.000000	1.000000	491.000000	1.000000	447.000000	1312.000000	1710.000000	359.000000	353.000000	1002.000000	1567.000000	220.000000	758.000000	770.000000	473.000000	462.000000	572.000000
429.000000	1213.000000	1088.000000	317.000000	401.000000	201.000000	1.000000	1.000000	211.000000	1342.000000	1601.000000	413.000000	353.000000	639.000000	1956.000000	220.000000	1279.000000	181.000000	474.000000	199.000000	677.000000
441.000000	853.000000	1118.000000	538.000000	902.000000	1.000000	1.000000	1.000000	367.000000	996.000000	1513.000000	476.000000	201.000000	631.000000	780.000000	451.000000	987.000000	679.000000	196.000000	184.000000	839.000000
782.000000	321.000000	691.000000	509.000000	402.000000	157.000000	988.000000	261.000000	461.000000	1212.000000	1552.000000	454.000000	521.000000	911.000000	302.000000	976.000000	534.000000	871.000000	197.000000	506.000000	1155.000000
998.000000	267.000000	225.000000	771.000000	350.000000	326.000000	1628.000000	235.000000	763.000000	1242.000000	1436.000000	359.000000	635.000000	1140.000000	488.000000	752.000000	493.000000	900.000000	163.000000	392.000000	567.000000
756.000000	705.000000	558.000000	1417.000000	477.000000	699.000000	1309.000000	1.000000	687.000000	1797.000000	1585.000000	1.000000	643.000000	2121.000000	1040.000000	992.000000	889.000000	449.000000	186.000000	343.000000	536.000000
863.000000	837.000000	948.000000	1303.000000	507.000000	907.000000	611.000000	1.000000	1.000000	1509.000000	901.000000	296.000000	231.000000	1942.000000	940.000000	1035.000000	1207.000000	763.000000	650.000000	754.000000	149.000000
421.000000	812.000000	1102.000000	857.000000	477.000000	382.000000	594.000000	1.000000	1.000000	264.000000	1.000000	1.000000	573.000000	723.000000	513.000000	395.000000	955.000000	961.000000	446.000000	1188.000000	1043.000000
287.000000	364.000000	951.000000	1188.000000	782.000000	328.000000	1.000000	1.000000	1.000000	1.000000	1.000000	1.000000	261.000000	155.000000	495.000000	511.000000	809.000000	475.000000	1.000000	1069.000000	1149.000000
1.000000	582.000000	889.000000	1290.000000	912.000000	650.000000	1.000000	1.000000	1.000000	1.000000	1.000000	431.000000	1.000000	662.000000	246.000000	861.000000	459.000000	370.000000	1.000000	946.000000	327.000000
1.000000	381.000000	990.000000	1809.000000	707.000000	640.000000	1.000000	1.000000	135.000000	897.000000	363.000000	1.000000	179.000000	437.000000	627.000000	627.000000	756.000000	508.000000	989.000000	505.000000	153.000000
1.000000	107.000000	861.000000	1420.000000	940.000000	1221.000000	538.000000	226.000000	271.000000	496.000000	221.000000	1.000000	827.000000	1.000000	449.000000	629.000000	939.000000	578.000000	880.000000	619.000000	327.000000
1.000000	448.000000	691.000000	924.000000	645.000000	571.000000	963.000000	556.000000	1.000000	153.000000	1.000000	261.000000	1227.000000	354.000000	449.000000	637.000000	1013.000000	346.000000	757.000000	147.000000	633.000000
1.000000	493.000000	1140.000000	1255.000000	445.000000	181.000000	665.000000	1129.000000	647.000000	142.000000	1.000000	388.000000	1309.000000	605.000000	129.000000	989.000000	767.000000	346.000000	894.000000	649.000000	603.000000
383.000000	159.000000	883.000000	897.000000	676.000000	1.000000	271.000000	1281.000000	788.000000	697.000000	475.000000	548.000000	558.000000	470.000000	371.000000	742.000000	861.000000	347.000000	1101.000000	951.000000	554.000000
163.000000	1.000000	133.000000	847.000000	822.000000	1.000000	1.000000	690.000000	744.000000	1035.000000	814.000000	1.000000	131.000000	493.000000	191.000000	179.000000	1369.000000	402.000000	659.000000	949.000000	450.000000
1.000000	1.000000	133.000000	1.000000	402.000000	73.000000	221.000000	1.000000	288.000000	619.000000	330.000000	1.000000	1.000000	326.000000	1.000000	1.000000	835.000000	436.000000	308.000000	143.000000	218.000000
