21 25 0
339.000000	719.000000	1227.000000	1178.000000	316.000000	1.000000	454.000000	169.000000	1.000000	1.000000	154.000000	404.000000	339.000000	228.000000	1.000000	1.000000	498.000000	1.000000	1.000000	1.000000	145.000000
349.000000	321.000000	832.000000	1.000000	1.000000	1.000000	163.000000	157.000000	500.000000	1.000000	333.000000	558.000000	254.000000	179.000000	179.000000	379.000000	398.000000	1.000000	1.000000	1.000000	135.000000
666.000000	251.000000	476.000000	1.000000	1.000000	353.000000	461.000000	543.000000	203.000000	1.000000	348.000000	215.000000	353.000000	836.000000	954.000000	1008.000000	690.000000	1.000000	269.000000	1.000000	1.000000
246.000000	1.000000	625.000000	81.000000	193.000000	398.000000	532.000000	529.000000	1.000000	169.000000	420.000000	678.000000	518.000000	619.000000	566.000000	351.000000	491.000000	1.000000	272.000000	1.000000	1.000000
1.000000	574.000000	853.000000	577.000000	182.000000	197.000000	1.000000	1.000000	1.000000	210.000000	245.000000	187.000000	626.000000	300.000000	221.000000	350.000000	1.000000	1.000000	1.000000	435.000000	453.000000
545.000000	595.000000	1.000000	1.000000	1.000000	1.000000	351.000000	126.000000	288.000000	291.000000	368.000000	226.000000	226.000000	1.000000	387.000000	413.000000	1.000000	1.000000	1.000000	453.000000	1.000000
1.000000	275.000000	1.000000	548.000000	614.000000	353.000000	1.000000	1.000000	1.000000	934.000000	946.000000	1.000000	1.000000	1.000000	1.000000	1.000000	1.000000	1.000000	1.000000	1.000000	641.000000
1.000000	1.000000	1.000000	1.000000	1.000000	1.000000	669.000000	401.000000	263.000000	965.000000	1438.000000	1.000000	1.000000	1.000000	393.000000	385.000000	1.000000	464.000000	1.000000	507.000000	466.000000
1.000000	425.000000	794.000000	178.000000	401.000000	712.000000	1405.000000	1.000000	147.000000	607.000000	175.000000	1.000000	1.000000	789.000000	1106.000000	708.000000	818.000000	162.000000	444.000000	746.000000	354.000000
425.000000	910.000000	727.000000	704.000000	1188.000000	1014.000000	451.000000	352.000000	339.000000	1100.000000	449.000000	1.000000	1.000000	869.000000	1335.000000	401.000000	473.000000	1.000000	354.000000	475.000000	1.000000
427.000000	471.000000	225.000000	554.000000	316.000000	231.000000	588.000000	153.000000	670.000000	632.000000	552.000000	189.000000	1.000000	411.000000	209.000000	1.000000	1.000000	145.000000	127.000000	1.000000	369.000000
515.000000	414.000000	175.000000	1.000000	400.000000	1.000000	255.000000	483.000000	421.000000	514.000000	214.000000	253.000000	1.000000	530.000000	1.000000	612.000000	195.000000	127.000000	1.000000	496.000000	911.000000
221.000000	1.000000	89.000000	488.000000	1.000000	415.000000	655.000000	222.000000	550.000000	287.000000	677.000000	1.000000	1.000000	157.000000	103.000000	731.000000	501.000000	316.000000	475.000000	726.000000	764.000000
1.000000	194.000000	169.000000	362.000000	505.000000	1.000000	573.000000	1.000000	1.000000	721.000000	667.000000	1.000000	1.000000	904.000000	1636.000000	470.000000	639.000000	657.000000	241.000000	391.000000	712.000000
1.000000	161.000000	692.000000	1054.000000	1.000000	199.000000	576.000000	82.000000	325.000000	987.000000	669.000000	296.000000	266.000000	1953.000000	927.000000	491.000000	288.000000	569.000000	322.000000	77.000000	469.000000
1.000000	1152.000000	1.000000	902.000000	309.000000	409.000000	565.000000	1.000000	1601.000000	1563.000000	877.000000	1.000000	1162.000000	1363.000000	487.000000	133.000000	396.000000	316.000000	153.000000	137.000000	619.000000
1.000000	1.000000	237.000000	353.000000	442.000000	88.000000	1.000000	173.000000	259.000000	1.000000	1.000000	389.000000	297.000000	1.000000	434.000000	354.000000	277.000000	135.000000	179.000000	764.000000	141.000000
1.000000	1.000000	175.000000	453.000000	1.000000	1.000000	1.000000	1.000000	1.000000	1.000000	705.000000	1.000000	1.000000	434.000000	1.000000	341.000000	313.000000	303.000000	252.000000	786.000000	309.000000
1.000000	75.000000	472.000000	817.000000	1.000000	1.000000	1.000000	1.000000	1033.000000	1601.000000	1474.000000	186.000000	1215.000000	1162.000000	1171.000000	485.000000	285.000000	347.000000	1.000000	307.000000	149.000000
1.000000	1.000000	680.000000	481.000000	1.000000	1.000000	1.000000	273.000000	271.000000	569.000000	1.000000	617.000000	1420.000000	942.000000	449.000000	472.000000	300.000000	273.000000	512.000000	1.000000	1.000000
1.000000	1.000000	747.000000	489.000000	1.000000	1.000000	1.000000	1.000000	1.000000	247.000000	308.000000	1.000000	150.000000	1.000000	415.000000	1.000000	404.000000	176.000000	152.000000	1.000000	343.000000
1.000000	217.000000	1.000000	381.000000	1.000000	1.000000	1.000000	1.000000	1.000000	181.000000	183.000000	246.000000	128.000000	316.000000	129.000000	1234.000000	715.000000	251.000000	177.000000	135.000000	291.000000
1.000000	1.000000	427.000000	325.000000	1.000000	1.000000	1.000000	541.000000	1.000000	438.000000	129.000000	338.000000	201.000000	446.000000	734.000000	478.000000	269.000000	152.000000	1023.000000	465.000000	722.000000
1.000000	1.000000	1.000000	325.000000	387.000000	1.000000	1.000000	385.000000	438.000000	1.000000	1.000000	1.000000	1.000000	445.000000	159.000000	247.000000	151.000000	986.000000	638.000000	460.000000	431.000000
1.000000	1.000000	1.000000	248.000000	371.000000	1.000000	386.000000	1.000000	1.000000	1.000000	1.000000	1.000000	1.000000	1.000000	1.000000	162.000000	927.000000	783.000000	163.000000	1.000000	162.000000
