21 25 0
1.000000	339.000000	613.000000	474.000000	678.000000	393.000000	297.000000	287.000000	547.000000	325.000000	1.000000	1.000000	1.000000	307.000000	1.000000	453.000000	445.000000	1.000000	1.000000	1.000000	1.000000
900.000000	463.000000	649.000000	593.000000	245.000000	1.000000	247.000000	1.000000	1.000000	1.000000	1.000000	608.000000	286.000000	566.000000	1.000000	1.000000	367.000000	1.000000	1.000000	189.000000	1.000000
1433.000000	770.000000	470.000000	245.000000	251.000000	1.000000	1.000000	1.000000	1.000000	1.000000	444.000000	599.000000	763.000000	288.000000	1.000000	1.000000	1.000000	1.000000	185.000000	1.000000	1.000000
794.000000	405.000000	1.000000	251.000000	1.000000	1.000000	1.000000	1.000000	1.000000	132.000000	416.000000	429.000000	291.000000	507.000000	435.000000	1.000000	1.000000	1.000000	337.000000	1.000000	1.000000
151.000000	1.000000	1.000000	1.000000	1.000000	1.000000	1.000000	501.000000	1.000000	1.000000	1.000000	457.000000	1131.000000	919.000000	1.000000	1.000000	581.000000	421.000000	1.000000	261.000000	1.000000
1.000000	1.000000	719.000000	951.000000	949.000000	667.000000	1181.000000	1894.000000	893.000000	546.000000	1461.000000	1887.000000	1375.000000	857.000000	1258.000000	659.000000	1.000000	1.000000	416.000000	264.000000	1.000000
409.000000	1.000000	855.000000	1241.000000	1563.000000	1037.000000	1819.000000	1088.000000	668.000000	405.000000	1067.000000	1107.000000	1436.000000	1478.000000	797.000000	1217.000000	1.000000	417.000000	395.000000	668.000000	1.000000
1.000000	1.000000	481.000000	475.000000	975.000000	499.000000	445.000000	379.000000	443.000000	1.000000	1.000000	299.000000	550.000000	595.000000	1.000000	1.000000	1.000000	1701.000000	1010.000000	697.000000	1.000000
208.000000	1.000000	481.000000	487.000000	499.000000	427.000000	1.000000	1.000000	1.000000	1.000000	437.000000	1.000000	1.000000	1.000000	1.000000	1.000000	1.000000	897.000000	1430.000000	1.000000	1.000000
1.000000	1.000000	451.000000	1.000000	1.000000	1.000000	1.000000	1.000000	1.000000	1.000000	343.000000	1.000000	1.000000	1.000000	1.000000	1.000000	367.000000	1250.000000	556.000000	1.000000	139.000000
1.000000	1.000000	431.000000	351.000000	291.000000	1.000000	657.000000	76.000000	446.000000	1.000000	1.000000	1.000000	1.000000	1.000000	131.000000	1.000000	445.000000	1315.000000	1.000000	1.000000	551.000000
579.000000	787.000000	1.000000	639.000000	1251.000000	900.000000	738.000000	1027.000000	322.000000	1.000000	1199.000000	1195.000000	389.000000	1.000000	742.000000	650.000000	1022.000000	752.000000	185.000000	565.000000	929.000000
913.000000	709.000000	162.000000	926.000000	522.000000	131.000000	1.000000	244.000000	545.000000	697.000000	1921.000000	1915.000000	993.000000	395.000000	1.000000	491.000000	559.000000	623.000000	517.000000	776.000000	720.000000
335.000000	216.000000	1.000000	1.000000	143.000000	137.000000	187.000000	1.000000	491.000000	475.000000	463.000000	603.000000	1.000000	1.000000	285.000000	299.000000	281.000000	702.000000	554.000000	671.000000	494.000000
177.000000	1.000000	1.000000	1.000000	195.000000	187.000000	1.000000	133.000000	199.000000	1.000000	1.000000	1.000000	197.000000	231.000000	285.000000	1.000000	579.000000	808.000000	153.000000	237.000000	1.000000
257.000000	395.000000	1.000000	137.000000	183.000000	423.000000	235.000000	747.000000	481.000000	329.000000	225.000000	1107.000000	1639.000000	1266.000000	441.000000	1.000000	568.000000	619.000000	226.000000	1.000000	1.000000
257.000000	517.000000	143.000000	1.000000	1.000000	1.000000	355.000000	1.000000	1.000000	302.000000	873.000000	1723.000000	1575.000000	293.000000	1.000000	1.000000	1664.000000	1015.000000	475.000000	1.000000	1.000000
286.000000	523.000000	1.000000	1.000000	405.000000	1.000000	1.000000	1.000000	429.000000	1.000000	1.000000	1.000000	1.000000	1.000000	1.000000	709.000000	1589.000000	191.000000	305.000000	1.000000	1.000000
604.000000	1.000000	1.000000	347.000000	191.000000	1.000000	1.000000	1.000000	211.000000	371.000000	173.000000	223.000000	419.000000	195.000000	443.000000	1376.000000	606.000000	1.000000	435.000000	1.000000	1.000000
505.000000	1.000000	1.000000	940.000000	229.000000	1.000000	307.000000	1.000000	357.000000	177.000000	213.000000	185.000000	195.000000	231.000000	602.000000	805.000000	197.000000	327.000000	199.000000	1.000000	1.000000
1.000000	1.000000	943.000000	1185.000000	159.000000	295.000000	1.000000	1.000000	1.000000	1.000000	1.000000	1.000000	723.000000	665.000000	1507.000000	583.000000	539.000000	173.000000	88.000000	1.000000	1.000000
1.000000	337.000000	1956.000000	975.000000	1.000000	1.000000	1.000000	1.000000	381.000000	1165.000000	1157.000000	793.000000	1686.000000	1763.000000	1159.000000	501.000000	333.000000	879.000000	202.000000	304.000000	153.000000
1.000000	502.000000	1464.000000	1.000000	1.000000	539.000000	1.000000	1.000000	1.000000	322.000000	491.000000	772.000000	838.000000	762.000000	311.000000	333.000000	1.000000	385.000000	489.000000	316.000000	283.000000
1.000000	632.000000	149.000000	1.000000	1.000000	1.000000	289.000000	1.000000	1.000000	1.000000	185.000000	257.000000	203.000000	169.000000	1.000000	1.000000	1.000000	335.000000	1.000000	1.000000	127.000000
1.000000	1.000000	143.000000	1.000000	1.000000	1.000000	1.000000	1.000000	1.000000	1.000000	257.000000	1.000000	1.000000	1.000000	1.000000	1.000000	1.000000	177.000000	1.000000	1.000000	1.000000
