21 25 0
1.000000	426.000000	465.000000	1.000000	517.000000	593.000000	407.000000	1.000000	259.000000	709.000000	1973.000000	2167.000000	873.000000	1.000000	1.000000	339.000000	1.000000	433.000000	1512.000000	1019.000000	983.000000
1.000000	428.000000	491.000000	1.000000	667.000000	631.000000	577.000000	1.000000	577.000000	993.000000	2378.000000	406.000000	137.000000	1.000000	1.000000	609.000000	1.000000	557.000000	915.000000	983.000000	683.000000
1.000000	567.000000	438.000000	800.000000	1258.000000	558.000000	168.000000	1.000000	283.000000	666.000000	864.000000	171.000000	345.000000	214.000000	411.000000	538.000000	151.000000	561.000000	629.000000	1391.000000	684.000000
1.000000	899.000000	250.000000	932.000000	541.000000	245.000000	1.000000	1.000000	1.000000	389.000000	137.000000	171.000000	132.000000	426.000000	509.000000	547.000000	286.000000	171.000000	137.000000	931.000000	582.000000
419.000000	1043.000000	848.000000	1247.000000	1.000000	1.000000	1.000000	1.000000	1.000000	211.000000	1.000000	1.000000	1.000000	642.000000	1163.000000	576.000000	551.000000	135.000000	513.000000	1060.000000	553.000000
1636.000000	1591.000000	858.000000	984.000000	1.000000	447.000000	1.000000	1.000000	379.000000	691.000000	1.000000	1.000000	1.000000	1013.000000	1411.000000	1328.000000	836.000000	887.000000	315.000000	1269.000000	1221.000000
1861.000000	1487.000000	696.000000	321.000000	1.000000	1.000000	1.000000	1.000000	947.000000	1250.000000	678.000000	1.000000	1.000000	507.000000	1061.000000	1189.000000	1745.000000	1097.000000	171.000000	1317.000000	1419.000000
1841.000000	1196.000000	645.000000	1.000000	1.000000	1.000000	1.000000	1.000000	1277.000000	1669.000000	889.000000	1.000000	1.000000	1.000000	1348.000000	654.000000	711.000000	922.000000	1.000000	945.000000	1003.000000
1533.000000	906.000000	660.000000	631.000000	1.000000	402.000000	1.000000	1.000000	1331.000000	1457.000000	1071.000000	1.000000	1.000000	1.000000	1181.000000	1507.000000	357.000000	1.000000	1.000000	1095.000000	1118.000000
1399.000000	1336.000000	285.000000	685.000000	153.000000	129.000000	145.000000	1.000000	1523.000000	1185.000000	885.000000	327.000000	861.000000	1.000000	365.000000	1115.000000	359.000000	1.000000	91.000000	1884.000000	1.000000
1014.000000	1091.000000	1.000000	307.000000	1.000000	1.000000	1.000000	1.000000	1455.000000	1374.000000	684.000000	153.000000	997.000000	940.000000	1.000000	181.000000	1.000000	321.000000	739.000000	1569.000000	1.000000
916.000000	843.000000	312.000000	241.000000	1.000000	233.000000	299.000000	1.000000	855.000000	2545.000000	637.000000	1.000000	263.000000	346.000000	1.000000	860.000000	1.000000	321.000000	558.000000	1115.000000	1.000000
497.000000	909.000000	514.000000	1.000000	1.000000	477.000000	591.000000	1.000000	1.000000	2726.000000	1169.000000	1.000000	1175.000000	251.000000	1.000000	795.000000	223.000000	1.000000	796.000000	646.000000	1.000000
185.000000	595.000000	447.000000	1.000000	351.000000	729.000000	1019.000000	1.000000	1.000000	1107.000000	825.000000	1.000000	883.000000	251.000000	1.000000	388.000000	477.000000	1.000000	696.000000	231.000000	159.000000
219.000000	419.000000	573.000000	149.000000	939.000000	974.000000	276.000000	1.000000	1.000000	1.000000	173.000000	1.000000	1.000000	480.000000	1.000000	279.000000	1.000000	1.000000	428.000000	372.000000	679.000000
171.000000	583.000000	653.000000	285.000000	848.000000	678.000000	317.000000	1.000000	493.000000	1259.000000	629.000000	1.000000	1.000000	401.000000	748.000000	997.000000	1.000000	1.000000	463.000000	837.000000	698.000000
243.000000	487.000000	649.000000	613.000000	816.000000	724.000000	207.000000	1.000000	995.000000	1755.000000	461.000000	1.000000	1.000000	803.000000	1622.000000	825.000000	1.000000	309.000000	633.000000	697.000000	291.000000
717.000000	327.000000	609.000000	825.000000	921.000000	983.000000	508.000000	1.000000	1.000000	916.000000	1.000000	1.000000	189.000000	1133.000000	1693.000000	287.000000	1.000000	555.000000	579.000000	760.000000	229.000000
475.000000	1176.000000	740.000000	355.000000	460.000000	1648.000000	1149.000000	1.000000	1.000000	434.000000	1.000000	211.000000	165.000000	1173.000000	499.000000	1.000000	1.000000	181.000000	336.000000	596.000000	200.000000
467.000000	2024.000000	277.000000	1.000000	1.000000	883.000000	1653.000000	574.000000	1.000000	418.000000	255.000000	1.000000	505.000000	595.000000	167.000000	1.000000	1094.000000	625.000000	403.000000	639.000000	833.000000
1285.000000	1703.000000	555.000000	161.000000	135.000000	235.000000	1679.000000	1186.000000	188.000000	1.000000	533.000000	1.000000	997.000000	1.000000	487.000000	765.000000	1279.000000	1425.000000	157.000000	574.000000	501.000000
1837.000000	1221.000000	1.000000	620.000000	1104.000000	185.000000	1186.000000	1556.000000	950.000000	354.000000	1.000000	1.000000	279.000000	1.000000	459.000000	803.000000	1632.000000	1125.000000	399.000000	230.000000	349.000000
1543.000000	977.000000	345.000000	1105.000000	1453.000000	1.000000	203.000000	541.000000	893.000000	538.000000	1.000000	1.000000	1.000000	185.000000	513.000000	1273.000000	1527.000000	261.000000	571.000000	1.000000	570.000000
775.000000	1.000000	1.000000	810.000000	569.000000	1.000000	1.000000	273.000000	271.000000	185.000000	1.000000	1.000000	1.000000	1.000000	171.000000	378.000000	711.000000	1.000000	347.000000	1.000000	194.000000
135.000000	149.000000	1.000000	1.000000	339.000000	1.000000	1.000000	1.000000	1.000000	1.000000	1.000000	1.000000	1.000000	1.000000	173.000000	163.000000	277.000000	1.000000	303.000000	1.000000	1.000000
