21 25 0
759.000000	175.000000	1.000000	1.000000	1.000000	1.000000	1.000000	1.000000	670.000000	1447.000000	2354.000000	2895.000000	2136.000000	1891.000000	1463.000000	1552.000000	1468.000000	347.000000	1.000000	162.000000	135.000000
139.000000	191.000000	1.000000	441.000000	874.000000	825.000000	851.000000	1240.000000	1498.000000	1710.000000	1550.000000	884.000000	462.000000	187.000000	158.000000	363.000000	757.000000	749.000000	1.000000	1.000000	141.000000
1.000000	1.000000	415.000000	805.000000	1233.000000	1202.000000	923.000000	734.000000	578.000000	499.000000	189.000000	1.000000	385.000000	957.000000	983.000000	549.000000	776.000000	561.000000	510.000000	1.000000	1.000000
1.000000	799.000000	1813.000000	1999.000000	1887.000000	1756.000000	1015.000000	879.000000	475.000000	515.000000	731.000000	783.000000	1394.000000	1320.000000	1308.000000	1175.000000	865.000000	760.000000	311.000000	327.000000	145.000000
1.000000	266.000000	1037.000000	1360.000000	1733.000000	2478.000000	2469.000000	1618.000000	1097.000000	1248.000000	809.000000	696.000000	908.000000	1202.000000	1043.000000	700.000000	1148.000000	974.000000	561.000000	1.000000	329.000000
177.000000	471.000000	511.000000	511.000000	329.000000	321.000000	413.000000	602.000000	600.000000	137.000000	400.000000	457.000000	277.000000	648.000000	747.000000	505.000000	1.000000	1.000000	1.000000	373.000000	1.000000
269.000000	469.000000	505.000000	511.000000	1153.000000	393.000000	465.000000	491.000000	1.000000	305.000000	305.000000	1.000000	429.000000	757.000000	765.000000	992.000000	727.000000	1.000000	1.000000	1.000000	1.000000
189.000000	1.000000	445.000000	479.000000	719.000000	749.000000	1589.000000	2079.000000	1387.000000	645.000000	683.000000	1011.000000	501.000000	1172.000000	1065.000000	1224.000000	995.000000	191.000000	267.000000	183.000000	1.000000
245.000000	1.000000	1.000000	377.000000	1066.000000	1099.000000	1904.000000	2074.000000	1680.000000	781.000000	768.000000	1742.000000	1677.000000	1670.000000	1692.000000	1009.000000	347.000000	1.000000	371.000000	2039.000000	1514.000000
1329.000000	1111.000000	888.000000	895.000000	1846.000000	1813.000000	1676.000000	389.000000	996.000000	1835.000000	1016.000000	766.000000	1578.000000	2114.000000	1729.000000	1142.000000	1437.000000	905.000000	404.000000	1283.000000	1263.000000
2444.000000	1060.000000	1.000000	691.000000	1028.000000	678.000000	735.000000	284.000000	1.000000	1123.000000	984.000000	245.000000	187.000000	528.000000	860.000000	683.000000	603.000000	242.000000	155.000000	1.000000	1.000000
1.000000	1.000000	1.000000	143.000000	565.000000	531.000000	401.000000	401.000000	153.000000	923.000000	1065.000000	283.000000	1.000000	1.000000	129.000000	1.000000	1.000000	1.000000	1.000000	1.000000	1.000000
431.000000	1.000000	1.000000	1.000000	1.000000	219.000000	785.000000	700.000000	1.000000	1.000000	1.000000	1.000000	1.000000	539.000000	368.000000	205.000000	190.000000	1.000000	1.000000	1.000000	1.000000
841.000000	1.000000	581.000000	1386.000000	1923.000000	1890.000000	1711.000000	1084.000000	1474.000000	1547.000000	1469.000000	1227.000000	429.000000	687.000000	1360.000000	1437.000000	1032.000000	215.000000	1.000000	1.000000	1.000000
1220.000000	1007.000000	227.000000	451.000000	443.000000	1.000000	472.000000	617.000000	2049.000000	2911.000000	2864.000000	2898.000000	2020.000000	941.000000	171.000000	335.000000	637.000000	1.000000	441.000000	321.000000	425.000000
639.000000	1.000000	1.000000	1.000000	157.000000	157.000000	1.000000	1.000000	509.000000	597.000000	557.000000	463.000000	1.000000	1.000000	283.000000	585.000000	297.000000	1.000000	184.000000	453.000000	283.000000
297.000000	1.000000	1.000000	167.000000	189.000000	600.000000	301.000000	321.000000	1.000000	1.000000	487.000000	1.000000	1.000000	501.000000	411.000000	1.000000	1.000000	1.000000	165.000000	630.000000	620.000000
461.000000	201.000000	257.000000	1.000000	207.000000	397.000000	2035.000000	2174.000000	2483.000000	1866.000000	1349.000000	1416.000000	1492.000000	2087.000000	696.000000	1.000000	1.000000	70.000000	165.000000	470.000000	526.000000
1.000000	192.000000	480.000000	668.000000	195.000000	1.000000	1.000000	755.000000	1119.000000	1577.000000	1117.000000	817.000000	663.000000	700.000000	470.000000	133.000000	155.000000	1.000000	1.000000	171.000000	311.000000
137.000000	1.000000	247.000000	161.000000	1.000000	1.000000	1.000000	373.000000	691.000000	806.000000	1099.000000	912.000000	1101.000000	676.000000	351.000000	207.000000	489.000000	1308.000000	1251.000000	1.000000	1.000000
438.000000	1.000000	191.000000	1.000000	1.000000	1.000000	1.000000	391.000000	1841.000000	2279.000000	2056.000000	1604.000000	1703.000000	577.000000	225.000000	225.000000	903.000000	491.000000	791.000000	1118.000000	228.000000
149.000000	149.000000	1.000000	367.000000	599.000000	147.000000	1.000000	1.000000	300.000000	400.000000	400.000000	373.000000	265.000000	131.000000	1.000000	221.000000	220.000000	1.000000	514.000000	1.000000	413.000000
1.000000	1.000000	1.000000	1.000000	337.000000	353.000000	327.000000	1.000000	1.000000	1.000000	1.000000	1.000000	1.000000	201.000000	1.000000	191.000000	179.000000	1.000000	1.000000	1.000000	171.000000
1.000000	1.000000	1.000000	1.000000	1.000000	1.000000	1.000000	315.000000	1.000000	1.000000	1.000000	1.000000	1.000000	293.000000	345.000000	1.000000	1.000000	1.000000	1.000000	164.000000	1.000000
1.000000	1.000000	1.000000	1.000000	1.000000	1.000000	1.000000	231.000000	1.000000	1.000000	1.000000	1.000000	1.000000	1.000000	259.000000	309.000000	1.000000	1.000000	1.000000	1.000000	1.000000
