21 25 0
478.000000	136.000000	892.000000	1011.000000	671.000000	1.000000	433.000000	977.000000	797.000000	1.000000	1.000000	397.000000	213.000000	841.000000	1109.000000	622.000000	1606.000000	227.000000	345.000000	302.000000	193.000000
852.000000	153.000000	568.000000	781.000000	587.000000	1.000000	247.000000	580.000000	466.000000	1.000000	1.000000	327.000000	1.000000	777.000000	235.000000	539.000000	1638.000000	1349.000000	167.000000	133.000000	153.000000
1142.000000	486.000000	501.000000	531.000000	495.000000	183.000000	247.000000	1.000000	386.000000	1.000000	1.000000	148.000000	77.000000	469.000000	347.000000	653.000000	1185.000000	1893.000000	1003.000000	1.000000	1.000000
988.000000	269.000000	1.000000	295.000000	374.000000	133.000000	1.000000	1.000000	1.000000	1.000000	212.000000	433.000000	221.000000	237.000000	1.000000	415.000000	982.000000	1039.000000	1270.000000	1.000000	1.000000
588.000000	425.000000	1.000000	1.000000	1.000000	1.000000	1.000000	1.000000	1.000000	1.000000	133.000000	738.000000	145.000000	1.000000	1.000000	361.000000	1069.000000	1133.000000	1584.000000	1.000000	1.000000
560.000000	1.000000	567.000000	1.000000	1.000000	1.000000	443.000000	461.000000	1.000000	1.000000	809.000000	1199.000000	1.000000	1.000000	471.000000	897.000000	789.000000	1110.000000	2017.000000	367.000000	1.000000
558.000000	1.000000	1087.000000	141.000000	1.000000	1.000000	444.000000	1.000000	1.000000	1.000000	1619.000000	565.000000	756.000000	1.000000	473.000000	813.000000	815.000000	1691.000000	2059.000000	1088.000000	1.000000
652.000000	171.000000	1313.000000	214.000000	997.000000	895.000000	183.000000	1.000000	261.000000	1.000000	1501.000000	780.000000	793.000000	1.000000	1.000000	1.000000	405.000000	1683.000000	1728.000000	842.000000	1.000000
939.000000	1.000000	1053.000000	198.000000	1178.000000	1592.000000	1.000000	929.000000	1031.000000	179.000000	1415.000000	593.000000	693.000000	1.000000	1.000000	1.000000	327.000000	1604.000000	2033.000000	1.000000	1.000000
588.000000	245.000000	941.000000	1.000000	800.000000	865.000000	1.000000	720.000000	817.000000	1.000000	1835.000000	949.000000	77.000000	1.000000	1.000000	1.000000	657.000000	1759.000000	1118.000000	226.000000	171.000000
1.000000	319.000000	893.000000	1.000000	327.000000	622.000000	335.000000	966.000000	776.000000	1.000000	1800.000000	1329.000000	386.000000	1.000000	1.000000	1.000000	568.000000	1879.000000	313.000000	226.000000	607.000000
1007.000000	997.000000	537.000000	1.000000	1.000000	1.000000	335.000000	1089.000000	800.000000	1.000000	1655.000000	1372.000000	561.000000	1.000000	292.000000	1.000000	491.000000	1415.000000	215.000000	448.000000	739.000000
711.000000	808.000000	464.000000	256.000000	1.000000	1.000000	1.000000	993.000000	1293.000000	1.000000	1209.000000	1831.000000	505.000000	347.000000	1612.000000	1.000000	221.000000	843.000000	179.000000	448.000000	759.000000
699.000000	346.000000	239.000000	223.000000	1.000000	1.000000	1.000000	1523.000000	2046.000000	1.000000	1.000000	1834.000000	1.000000	1.000000	1253.000000	1.000000	497.000000	1197.000000	345.000000	187.000000	338.000000
836.000000	443.000000	233.000000	223.000000	1.000000	155.000000	1.000000	911.000000	613.000000	1.000000	221.000000	388.000000	1.000000	1.000000	485.000000	1.000000	706.000000	1372.000000	798.000000	187.000000	1.000000
686.000000	964.000000	221.000000	1.000000	172.000000	155.000000	291.000000	336.000000	155.000000	1.000000	223.000000	1048.000000	1355.000000	287.000000	1.000000	305.000000	1231.000000	1067.000000	994.000000	551.000000	1.000000
443.000000	1303.000000	189.000000	1.000000	384.000000	365.000000	999.000000	1137.000000	455.000000	1.000000	1.000000	1266.000000	1533.000000	287.000000	1.000000	476.000000	2024.000000	1360.000000	585.000000	685.000000	1.000000
767.000000	1097.000000	243.000000	739.000000	567.000000	1.000000	996.000000	2262.000000	1072.000000	213.000000	1.000000	436.000000	1153.000000	1.000000	1.000000	863.000000	1711.000000	291.000000	383.000000	151.000000	1.000000
980.000000	141.000000	189.000000	1072.000000	553.000000	1.000000	357.000000	1357.000000	1743.000000	261.000000	1.000000	437.000000	1.000000	1.000000	1.000000	983.000000	613.000000	330.000000	855.000000	1.000000	145.000000
619.000000	141.000000	227.000000	1975.000000	411.000000	295.000000	1.000000	320.000000	1302.000000	1.000000	1.000000	1.000000	231.000000	241.000000	598.000000	1369.000000	329.000000	1008.000000	1634.000000	1.000000	1.000000
169.000000	185.000000	1686.000000	1547.000000	910.000000	736.000000	1.000000	1.000000	896.000000	133.000000	680.000000	295.000000	779.000000	698.000000	1312.000000	1372.000000	461.000000	935.000000	1371.000000	967.000000	1.000000
1.000000	373.000000	1942.000000	1007.000000	849.000000	1598.000000	201.000000	1.000000	215.000000	375.000000	747.000000	650.000000	271.000000	1350.000000	879.000000	712.000000	925.000000	805.000000	1391.000000	1077.000000	221.000000
1.000000	935.000000	1920.000000	645.000000	578.000000	1693.000000	538.000000	1.000000	1.000000	377.000000	984.000000	356.000000	1.000000	985.000000	349.000000	313.000000	513.000000	1279.000000	1070.000000	746.000000	375.000000
1.000000	653.000000	702.000000	1.000000	267.000000	751.000000	513.000000	1.000000	1.000000	1.000000	133.000000	1.000000	1.000000	313.000000	1.000000	1.000000	1.000000	595.000000	195.000000	1.000000	349.000000
1.000000	1.000000	169.000000	1.000000	1.000000	1.000000	297.000000	1.000000	1.000000	1.000000	1.000000	1.000000	1.000000	1.000000	1.000000	1.000000	1.000000	403.000000	1.000000	1.000000	303.000000
