21 25 0
202.000000	68.000000	1.000000	1.000000	359.000000	1.000000	189.000000	126.000000	280.000000	1.000000	367.000000	693.000000	1016.000000	1322.000000	1939.000000	1919.000000	1659.000000	301.000000	173.000000	175.000000	441.000000
137.000000	1.000000	413.000000	1.000000	1127.000000	428.000000	561.000000	795.000000	828.000000	1.000000	1.000000	325.000000	323.000000	571.000000	427.000000	687.000000	1365.000000	1490.000000	1.000000	1.000000	141.000000
523.000000	1.000000	995.000000	415.000000	408.000000	431.000000	406.000000	204.000000	460.000000	1.000000	1.000000	1.000000	1.000000	695.000000	747.000000	831.000000	743.000000	1493.000000	595.000000	1.000000	1.000000
174.000000	1.000000	379.000000	1265.000000	329.000000	135.000000	559.000000	223.000000	297.000000	1.000000	1.000000	1.000000	155.000000	253.000000	357.000000	1167.000000	849.000000	1199.000000	761.000000	1.000000	1.000000
1.000000	509.000000	1.000000	1.000000	255.000000	348.000000	566.000000	266.000000	134.000000	277.000000	361.000000	284.000000	1.000000	143.000000	1.000000	221.000000	773.000000	1227.000000	1044.000000	1.000000	1.000000
1.000000	873.000000	509.000000	1.000000	1.000000	1.000000	1.000000	1.000000	1.000000	1.000000	136.000000	139.000000	1.000000	1.000000	1.000000	455.000000	251.000000	741.000000	1234.000000	373.000000	1.000000
1.000000	347.000000	987.000000	195.000000	273.000000	135.000000	1.000000	1.000000	1.000000	1.000000	1.000000	135.000000	1.000000	1.000000	1.000000	1.000000	859.000000	793.000000	1016.000000	443.000000	1.000000
454.000000	1.000000	1.000000	395.000000	735.000000	665.000000	553.000000	1.000000	469.000000	1.000000	728.000000	631.000000	619.000000	791.000000	1.000000	1.000000	403.000000	1153.000000	1147.000000	744.000000	1.000000
855.000000	1.000000	327.000000	379.000000	445.000000	592.000000	773.000000	711.000000	846.000000	1.000000	637.000000	660.000000	880.000000	1539.000000	403.000000	1.000000	291.000000	813.000000	267.000000	865.000000	1113.000000
908.000000	595.000000	673.000000	1.000000	379.000000	1127.000000	317.000000	504.000000	544.000000	1.000000	1171.000000	424.000000	269.000000	1166.000000	572.000000	311.000000	816.000000	547.000000	1.000000	262.000000	526.000000
739.000000	405.000000	755.000000	609.000000	249.000000	1.000000	1.000000	639.000000	1.000000	1.000000	1377.000000	487.000000	1.000000	147.000000	1.000000	1.000000	278.000000	591.000000	707.000000	1.000000	1.000000
805.000000	1.000000	257.000000	373.000000	345.000000	1.000000	1.000000	1.000000	1.000000	1.000000	153.000000	808.000000	175.000000	1.000000	1.000000	1.000000	1.000000	1.000000	277.000000	1.000000	1.000000
194.000000	386.000000	1.000000	1.000000	1.000000	1.000000	1.000000	771.000000	93.000000	1.000000	1.000000	1.000000	1.000000	503.000000	465.000000	190.000000	1.000000	1.000000	1.000000	1.000000	290.000000
703.000000	1.000000	405.000000	545.000000	1.000000	1022.000000	746.000000	1187.000000	1859.000000	1143.000000	185.000000	1.000000	1.000000	1.000000	832.000000	902.000000	267.000000	173.000000	1.000000	1.000000	1.000000
1203.000000	227.000000	231.000000	1.000000	1.000000	1.000000	1.000000	988.000000	1391.000000	1661.000000	1565.000000	1320.000000	265.000000	1.000000	1.000000	1.000000	309.000000	711.000000	531.000000	173.000000	1.000000
931.000000	261.000000	1.000000	231.000000	1.000000	1.000000	1.000000	1.000000	425.000000	397.000000	193.000000	1.000000	411.000000	1.000000	1.000000	1.000000	487.000000	680.000000	740.000000	173.000000	138.000000
439.000000	613.000000	1.000000	1.000000	1.000000	885.000000	1180.000000	752.000000	1.000000	1.000000	1.000000	147.000000	1.000000	1.000000	1.000000	241.000000	149.000000	325.000000	168.000000	457.000000	1.000000
310.000000	211.000000	265.000000	1.000000	1.000000	1.000000	1676.000000	2653.000000	1265.000000	303.000000	1.000000	463.000000	825.000000	1.000000	1.000000	1.000000	349.000000	1.000000	1.000000	1.000000	315.000000
1.000000	1.000000	157.000000	600.000000	340.000000	350.000000	1.000000	1378.000000	1348.000000	211.000000	165.000000	1.000000	1.000000	1.000000	1.000000	143.000000	156.000000	1257.000000	154.000000	165.000000	137.000000
1.000000	1.000000	1.000000	729.000000	227.000000	1.000000	1.000000	438.000000	1102.000000	798.000000	586.000000	377.000000	137.000000	1.000000	1.000000	469.000000	507.000000	918.000000	1611.000000	1.000000	230.000000
141.000000	1.000000	249.000000	287.000000	509.000000	384.000000	1.000000	188.000000	702.000000	930.000000	677.000000	609.000000	1.000000	1.000000	1.000000	409.000000	409.000000	581.000000	1468.000000	1180.000000	1.000000
1.000000	153.000000	448.000000	381.000000	1464.000000	1455.000000	293.000000	1.000000	389.000000	151.000000	1.000000	183.000000	1.000000	1.000000	1.000000	511.000000	411.000000	402.000000	782.000000	1066.000000	413.000000
1.000000	230.000000	916.000000	1412.000000	630.000000	1383.000000	1192.000000	1.000000	1.000000	1.000000	1.000000	1.000000	1.000000	203.000000	1.000000	1.000000	511.000000	1.000000	193.000000	399.000000	435.000000
1.000000	477.000000	822.000000	1.000000	1.000000	479.000000	977.000000	173.000000	1.000000	1.000000	1.000000	1.000000	1.000000	1.000000	1.000000	1.000000	1.000000	1.000000	192.000000	147.000000	1.000000
1.000000	1.000000	1.000000	1.000000	1.000000	1.000000	305.000000	181.000000	1.000000	1.000000	1.000000	1.000000	1.000000	1.000000	1.000000	1.000000	1.000000	1.000000	1.000000	1.000000	1.000000
