21 25 0
1.000000	143.000000	167.000000	1.000000	612.000000	712.000000	336.000000	1.000000	1.000000	1.000000	1.000000	1.000000	405.000000	1.000000	179.000000	213.000000	275.000000	710.000000	1119.000000	813.000000	672.000000
1.000000	137.000000	177.000000	1.000000	449.000000	1.000000	1.000000	1.000000	1.000000	1.000000	375.000000	187.000000	181.000000	150.000000	145.000000	623.000000	1.000000	397.000000	727.000000	869.000000	731.000000
1.000000	269.000000	391.000000	1.000000	1.000000	1.000000	143.000000	1.000000	179.000000	1.000000	273.000000	1.000000	295.000000	289.000000	564.000000	553.000000	349.000000	397.000000	389.000000	1014.000000	870.000000
1.000000	1.000000	1.000000	1.000000	1.000000	1.000000	155.000000	1.000000	1.000000	1.000000	1.000000	1.000000	1.000000	651.000000	128.000000	400.000000	133.000000	1.000000	137.000000	359.000000	611.000000
1.000000	455.000000	1.000000	1.000000	1.000000	1.000000	205.000000	1.000000	1.000000	1.000000	1.000000	1.000000	265.000000	241.000000	1257.000000	568.000000	292.000000	1.000000	309.000000	545.000000	1.000000
1069.000000	797.000000	322.000000	992.000000	1390.000000	1927.000000	505.000000	987.000000	859.000000	185.000000	1.000000	1.000000	469.000000	1027.000000	863.000000	1976.000000	1224.000000	1.000000	193.000000	748.000000	658.000000
769.000000	1244.000000	585.000000	262.000000	308.000000	1204.000000	1302.000000	1187.000000	1686.000000	1161.000000	414.000000	1.000000	1.000000	478.000000	1385.000000	768.000000	1155.000000	834.000000	1.000000	504.000000	1360.000000
1099.000000	343.000000	429.000000	1.000000	1.000000	1.000000	1.000000	811.000000	1175.000000	850.000000	745.000000	1.000000	1.000000	1.000000	219.000000	609.000000	1.000000	1.000000	1.000000	1.000000	482.000000
1183.000000	401.000000	1.000000	1.000000	1.000000	1.000000	1.000000	1.000000	753.000000	366.000000	375.000000	1.000000	1.000000	1.000000	1.000000	159.000000	1.000000	1.000000	1.000000	1.000000	1.000000
871.000000	335.000000	1.000000	1.000000	1.000000	1.000000	1.000000	1.000000	179.000000	280.000000	1.000000	1.000000	1.000000	1.000000	1.000000	1.000000	1.000000	1.000000	1.000000	523.000000	1.000000
837.000000	1322.000000	195.000000	258.000000	1.000000	1.000000	1.000000	389.000000	443.000000	1.000000	1.000000	1.000000	1143.000000	520.000000	1.000000	423.000000	1.000000	1.000000	1.000000	681.000000	233.000000
1299.000000	809.000000	837.000000	1211.000000	1289.000000	463.000000	418.000000	1.000000	1255.000000	2229.000000	292.000000	1.000000	483.000000	789.000000	1105.000000	1635.000000	482.000000	353.000000	1.000000	1.000000	239.000000
1153.000000	743.000000	674.000000	129.000000	333.000000	1.000000	206.000000	301.000000	521.000000	3320.000000	1661.000000	457.000000	673.000000	263.000000	1.000000	1.000000	841.000000	193.000000	633.000000	378.000000	1.000000
469.000000	499.000000	377.000000	209.000000	1.000000	143.000000	137.000000	1.000000	1.000000	960.000000	1324.000000	1.000000	767.000000	714.000000	1.000000	171.000000	275.000000	323.000000	471.000000	1143.000000	159.000000
1.000000	205.000000	385.000000	223.000000	503.000000	592.000000	165.000000	329.000000	1.000000	1.000000	1.000000	1.000000	1.000000	597.000000	1.000000	1.000000	1.000000	1.000000	185.000000	197.000000	1.000000
1.000000	417.000000	411.000000	408.000000	591.000000	432.000000	451.000000	1852.000000	1937.000000	1187.000000	425.000000	1.000000	1.000000	197.000000	303.000000	489.000000	1.000000	1.000000	1.000000	1.000000	1.000000
243.000000	1.000000	219.000000	219.000000	530.000000	567.000000	1.000000	572.000000	1835.000000	1797.000000	2003.000000	425.000000	107.000000	722.000000	599.000000	467.000000	1.000000	1.000000	175.000000	1.000000	1.000000
243.000000	1.000000	159.000000	163.000000	688.000000	969.000000	374.000000	1.000000	1.000000	401.000000	431.000000	485.000000	1.000000	1.000000	343.000000	1.000000	1.000000	1.000000	175.000000	160.000000	1.000000
287.000000	277.000000	1.000000	1.000000	565.000000	1489.000000	1017.000000	567.000000	1.000000	1.000000	1.000000	1.000000	1.000000	1.000000	1.000000	1.000000	1.000000	1.000000	641.000000	1377.000000	349.000000
1.000000	355.000000	1.000000	327.000000	1.000000	1141.000000	1816.000000	916.000000	1.000000	1.000000	1.000000	1.000000	63.000000	229.000000	1.000000	1.000000	819.000000	1.000000	435.000000	420.000000	1116.000000
1.000000	171.000000	1.000000	1.000000	391.000000	875.000000	1490.000000	1408.000000	1.000000	1.000000	1.000000	1.000000	1.000000	1.000000	1.000000	622.000000	347.000000	548.000000	142.000000	260.000000	566.000000
356.000000	1.000000	1.000000	357.000000	246.000000	443.000000	999.000000	2244.000000	1782.000000	354.000000	605.000000	1241.000000	689.000000	366.000000	459.000000	618.000000	635.000000	209.000000	191.000000	1.000000	351.000000
650.000000	973.000000	1.000000	767.000000	336.000000	1.000000	203.000000	549.000000	1799.000000	1399.000000	468.000000	1100.000000	1148.000000	533.000000	1.000000	1.000000	376.000000	457.000000	711.000000	191.000000	1.000000
483.000000	1.000000	1.000000	431.000000	609.000000	1.000000	1.000000	1.000000	533.000000	253.000000	185.000000	1.000000	197.000000	1.000000	1.000000	1.000000	246.000000	1.000000	303.000000	1.000000	1.000000
141.000000	1.000000	1.000000	1.000000	341.000000	1.000000	1.000000	1.000000	1.000000	1.000000	1.000000	1.000000	1.000000	1.000000	1.000000	1.000000	1.000000	1.000000	1.000000	1.000000	1.000000
