21 25 0
145.000000	335.000000	449.000000	425.000000	995.000000	955.000000	953.000000	571.000000	386.000000	323.000000	1.000000	1.000000	255.000000	655.000000	1.000000	1.000000	1.000000	265.000000	333.000000	345.000000	345.000000
521.000000	736.000000	624.000000	237.000000	237.000000	235.000000	1.000000	1.000000	1.000000	1.000000	363.000000	1491.000000	2128.000000	1376.000000	747.000000	276.000000	1.000000	131.000000	135.000000	357.000000	347.000000
147.000000	574.000000	565.000000	249.000000	249.000000	247.000000	1.000000	1.000000	223.000000	253.000000	1347.000000	1354.000000	1193.000000	583.000000	576.000000	574.000000	575.000000	195.000000	593.000000	341.000000	664.000000
1.000000	215.000000	215.000000	1.000000	1.000000	125.000000	351.000000	262.000000	270.000000	333.000000	709.000000	496.000000	303.000000	795.000000	435.000000	1.000000	1.000000	1.000000	1.000000	1.000000	136.000000
1.000000	1.000000	1.000000	319.000000	469.000000	319.000000	467.000000	493.000000	1.000000	1.000000	1.000000	911.000000	1281.000000	1513.000000	747.000000	718.000000	163.000000	1.000000	1.000000	1.000000	1.000000
1.000000	1.000000	653.000000	1785.000000	2272.000000	2176.000000	2278.000000	2349.000000	2147.000000	1298.000000	1620.000000	1932.000000	1644.000000	1510.000000	2023.000000	2429.000000	2110.000000	625.000000	1.000000	1.000000	1.000000
1233.000000	1643.000000	978.000000	1047.000000	1554.000000	2000.000000	2035.000000	2012.000000	2115.000000	1875.000000	1283.000000	979.000000	1363.000000	1455.000000	1837.000000	1739.000000	950.000000	433.000000	1.000000	599.000000	355.000000
229.000000	229.000000	872.000000	1155.000000	899.000000	909.000000	580.000000	485.000000	634.000000	721.000000	279.000000	292.000000	278.000000	564.000000	505.000000	507.000000	1.000000	1.000000	473.000000	909.000000	562.000000
1.000000	1.000000	395.000000	511.000000	485.000000	427.000000	321.000000	1.000000	1.000000	1.000000	1.000000	1.000000	1.000000	1.000000	1.000000	128.000000	334.000000	333.000000	1.000000	1.000000	1.000000
1.000000	1.000000	1.000000	1.000000	249.000000	245.000000	229.000000	1.000000	1.000000	1.000000	1.000000	1.000000	1.000000	1.000000	1.000000	1.000000	1.000000	1.000000	1.000000	1.000000	1.000000
863.000000	863.000000	213.000000	725.000000	341.000000	1.000000	1.000000	1.000000	1.000000	1.000000	1.000000	1.000000	565.000000	901.000000	1310.000000	1729.000000	387.000000	1.000000	1.000000	221.000000	391.000000
429.000000	1738.000000	1332.000000	1725.000000	1892.000000	1892.000000	1130.000000	1157.000000	1524.000000	1207.000000	753.000000	559.000000	512.000000	987.000000	1691.000000	1427.000000	1503.000000	567.000000	1.000000	165.000000	371.000000
1340.000000	728.000000	869.000000	1742.000000	1259.000000	509.000000	294.000000	847.000000	1491.000000	2984.000000	2806.000000	2243.000000	1851.000000	1053.000000	377.000000	517.000000	501.000000	717.000000	835.000000	366.000000	1.000000
327.000000	157.000000	225.000000	225.000000	209.000000	493.000000	329.000000	187.000000	917.000000	1255.000000	1619.000000	834.000000	187.000000	283.000000	297.000000	297.000000	277.000000	455.000000	772.000000	1142.000000	620.000000
1.000000	177.000000	1.000000	405.000000	627.000000	736.000000	199.000000	649.000000	1.000000	1.000000	1.000000	1.000000	197.000000	719.000000	580.000000	1.000000	1.000000	343.000000	180.000000	197.000000	1.000000
603.000000	675.000000	257.000000	221.000000	221.000000	721.000000	1621.000000	2496.000000	2413.000000	1303.000000	1280.000000	1465.000000	1847.000000	1722.000000	484.000000	133.000000	189.000000	1.000000	1.000000	1.000000	1.000000
183.000000	330.000000	603.000000	149.000000	1.000000	1.000000	1.000000	925.000000	1778.000000	2329.000000	2125.000000	2247.000000	1217.000000	1455.000000	1.000000	1.000000	464.000000	466.000000	1.000000	1.000000	1.000000
1.000000	1.000000	1.000000	147.000000	381.000000	1.000000	1.000000	1.000000	1.000000	139.000000	343.000000	465.000000	167.000000	165.000000	283.000000	315.000000	188.000000	528.000000	319.000000	1.000000	1.000000
325.000000	325.000000	1.000000	1.000000	517.000000	863.000000	339.000000	479.000000	131.000000	616.000000	1195.000000	863.000000	702.000000	273.000000	691.000000	691.000000	134.000000	1.000000	75.000000	520.000000	344.000000
305.000000	545.000000	397.000000	287.000000	209.000000	950.000000	899.000000	877.000000	591.000000	647.000000	623.000000	417.000000	364.000000	229.000000	483.000000	616.000000	1.000000	153.000000	187.000000	151.000000	790.000000
141.000000	1.000000	1.000000	829.000000	337.000000	916.000000	760.000000	377.000000	1.000000	1.000000	1.000000	1.000000	1.000000	553.000000	758.000000	458.000000	1.000000	1.000000	1.000000	217.000000	211.000000
137.000000	1.000000	1524.000000	1021.000000	1.000000	249.000000	477.000000	1840.000000	1911.000000	2045.000000	2178.000000	2238.000000	1845.000000	1655.000000	566.000000	593.000000	241.000000	183.000000	195.000000	1.000000	70.000000
1.000000	1.000000	563.000000	1.000000	1.000000	1.000000	185.000000	631.000000	1632.000000	1867.000000	911.000000	985.000000	1476.000000	825.000000	331.000000	331.000000	1.000000	1.000000	1.000000	155.000000	1.000000
139.000000	149.000000	1.000000	341.000000	1.000000	1.000000	1.000000	1.000000	457.000000	528.000000	273.000000	257.000000	257.000000	183.000000	163.000000	1.000000	1.000000	1.000000	1.000000	1.000000	1.000000
1.000000	1.000000	1.000000	1.000000	1.000000	1.000000	1.000000	1.000000	1.000000	1.000000	141.000000	1.000000	1.000000	1.000000	1.000000	1.000000	1.000000	1.000000	1.000000	1.000000	1.000000
