21 25 0
1.000000	315.000000	193.000000	1.000000	1.000000	1.000000	1.000000	1.000000	335.000000	1439.000000	2734.000000	2701.000000	1241.000000	402.000000	296.000000	135.000000	1.000000	165.000000	307.000000	1.000000	350.000000
1.000000	145.000000	191.000000	208.000000	646.000000	617.000000	768.000000	784.000000	1428.000000	2052.000000	2017.000000	707.000000	1.000000	1.000000	1.000000	1.000000	451.000000	1.000000	1.000000	189.000000	1.000000
1.000000	215.000000	394.000000	890.000000	1081.000000	1113.000000	594.000000	620.000000	1012.000000	823.000000	325.000000	1.000000	185.000000	1.000000	1.000000	1.000000	1.000000	1.000000	1.000000	172.000000	377.000000
1.000000	991.000000	1159.000000	1462.000000	1747.000000	293.000000	181.000000	205.000000	255.000000	389.000000	675.000000	465.000000	445.000000	152.000000	156.000000	144.000000	441.000000	1.000000	1.000000	165.000000	137.000000
1.000000	926.000000	979.000000	1011.000000	171.000000	1.000000	329.000000	157.000000	529.000000	449.000000	755.000000	279.000000	442.000000	568.000000	425.000000	292.000000	1.000000	1.000000	1.000000	293.000000	697.000000
269.000000	527.000000	582.000000	517.000000	1.000000	1.000000	259.000000	147.000000	239.000000	1.000000	1.000000	141.000000	139.000000	790.000000	481.000000	1.000000	1.000000	1.000000	1.000000	1.000000	601.000000
481.000000	149.000000	1.000000	347.000000	493.000000	1.000000	1.000000	1.000000	1.000000	227.000000	1.000000	1.000000	641.000000	603.000000	135.000000	845.000000	137.000000	471.000000	1.000000	457.000000	1.000000
231.000000	1.000000	1.000000	1.000000	1.000000	1.000000	229.000000	1151.000000	1093.000000	989.000000	1.000000	1.000000	1.000000	1.000000	883.000000	1375.000000	470.000000	357.000000	1.000000	167.000000	354.000000
485.000000	330.000000	695.000000	377.000000	1.000000	902.000000	1346.000000	1066.000000	1207.000000	1124.000000	733.000000	299.000000	309.000000	645.000000	1713.000000	1164.000000	177.000000	1.000000	1.000000	1467.000000	1860.000000
1029.000000	1305.000000	239.000000	189.000000	293.000000	462.000000	721.000000	391.000000	1061.000000	1416.000000	816.000000	575.000000	923.000000	1034.000000	1370.000000	872.000000	672.000000	1.000000	309.000000	2314.000000	589.000000
1607.000000	821.000000	278.000000	188.000000	231.000000	183.000000	377.000000	269.000000	1143.000000	505.000000	633.000000	271.000000	1.000000	742.000000	149.000000	1.000000	1.000000	1.000000	427.000000	1064.000000	243.000000
413.000000	249.000000	1.000000	1.000000	1.000000	183.000000	345.000000	445.000000	1.000000	764.000000	1.000000	1.000000	1.000000	1.000000	1.000000	1.000000	1.000000	1.000000	555.000000	674.000000	1.000000
275.000000	1.000000	1.000000	1.000000	1.000000	133.000000	914.000000	1.000000	1.000000	1.000000	1.000000	1.000000	781.000000	609.000000	1.000000	1.000000	190.000000	1.000000	585.000000	251.000000	1.000000
617.000000	217.000000	1.000000	299.000000	1026.000000	1890.000000	1399.000000	1.000000	1.000000	1.000000	985.000000	1007.000000	451.000000	398.000000	533.000000	211.000000	461.000000	1.000000	1.000000	169.000000	292.000000
219.000000	521.000000	173.000000	1.000000	940.000000	1023.000000	1.000000	1.000000	871.000000	1767.000000	1784.000000	1375.000000	888.000000	1.000000	1.000000	325.000000	297.000000	1.000000	213.000000	443.000000	616.000000
353.000000	1.000000	1.000000	1.000000	557.000000	163.000000	1.000000	1.000000	399.000000	399.000000	169.000000	1.000000	1.000000	1.000000	311.000000	825.000000	275.000000	1.000000	252.000000	676.000000	429.000000
1.000000	1.000000	163.000000	191.000000	189.000000	1.000000	155.000000	1.000000	1.000000	1.000000	1.000000	487.000000	197.000000	827.000000	2093.000000	750.000000	1.000000	1.000000	290.000000	813.000000	576.000000
1.000000	1.000000	387.000000	643.000000	1.000000	717.000000	133.000000	357.000000	1.000000	816.000000	489.000000	483.000000	613.000000	1251.000000	1267.000000	293.000000	1.000000	183.000000	319.000000	414.000000	285.000000
145.000000	472.000000	942.000000	1.000000	1.000000	429.000000	353.000000	1.000000	464.000000	433.000000	205.000000	431.000000	211.000000	967.000000	303.000000	1.000000	1.000000	1.000000	299.000000	1.000000	143.000000
135.000000	1409.000000	846.000000	1.000000	1.000000	1.000000	1.000000	1.000000	1.000000	286.000000	894.000000	471.000000	1331.000000	1052.000000	349.000000	193.000000	269.000000	989.000000	159.000000	1.000000	1.000000
997.000000	2090.000000	1.000000	1.000000	1.000000	1.000000	1.000000	1.000000	213.000000	763.000000	686.000000	416.000000	1282.000000	265.000000	227.000000	1.000000	1567.000000	239.000000	155.000000	499.000000	145.000000
2088.000000	1369.000000	1.000000	1.000000	1.000000	263.000000	1.000000	569.000000	1.000000	177.000000	213.000000	173.000000	331.000000	355.000000	1.000000	729.000000	1060.000000	239.000000	155.000000	1.000000	1.000000
1856.000000	1.000000	1.000000	1.000000	1.000000	1.000000	1.000000	1.000000	1.000000	1.000000	1.000000	1.000000	279.000000	263.000000	1.000000	860.000000	750.000000	223.000000	1.000000	1.000000	517.000000
1.000000	1.000000	1.000000	197.000000	1.000000	1.000000	1.000000	1.000000	1.000000	1.000000	1.000000	1.000000	1.000000	179.000000	215.000000	528.000000	277.000000	1.000000	1.000000	1.000000	138.000000
1.000000	1.000000	1.000000	1.000000	1.000000	1.000000	1.000000	1.000000	1.000000	1.000000	1.000000	1.000000	1.000000	1.000000	183.000000	177.000000	1.000000	1.000000	1.000000	1.000000	1.000000
