21 25 0
162.000000	1.000000	430.000000	306.000000	536.000000	1118.000000	1.000000	765.000000	1546.000000	1.000000	319.000000	784.000000	1463.000000	313.000000	1.000000	267.000000	291.000000	1.000000	1.000000	653.000000	1025.000000
327.000000	1.000000	909.000000	1250.000000	1369.000000	569.000000	1.000000	702.000000	445.000000	1.000000	399.000000	412.000000	1133.000000	235.000000	1.000000	1.000000	378.000000	1.000000	301.000000	841.000000	1269.000000
320.000000	1129.000000	1157.000000	1711.000000	720.000000	1.000000	1.000000	1.000000	1.000000	1.000000	361.000000	234.000000	625.000000	1.000000	1.000000	1.000000	455.000000	1.000000	716.000000	1384.000000	1530.000000
412.000000	1492.000000	925.000000	1767.000000	1.000000	1.000000	476.000000	196.000000	1.000000	1.000000	1.000000	574.000000	180.000000	1.000000	1.000000	414.000000	838.000000	334.000000	468.000000	1520.000000	1490.000000
662.000000	1297.000000	1594.000000	1397.000000	384.000000	1.000000	398.000000	414.000000	1.000000	1.000000	183.000000	1156.000000	346.000000	1.000000	1.000000	162.000000	937.000000	726.000000	408.000000	1190.000000	1314.000000
479.000000	1239.000000	893.000000	1058.000000	745.000000	1.000000	1.000000	272.000000	1.000000	1.000000	351.000000	906.000000	313.000000	317.000000	185.000000	1.000000	484.000000	807.000000	395.000000	1249.000000	873.000000
429.000000	1463.000000	1263.000000	1293.000000	409.000000	1.000000	195.000000	251.000000	1.000000	289.000000	1.000000	1.000000	1.000000	215.000000	191.000000	230.000000	169.000000	477.000000	180.000000	363.000000	775.000000
1.000000	787.000000	1138.000000	771.000000	1.000000	1.000000	1.000000	1.000000	191.000000	1516.000000	1339.000000	1.000000	1.000000	147.000000	1212.000000	1294.000000	410.000000	392.000000	171.000000	609.000000	810.000000
1.000000	638.000000	1554.000000	415.000000	1.000000	1.000000	307.000000	1.000000	944.000000	2630.000000	2393.000000	281.000000	1.000000	1.000000	383.000000	1499.000000	1234.000000	761.000000	1.000000	605.000000	752.000000
1.000000	266.000000	2176.000000	1130.000000	1.000000	1.000000	1671.000000	342.000000	953.000000	2237.000000	2279.000000	343.000000	336.000000	198.000000	1.000000	1486.000000	1096.000000	495.000000	656.000000	941.000000	503.000000
197.000000	1.000000	1312.000000	1950.000000	1.000000	1.000000	2217.000000	1328.000000	411.000000	1360.000000	1640.000000	377.000000	1031.000000	724.000000	166.000000	1182.000000	664.000000	351.000000	594.000000	924.000000	497.000000
638.000000	1.000000	1120.000000	2182.000000	511.000000	1.000000	678.000000	321.000000	141.000000	1569.000000	1506.000000	1133.000000	1388.000000	907.000000	462.000000	1.000000	1.000000	1.000000	143.000000	787.000000	279.000000
630.000000	1.000000	376.000000	1862.000000	1544.000000	325.000000	1.000000	1.000000	411.000000	1230.000000	1201.000000	1350.000000	616.000000	1167.000000	840.000000	1.000000	1.000000	1.000000	1.000000	685.000000	1.000000
1.000000	1.000000	503.000000	656.000000	1148.000000	1048.000000	170.000000	1.000000	141.000000	748.000000	663.000000	393.000000	685.000000	1012.000000	788.000000	1.000000	337.000000	421.000000	984.000000	779.000000	465.000000
1.000000	169.000000	937.000000	418.000000	902.000000	1384.000000	737.000000	1.000000	1.000000	1.000000	499.000000	1.000000	424.000000	597.000000	1.000000	248.000000	421.000000	433.000000	911.000000	461.000000	742.000000
1.000000	157.000000	760.000000	636.000000	461.000000	1065.000000	338.000000	1.000000	1.000000	451.000000	1.000000	1.000000	1.000000	1.000000	1.000000	248.000000	198.000000	249.000000	860.000000	459.000000	477.000000
161.000000	158.000000	602.000000	732.000000	176.000000	1234.000000	535.000000	1.000000	1.000000	931.000000	1.000000	1.000000	1.000000	909.000000	707.000000	248.000000	140.000000	219.000000	817.000000	302.000000	135.000000
167.000000	193.000000	840.000000	423.000000	1.000000	472.000000	2106.000000	512.000000	1.000000	1.000000	1.000000	1.000000	1.000000	1043.000000	279.000000	239.000000	139.000000	1.000000	291.000000	151.000000	187.000000
169.000000	1.000000	882.000000	541.000000	1.000000	562.000000	1949.000000	1036.000000	171.000000	1.000000	1.000000	1.000000	145.000000	633.000000	621.000000	576.000000	1050.000000	1201.000000	972.000000	791.000000	563.000000
554.000000	1.000000	1072.000000	1836.000000	416.000000	642.000000	1927.000000	1381.000000	1163.000000	1.000000	1.000000	1.000000	1.000000	1.000000	251.000000	449.000000	2268.000000	1703.000000	1011.000000	966.000000	809.000000
854.000000	1.000000	1868.000000	2421.000000	453.000000	652.000000	1505.000000	1373.000000	2070.000000	731.000000	1.000000	1.000000	1.000000	948.000000	639.000000	842.000000	2550.000000	1707.000000	513.000000	995.000000	813.000000
507.000000	387.000000	1750.000000	2398.000000	471.000000	839.000000	1772.000000	649.000000	566.000000	461.000000	1.000000	1.000000	516.000000	1246.000000	533.000000	1201.000000	2211.000000	1119.000000	853.000000	1163.000000	495.000000
507.000000	387.000000	303.000000	1041.000000	1.000000	1.000000	911.000000	1.000000	221.000000	1.000000	1.000000	176.000000	749.000000	273.000000	1.000000	1090.000000	623.000000	1.000000	499.000000	834.000000	1.000000
1.000000	1.000000	1.000000	1.000000	1.000000	1.000000	1.000000	1.000000	1.000000	1.000000	1.000000	1.000000	1.000000	1.000000	1.000000	1.000000	1.000000	1.000000	1.000000	1.000000	1.000000
1.000000	1.000000	1.000000	1.000000	1.000000	1.000000	1.000000	1.000000	1.000000	1.000000	1.000000	1.000000	1.000000	1.000000	1.000000	1.000000	1.000000	1.000000	1.000000	1.000000	1.000000
