21 25 0
163.000000	463.000000	255.000000	1.000000	1.000000	460.000000	1279.000000	1064.000000	1167.000000	1627.000000	2409.000000	1059.000000	260.000000	777.000000	999.000000	816.000000	251.000000	1.000000	1.000000	76.000000	241.000000
1.000000	354.000000	1.000000	1.000000	1.000000	1.000000	351.000000	457.000000	756.000000	751.000000	1385.000000	1289.000000	590.000000	765.000000	1247.000000	1273.000000	1133.000000	762.000000	538.000000	211.000000	1.000000
226.000000	245.000000	1.000000	1.000000	1.000000	1.000000	1.000000	1.000000	389.000000	481.000000	375.000000	233.000000	1.000000	1.000000	247.000000	469.000000	772.000000	1640.000000	886.000000	319.000000	327.000000
1.000000	1.000000	1.000000	1.000000	1.000000	254.000000	1.000000	1.000000	1.000000	157.000000	1.000000	1.000000	1.000000	322.000000	329.000000	1.000000	150.000000	994.000000	1375.000000	166.000000	327.000000
1.000000	1.000000	1.000000	1.000000	1.000000	915.000000	208.000000	1.000000	981.000000	529.000000	169.000000	1.000000	73.000000	184.000000	661.000000	393.000000	183.000000	570.000000	651.000000	386.000000	387.000000
229.000000	1.000000	1.000000	1.000000	151.000000	291.000000	329.000000	447.000000	914.000000	948.000000	477.000000	1.000000	1.000000	1.000000	143.000000	371.000000	338.000000	357.000000	514.000000	798.000000	233.000000
719.000000	589.000000	178.000000	1.000000	1.000000	1.000000	1.000000	1.000000	1.000000	156.000000	1.000000	1.000000	1.000000	1.000000	1.000000	239.000000	241.000000	187.000000	192.000000	329.000000	405.000000
508.000000	660.000000	392.000000	1.000000	1.000000	1.000000	1.000000	1.000000	1.000000	1.000000	460.000000	1332.000000	346.000000	1.000000	1.000000	1.000000	1.000000	180.000000	669.000000	157.000000	1.000000
523.000000	147.000000	1.000000	1077.000000	984.000000	99.000000	1.000000	568.000000	1266.000000	1.000000	1070.000000	2263.000000	2213.000000	1513.000000	438.000000	1.000000	1.000000	202.000000	261.000000	446.000000	1.000000
973.000000	424.000000	1.000000	1627.000000	2946.000000	2263.000000	600.000000	993.000000	2033.000000	584.000000	225.000000	886.000000	1768.000000	1835.000000	2302.000000	845.000000	408.000000	243.000000	211.000000	1044.000000	1.000000
1216.000000	879.000000	1.000000	1.000000	1383.000000	2460.000000	1.000000	1.000000	1719.000000	660.000000	1.000000	145.000000	394.000000	633.000000	964.000000	1.000000	641.000000	935.000000	388.000000	559.000000	990.000000
846.000000	1371.000000	448.000000	1.000000	1.000000	1.000000	1.000000	1.000000	1.000000	1.000000	366.000000	249.000000	810.000000	1.000000	1.000000	157.000000	1.000000	263.000000	1.000000	1.000000	801.000000
231.000000	907.000000	947.000000	1.000000	1.000000	1.000000	1.000000	1.000000	1.000000	1.000000	1.000000	1.000000	237.000000	1.000000	1.000000	1.000000	1.000000	418.000000	1.000000	251.000000	1.000000
610.000000	506.000000	568.000000	213.000000	1.000000	1.000000	1.000000	524.000000	1396.000000	792.000000	479.000000	1.000000	1.000000	1.000000	1.000000	1.000000	1.000000	841.000000	944.000000	353.000000	267.000000
682.000000	775.000000	795.000000	712.000000	418.000000	1.000000	1.000000	657.000000	1634.000000	2007.000000	2187.000000	875.000000	1.000000	1.000000	350.000000	170.000000	450.000000	320.000000	436.000000	784.000000	1.000000
682.000000	843.000000	675.000000	423.000000	359.000000	233.000000	189.000000	647.000000	1.000000	1.000000	447.000000	485.000000	1.000000	1.000000	1.000000	1.000000	1.000000	215.000000	1.000000	381.000000	1.000000
238.000000	149.000000	466.000000	684.000000	173.000000	1.000000	390.000000	2603.000000	1301.000000	280.000000	1.000000	1.000000	1.000000	1.000000	1.000000	1.000000	1.000000	1.000000	179.000000	151.000000	381.000000
80.000000	1.000000	1.000000	456.000000	327.000000	1.000000	1.000000	946.000000	3088.000000	1008.000000	306.000000	1.000000	351.000000	1.000000	330.000000	213.000000	372.000000	298.000000	611.000000	844.000000	445.000000
76.000000	1.000000	1.000000	228.000000	145.000000	1.000000	1.000000	1.000000	1334.000000	2130.000000	1337.000000	1.000000	620.000000	1.000000	1.000000	1.000000	310.000000	683.000000	744.000000	1243.000000	1193.000000
1.000000	503.000000	1.000000	229.000000	1431.000000	435.000000	1.000000	1.000000	1.000000	1183.000000	1176.000000	1.000000	1.000000	1.000000	286.000000	1.000000	449.000000	792.000000	867.000000	981.000000	1007.000000
505.000000	1426.000000	470.000000	1.000000	2493.000000	1004.000000	436.000000	657.000000	1.000000	1.000000	1.000000	1.000000	1.000000	1.000000	1.000000	1.000000	1.000000	1.000000	1.000000	1.000000	219.000000
524.000000	1481.000000	976.000000	511.000000	1635.000000	2244.000000	1285.000000	998.000000	613.000000	1.000000	1.000000	1.000000	1.000000	1.000000	1.000000	1.000000	1.000000	1.000000	1.000000	399.000000	145.000000
1.000000	507.000000	513.000000	1.000000	447.000000	959.000000	901.000000	597.000000	834.000000	1.000000	1.000000	1.000000	1.000000	1.000000	1.000000	1.000000	1.000000	133.000000	1.000000	1.000000	1.000000
1.000000	1.000000	1.000000	1.000000	1.000000	1.000000	1.000000	1.000000	1.000000	1.000000	1.000000	1.000000	1.000000	1.000000	1.000000	1.000000	1.000000	1.000000	1.000000	1.000000	1.000000
1.000000	1.000000	1.000000	1.000000	1.000000	1.000000	1.000000	1.000000	1.000000	1.000000	1.000000	1.000000	1.000000	1.000000	1.000000	1.000000	1.000000	1.000000	1.000000	1.000000	1.000000
