21 25 0
1.000000	1.000000	1.000000	540.000000	1271.000000	2330.000000	2562.000000	2356.000000	2183.000000	2066.000000	2627.000000	2524.000000	2141.000000	2153.000000	1639.000000	731.000000	241.000000	1.000000	1.000000	177.000000	177.000000
1.000000	1.000000	933.000000	1554.000000	1764.000000	1180.000000	1010.000000	912.000000	753.000000	768.000000	1734.000000	1505.000000	1405.000000	1246.000000	1184.000000	1256.000000	1471.000000	704.000000	501.000000	211.000000	465.000000
1.000000	764.000000	997.000000	935.000000	235.000000	171.000000	1.000000	1.000000	201.000000	1.000000	135.000000	1.000000	1.000000	1.000000	197.000000	397.000000	1116.000000	1045.000000	682.000000	207.000000	629.000000
1.000000	363.000000	361.000000	1.000000	1.000000	1.000000	1.000000	213.000000	1.000000	1.000000	1.000000	1.000000	1.000000	238.000000	261.000000	177.000000	1.000000	307.000000	642.000000	1.000000	1.000000
1.000000	1.000000	1.000000	1.000000	1.000000	1105.000000	1300.000000	1582.000000	1533.000000	771.000000	563.000000	771.000000	1329.000000	1948.000000	1524.000000	572.000000	1.000000	1.000000	1.000000	1.000000	1.000000
1.000000	1.000000	1.000000	1.000000	292.000000	1105.000000	1084.000000	1185.000000	1010.000000	1032.000000	882.000000	925.000000	410.000000	320.000000	313.000000	167.000000	1.000000	183.000000	1.000000	203.000000	1.000000
343.000000	393.000000	788.000000	527.000000	1.000000	1.000000	1.000000	1.000000	1.000000	1.000000	1.000000	1.000000	1.000000	1.000000	1.000000	1.000000	1.000000	1.000000	452.000000	771.000000	849.000000
1099.000000	887.000000	201.000000	1.000000	1.000000	1.000000	1.000000	1.000000	1.000000	1.000000	1.000000	1.000000	1.000000	234.000000	1.000000	1.000000	1.000000	223.000000	804.000000	636.000000	353.000000
1.000000	1.000000	1.000000	409.000000	458.000000	219.000000	223.000000	1069.000000	1271.000000	744.000000	1243.000000	2694.000000	2752.000000	1368.000000	928.000000	479.000000	402.000000	1.000000	1.000000	1.000000	1.000000
1.000000	330.000000	667.000000	1632.000000	2746.000000	2360.000000	2885.000000	3240.000000	3259.000000	938.000000	1.000000	653.000000	1666.000000	2601.000000	2993.000000	2696.000000	2510.000000	1273.000000	389.000000	1.000000	1.000000
1085.000000	932.000000	1.000000	260.000000	1458.000000	2495.000000	2182.000000	1257.000000	538.000000	173.000000	1.000000	298.000000	714.000000	881.000000	1588.000000	1192.000000	379.000000	1.000000	1.000000	354.000000	1085.000000
1.000000	167.000000	1.000000	1.000000	1.000000	1.000000	1.000000	1.000000	1.000000	1304.000000	1447.000000	1312.000000	1300.000000	1.000000	1.000000	1.000000	1.000000	1.000000	1.000000	1.000000	1.000000
81.000000	1.000000	1.000000	1.000000	1.000000	1.000000	1.000000	1.000000	1.000000	1.000000	1.000000	1.000000	1.000000	1.000000	1.000000	1.000000	1.000000	1.000000	1.000000	1.000000	1.000000
298.000000	150.000000	1.000000	205.000000	1.000000	1.000000	1.000000	715.000000	1232.000000	513.000000	479.000000	450.000000	527.000000	693.000000	1.000000	1.000000	1.000000	516.000000	724.000000	457.000000	324.000000
498.000000	527.000000	642.000000	237.000000	1.000000	1.000000	904.000000	1854.000000	2375.000000	2838.000000	3432.000000	2982.000000	2678.000000	1772.000000	176.000000	223.000000	444.000000	151.000000	159.000000	377.000000	522.000000
289.000000	482.000000	236.000000	1.000000	305.000000	374.000000	176.000000	1.000000	1.000000	143.000000	199.000000	1.000000	1.000000	1.000000	254.000000	254.000000	153.000000	201.000000	1.000000	1.000000	1.000000
1.000000	529.000000	877.000000	718.000000	1.000000	1.000000	1.000000	1235.000000	549.000000	280.000000	1.000000	230.000000	230.000000	257.000000	995.000000	597.000000	1.000000	1.000000	1.000000	1.000000	1.000000
1.000000	1.000000	1.000000	1.000000	1.000000	1.000000	1.000000	1476.000000	2157.000000	2055.000000	1998.000000	2297.000000	2007.000000	1760.000000	865.000000	189.000000	189.000000	1.000000	336.000000	487.000000	601.000000
167.000000	1.000000	1.000000	1.000000	1.000000	1.000000	1.000000	1.000000	413.000000	1635.000000	2373.000000	1306.000000	803.000000	1.000000	1.000000	1.000000	469.000000	1061.000000	1029.000000	1510.000000	1492.000000
222.000000	1.000000	1.000000	1.000000	1.000000	1.000000	1.000000	1.000000	1007.000000	1732.000000	2113.000000	1861.000000	863.000000	1.000000	1.000000	1.000000	1.000000	213.000000	597.000000	947.000000	994.000000
852.000000	368.000000	1069.000000	1185.000000	802.000000	375.000000	662.000000	338.000000	1.000000	1.000000	379.000000	221.000000	1.000000	183.000000	211.000000	1.000000	441.000000	509.000000	509.000000	1.000000	1.000000
646.000000	1227.000000	1169.000000	225.000000	158.000000	869.000000	837.000000	331.000000	1.000000	1.000000	1.000000	1.000000	195.000000	247.000000	1.000000	499.000000	1.000000	1.000000	1.000000	243.000000	1.000000
203.000000	383.000000	1.000000	1.000000	1.000000	1.000000	215.000000	444.000000	1.000000	1.000000	1.000000	175.000000	1.000000	470.000000	1.000000	1.000000	1.000000	1.000000	1.000000	1.000000	1.000000
1.000000	1.000000	1.000000	1.000000	1.000000	1.000000	1.000000	1.000000	1.000000	1.000000	1.000000	1.000000	1.000000	1.000000	1.000000	1.000000	1.000000	1.000000	1.000000	1.000000	1.000000
1.000000	1.000000	1.000000	1.000000	1.000000	1.000000	1.000000	1.000000	1.000000	1.000000	1.000000	1.000000	1.000000	1.000000	1.000000	1.000000	1.000000	1.000000	1.000000	1.000000	1.000000
