21 25 0
395.000000	1109.000000	752.000000	1405.000000	1.000000	1.000000	1.000000	1.000000	389.000000	395.000000	460.000000	1.000000	1.000000	1.000000	1.000000	315.000000	1.000000	679.000000	1.000000	147.000000	1.000000
1022.000000	341.000000	1320.000000	1.000000	1.000000	163.000000	341.000000	1.000000	150.000000	441.000000	1.000000	1.000000	1.000000	1.000000	1.000000	1.000000	1.000000	327.000000	558.000000	286.000000	153.000000
521.000000	510.000000	1.000000	1.000000	375.000000	1115.000000	679.000000	1084.000000	1119.000000	602.000000	326.000000	177.000000	155.000000	486.000000	522.000000	157.000000	1.000000	218.000000	1.000000	390.000000	331.000000
215.000000	701.000000	1.000000	756.000000	596.000000	1083.000000	935.000000	837.000000	163.000000	166.000000	415.000000	361.000000	1.000000	329.000000	163.000000	1.000000	1.000000	510.000000	297.000000	309.000000	347.000000
163.000000	1.000000	188.000000	572.000000	546.000000	1.000000	1.000000	1.000000	199.000000	1.000000	368.000000	1.000000	1.000000	1.000000	1.000000	1.000000	169.000000	584.000000	664.000000	143.000000	157.000000
168.000000	321.000000	363.000000	1.000000	1.000000	1.000000	1.000000	515.000000	503.000000	196.000000	203.000000	219.000000	275.000000	534.000000	278.000000	242.000000	231.000000	777.000000	924.000000	334.000000	603.000000
318.000000	157.000000	1.000000	1.000000	237.000000	414.000000	1348.000000	1918.000000	1447.000000	443.000000	263.000000	1008.000000	1780.000000	2023.000000	522.000000	1.000000	181.000000	706.000000	604.000000	1.000000	557.000000
1.000000	1.000000	1.000000	250.000000	1345.000000	1952.000000	2421.000000	2028.000000	319.000000	1.000000	267.000000	1235.000000	1552.000000	291.000000	1.000000	604.000000	612.000000	255.000000	428.000000	267.000000	630.000000
182.000000	213.000000	227.000000	171.000000	957.000000	1942.000000	481.000000	1.000000	1.000000	1.000000	1.000000	1.000000	374.000000	1.000000	1.000000	1.000000	1.000000	1.000000	631.000000	479.000000	605.000000
1.000000	163.000000	1.000000	1.000000	1.000000	1.000000	1.000000	1.000000	1.000000	1.000000	1.000000	433.000000	463.000000	1.000000	1.000000	1.000000	1.000000	696.000000	1093.000000	283.000000	620.000000
81.000000	1.000000	1.000000	1.000000	1.000000	1.000000	1.000000	1.000000	257.000000	466.000000	1.000000	1.000000	433.000000	1.000000	1.000000	1.000000	549.000000	1770.000000	842.000000	642.000000	1.000000
85.000000	159.000000	1.000000	1.000000	1.000000	1.000000	1.000000	1247.000000	1714.000000	1.000000	1.000000	373.000000	1.000000	390.000000	1.000000	396.000000	1157.000000	1457.000000	463.000000	502.000000	731.000000
1.000000	852.000000	280.000000	1.000000	1.000000	1.000000	926.000000	2016.000000	750.000000	1.000000	1008.000000	1857.000000	1406.000000	472.000000	140.000000	845.000000	1231.000000	1096.000000	821.000000	731.000000	246.000000
810.000000	1063.000000	1.000000	1.000000	1.000000	245.000000	456.000000	154.000000	1.000000	215.000000	714.000000	371.000000	361.000000	1.000000	1.000000	749.000000	1211.000000	878.000000	162.000000	306.000000	1.000000
298.000000	1.000000	1.000000	1.000000	1.000000	1.000000	1.000000	1.000000	1.000000	1.000000	1.000000	1.000000	1.000000	256.000000	575.000000	855.000000	265.000000	551.000000	472.000000	1.000000	1.000000
1.000000	1.000000	1.000000	1.000000	1.000000	1.000000	1.000000	1.000000	1.000000	1.000000	1.000000	1394.000000	1726.000000	1524.000000	365.000000	1.000000	561.000000	908.000000	539.000000	1.000000	1.000000
1.000000	1.000000	1.000000	1.000000	1.000000	1.000000	1.000000	1.000000	453.000000	1.000000	871.000000	1750.000000	771.000000	1.000000	1.000000	1.000000	739.000000	248.000000	198.000000	72.000000	148.000000
486.000000	316.000000	151.000000	1.000000	221.000000	1.000000	1.000000	1.000000	1.000000	1.000000	1.000000	1.000000	1.000000	1.000000	148.000000	589.000000	1.000000	258.000000	296.000000	1.000000	147.000000
308.000000	385.000000	163.000000	304.000000	1.000000	168.000000	1.000000	1.000000	1.000000	1.000000	1.000000	1.000000	1.000000	203.000000	1265.000000	802.000000	281.000000	1.000000	219.000000	293.000000	1.000000
484.000000	641.000000	659.000000	1.000000	1.000000	1.000000	1.000000	1.000000	1.000000	1.000000	185.000000	196.000000	523.000000	721.000000	915.000000	1266.000000	497.000000	1.000000	439.000000	477.000000	1.000000
219.000000	1057.000000	999.000000	1.000000	839.000000	1021.000000	1.000000	1.000000	1.000000	1260.000000	1393.000000	1849.000000	2006.000000	1160.000000	731.000000	1162.000000	980.000000	493.000000	1222.000000	846.000000	381.000000
807.000000	475.000000	1.000000	1.000000	1519.000000	1.000000	1.000000	1.000000	1.000000	726.000000	1377.000000	1497.000000	857.000000	1.000000	1322.000000	1131.000000	1.000000	1202.000000	971.000000	355.000000	363.000000
304.000000	285.000000	1.000000	1.000000	225.000000	1.000000	1.000000	1.000000	1.000000	1.000000	1.000000	1.000000	1.000000	267.000000	425.000000	1.000000	769.000000	778.000000	1.000000	1.000000	199.000000
1.000000	1.000000	1.000000	1.000000	1.000000	1.000000	1.000000	1.000000	1.000000	1.000000	1.000000	1.000000	1.000000	1.000000	1.000000	1.000000	1.000000	1.000000	1.000000	1.000000	1.000000
1.000000	1.000000	1.000000	1.000000	1.000000	1.000000	1.000000	1.000000	1.000000	1.000000	1.000000	1.000000	1.000000	1.000000	1.000000	1.000000	1.000000	1.000000	1.000000	1.000000	1.000000
