21 25 0
167.000000	1.000000	508.000000	387.000000	1.000000	1.000000	1.000000	1.000000	383.000000	1.000000	1.000000	708.000000	163.000000	1.000000	1.000000	259.000000	351.000000	262.000000	241.000000	560.000000	1017.000000
160.000000	1.000000	1.000000	1.000000	1.000000	1.000000	569.000000	1.000000	457.000000	1001.000000	399.000000	1.000000	350.000000	299.000000	263.000000	1.000000	1.000000	570.000000	451.000000	822.000000	465.000000
1.000000	406.000000	1.000000	1.000000	1.000000	546.000000	1488.000000	859.000000	1073.000000	848.000000	646.000000	763.000000	480.000000	595.000000	522.000000	332.000000	158.000000	1.000000	371.000000	917.000000	535.000000
159.000000	751.000000	1.000000	399.000000	1.000000	186.000000	954.000000	713.000000	505.000000	907.000000	865.000000	733.000000	180.000000	160.000000	381.000000	438.000000	1070.000000	167.000000	265.000000	294.000000	1032.000000
155.000000	105.000000	1.000000	760.000000	1.000000	1.000000	1.000000	1.000000	177.000000	163.000000	503.000000	330.000000	158.000000	1.000000	1.000000	1.000000	513.000000	173.000000	189.000000	449.000000	713.000000
602.000000	938.000000	214.000000	945.000000	153.000000	187.000000	269.000000	647.000000	1.000000	1.000000	1.000000	1.000000	671.000000	923.000000	811.000000	171.000000	193.000000	345.000000	1.000000	640.000000	347.000000
1.000000	1021.000000	271.000000	799.000000	223.000000	275.000000	545.000000	1539.000000	1603.000000	757.000000	1.000000	1.000000	1576.000000	1995.000000	1846.000000	1085.000000	214.000000	191.000000	1.000000	352.000000	162.000000
1.000000	1.000000	1.000000	205.000000	386.000000	408.000000	198.000000	1290.000000	1794.000000	2002.000000	618.000000	1.000000	1.000000	775.000000	2296.000000	1978.000000	704.000000	1.000000	321.000000	1.000000	145.000000
1.000000	368.000000	536.000000	1.000000	1.000000	1.000000	1.000000	1.000000	1311.000000	1776.000000	1196.000000	1.000000	1.000000	1.000000	97.000000	914.000000	360.000000	1.000000	1.000000	1.000000	1.000000
1.000000	673.000000	1255.000000	190.000000	1.000000	1.000000	441.000000	1.000000	1.000000	815.000000	957.000000	1.000000	1.000000	1.000000	1.000000	1.000000	1.000000	1.000000	1.000000	1.000000	291.000000
361.000000	379.000000	1533.000000	1890.000000	297.000000	1.000000	1.000000	1.000000	1.000000	1.000000	1.000000	233.000000	521.000000	199.000000	1.000000	1.000000	1.000000	1.000000	1.000000	183.000000	1.000000
596.000000	1.000000	967.000000	2350.000000	1603.000000	165.000000	155.000000	304.000000	1.000000	1.000000	481.000000	207.000000	705.000000	1048.000000	1.000000	1.000000	1.000000	1.000000	413.000000	760.000000	395.000000
895.000000	318.000000	255.000000	1407.000000	1587.000000	778.000000	139.000000	138.000000	1380.000000	1621.000000	2190.000000	1366.000000	539.000000	898.000000	1534.000000	236.000000	1.000000	1.000000	1.000000	1345.000000	605.000000
585.000000	512.000000	194.000000	440.000000	1482.000000	1123.000000	86.000000	1.000000	477.000000	1395.000000	1234.000000	960.000000	480.000000	1.000000	984.000000	181.000000	236.000000	1.000000	1.000000	1.000000	1.000000
1.000000	1.000000	294.000000	194.000000	449.000000	926.000000	174.000000	388.000000	1.000000	1.000000	1.000000	1.000000	1.000000	1.000000	1.000000	1.000000	1.000000	1.000000	1.000000	1.000000	1.000000
1.000000	1.000000	725.000000	374.000000	406.000000	503.000000	1.000000	253.000000	1728.000000	1717.000000	242.000000	1.000000	1.000000	1.000000	1.000000	1.000000	1.000000	1.000000	151.000000	297.000000	395.000000
1.000000	1.000000	1.000000	329.000000	367.000000	958.000000	510.000000	1.000000	1.000000	1809.000000	912.000000	897.000000	903.000000	113.000000	1.000000	1.000000	1.000000	1.000000	443.000000	313.000000	520.000000
1.000000	311.000000	576.000000	249.000000	1.000000	278.000000	1906.000000	514.000000	1.000000	1.000000	1.000000	393.000000	1.000000	1.000000	1.000000	1.000000	1.000000	1.000000	291.000000	477.000000	480.000000
1.000000	1.000000	1104.000000	516.000000	1.000000	247.000000	1542.000000	1611.000000	1.000000	1.000000	1.000000	1.000000	150.000000	1.000000	1.000000	481.000000	507.000000	1013.000000	505.000000	1.000000	617.000000
290.000000	1.000000	887.000000	1090.000000	1.000000	278.000000	1147.000000	2060.000000	1345.000000	384.000000	1.000000	1.000000	1.000000	1.000000	1.000000	1.000000	1467.000000	507.000000	1017.000000	995.000000	497.000000
1.000000	1.000000	920.000000	1401.000000	474.000000	133.000000	1349.000000	1360.000000	2953.000000	1760.000000	1100.000000	697.000000	649.000000	227.000000	1.000000	1.000000	1.000000	987.000000	1.000000	1.000000	493.000000
1.000000	1.000000	415.000000	1339.000000	476.000000	1.000000	817.000000	401.000000	871.000000	1382.000000	1110.000000	805.000000	486.000000	434.000000	273.000000	1.000000	1.000000	291.000000	399.000000	1.000000	1.000000
1.000000	1.000000	1.000000	928.000000	841.000000	1.000000	390.000000	1.000000	1.000000	1.000000	1.000000	1.000000	1.000000	1.000000	1.000000	1.000000	1.000000	1.000000	1.000000	281.000000	1.000000
1.000000	1.000000	1.000000	1.000000	1.000000	1.000000	1.000000	1.000000	1.000000	1.000000	1.000000	1.000000	1.000000	1.000000	1.000000	1.000000	1.000000	1.000000	1.000000	1.000000	1.000000
1.000000	1.000000	1.000000	1.000000	1.000000	1.000000	1.000000	1.000000	1.000000	1.000000	1.000000	1.000000	1.000000	1.000000	1.000000	1.000000	1.000000	1.000000	1.000000	1.000000	1.000000
