21 25 0
801.000000	1138.000000	584.000000	1.000000	1.000000	1.000000	341.000000	1.000000	135.000000	1749.000000	2061.000000	311.000000	1.000000	243.000000	1.000000	612.000000	1.000000	330.000000	344.000000	697.000000	1.000000
539.000000	751.000000	694.000000	1.000000	1.000000	1.000000	341.000000	369.000000	841.000000	1216.000000	1224.000000	561.000000	363.000000	478.000000	174.000000	297.000000	212.000000	595.000000	828.000000	973.000000	239.000000
615.000000	1545.000000	306.000000	360.000000	1.000000	1.000000	1.000000	1.000000	403.000000	363.000000	269.000000	251.000000	1.000000	166.000000	533.000000	259.000000	283.000000	1589.000000	1382.000000	1068.000000	387.000000
603.000000	1617.000000	1.000000	1283.000000	131.000000	1019.000000	1.000000	1.000000	298.000000	1.000000	74.000000	1.000000	1.000000	314.000000	78.000000	322.000000	218.000000	1578.000000	1423.000000	900.000000	639.000000
648.000000	672.000000	404.000000	801.000000	1033.000000	552.000000	1.000000	1.000000	383.000000	1.000000	182.000000	1.000000	1.000000	147.000000	1.000000	551.000000	355.000000	1585.000000	1197.000000	1118.000000	715.000000
741.000000	495.000000	544.000000	587.000000	532.000000	1.000000	314.000000	545.000000	184.000000	291.000000	1.000000	1.000000	1.000000	175.000000	1.000000	581.000000	760.000000	1430.000000	1398.000000	763.000000	655.000000
939.000000	689.000000	410.000000	739.000000	239.000000	1.000000	1320.000000	356.000000	1.000000	1.000000	263.000000	259.000000	552.000000	175.000000	1.000000	377.000000	401.000000	909.000000	853.000000	1.000000	467.000000
701.000000	723.000000	418.000000	911.000000	499.000000	593.000000	828.000000	357.000000	203.000000	1.000000	884.000000	2054.000000	1662.000000	1.000000	1.000000	1.000000	1.000000	436.000000	874.000000	1.000000	645.000000
988.000000	425.000000	215.000000	681.000000	2165.000000	1327.000000	1.000000	1.000000	1231.000000	1.000000	865.000000	2669.000000	1672.000000	295.000000	1.000000	1.000000	1.000000	512.000000	1168.000000	606.000000	452.000000
1225.000000	870.000000	1.000000	1.000000	2988.000000	1815.000000	1.000000	1.000000	1741.000000	591.000000	923.000000	2087.000000	1709.000000	657.000000	217.000000	1.000000	1.000000	1210.000000	1080.000000	1218.000000	684.000000
1066.000000	1264.000000	1.000000	1.000000	1144.000000	1592.000000	1.000000	618.000000	1939.000000	1022.000000	646.000000	1001.000000	1272.000000	663.000000	993.000000	350.000000	663.000000	1798.000000	857.000000	916.000000	1367.000000
814.000000	1666.000000	267.000000	1.000000	1.000000	1.000000	1.000000	883.000000	1912.000000	996.000000	781.000000	1335.000000	1633.000000	637.000000	405.000000	635.000000	672.000000	1645.000000	609.000000	353.000000	595.000000
361.000000	1803.000000	697.000000	1.000000	1.000000	1.000000	232.000000	947.000000	1150.000000	810.000000	965.000000	1514.000000	1588.000000	1.000000	66.000000	763.000000	1196.000000	1567.000000	374.000000	355.000000	1.000000
163.000000	962.000000	537.000000	1.000000	1.000000	1.000000	269.000000	1158.000000	1487.000000	653.000000	744.000000	836.000000	237.000000	1.000000	1.000000	835.000000	1177.000000	1495.000000	828.000000	577.000000	267.000000
620.000000	627.000000	815.000000	590.000000	188.000000	1.000000	1.000000	551.000000	982.000000	1.000000	443.000000	1.000000	1.000000	1.000000	331.000000	549.000000	973.000000	1211.000000	1219.000000	629.000000	419.000000
464.000000	797.000000	617.000000	459.000000	462.000000	1.000000	1.000000	285.000000	283.000000	1.000000	1.000000	1.000000	1.000000	1.000000	1.000000	173.000000	745.000000	886.000000	963.000000	641.000000	670.000000
378.000000	764.000000	337.000000	585.000000	429.000000	232.000000	1.000000	465.000000	1025.000000	88.000000	1.000000	1.000000	365.000000	1.000000	1.000000	176.000000	921.000000	774.000000	539.000000	639.000000	317.000000
785.000000	610.000000	163.000000	309.000000	618.000000	254.000000	1.000000	462.000000	1869.000000	175.000000	1.000000	1.000000	1.000000	1.000000	424.000000	1385.000000	491.000000	433.000000	507.000000	669.000000	1.000000
138.000000	625.000000	417.000000	517.000000	1280.000000	440.000000	1.000000	1.000000	926.000000	343.000000	423.000000	1.000000	1.000000	1.000000	979.000000	1158.000000	505.000000	452.000000	1424.000000	1455.000000	632.000000
452.000000	1094.000000	498.000000	232.000000	2420.000000	466.000000	1.000000	425.000000	1.000000	343.000000	423.000000	1.000000	336.000000	1.000000	1120.000000	1293.000000	1013.000000	922.000000	1784.000000	1434.000000	489.000000
663.000000	1523.000000	503.000000	1.000000	3106.000000	2252.000000	422.000000	865.000000	1.000000	323.000000	75.000000	313.000000	1162.000000	703.000000	1012.000000	1405.000000	1017.000000	1308.000000	1878.000000	1057.000000	306.000000
507.000000	1497.000000	1011.000000	1.000000	2509.000000	1903.000000	423.000000	1283.000000	1.000000	1.000000	237.000000	1.000000	435.000000	1.000000	1207.000000	1322.000000	369.000000	1447.000000	801.000000	1039.000000	657.000000
168.000000	756.000000	509.000000	1.000000	723.000000	1129.000000	487.000000	237.000000	437.000000	1.000000	255.000000	1.000000	1.000000	1.000000	967.000000	1.000000	247.000000	1260.000000	185.000000	1.000000	239.000000
1.000000	1.000000	1.000000	1.000000	1.000000	1.000000	1.000000	1.000000	1.000000	1.000000	1.000000	1.000000	1.000000	1.000000	1.000000	1.000000	1.000000	1.000000	1.000000	1.000000	1.000000
1.000000	1.000000	1.000000	1.000000	1.000000	1.000000	1.000000	1.000000	1.000000	1.000000	1.000000	1.000000	1.000000	1.000000	1.000000	1.000000	1.000000	1.000000	1.000000	1.000000	1.000000
