21 25 0
1.000000	1.000000	863.000000	917.000000	1.000000	1.000000	1.000000	1.000000	401.000000	401.000000	1.000000	1.000000	1.000000	1.000000	1.000000	409.000000	1205.000000	1254.000000	681.000000	278.000000	490.000000
457.000000	163.000000	181.000000	1.000000	1.000000	780.000000	1083.000000	726.000000	1206.000000	769.000000	294.000000	1.000000	1.000000	623.000000	177.000000	1.000000	239.000000	327.000000	799.000000	229.000000	374.000000
1.000000	1.000000	1.000000	1.000000	519.000000	1763.000000	1667.000000	1624.000000	2018.000000	1692.000000	1371.000000	1104.000000	1197.000000	1283.000000	1099.000000	493.000000	331.000000	163.000000	1.000000	294.000000	1.000000
1.000000	1.000000	331.000000	389.000000	546.000000	1159.000000	1376.000000	1535.000000	1544.000000	1185.000000	1208.000000	1275.000000	996.000000	701.000000	961.000000	649.000000	710.000000	197.000000	197.000000	1.000000	1.000000
1.000000	1.000000	183.000000	187.000000	1.000000	151.000000	216.000000	1.000000	338.000000	186.000000	187.000000	321.000000	1.000000	1.000000	1.000000	1.000000	1.000000	189.000000	1.000000	1.000000	231.000000
146.000000	257.000000	1.000000	1.000000	173.000000	211.000000	498.000000	524.000000	513.000000	195.000000	190.000000	219.000000	720.000000	1255.000000	937.000000	676.000000	395.000000	1.000000	1.000000	160.000000	171.000000
157.000000	157.000000	1.000000	220.000000	640.000000	1207.000000	2241.000000	2232.000000	1937.000000	1257.000000	414.000000	1301.000000	2568.000000	2356.000000	1666.000000	1354.000000	231.000000	168.000000	1.000000	167.000000	328.000000
1.000000	1.000000	1.000000	583.000000	1522.000000	2217.000000	2646.000000	2253.000000	1898.000000	969.000000	267.000000	244.000000	1321.000000	2234.000000	1958.000000	1613.000000	1100.000000	253.000000	1.000000	1.000000	1.000000
865.000000	195.000000	1.000000	618.000000	829.000000	1148.000000	1.000000	1.000000	1.000000	1.000000	1.000000	1.000000	1.000000	1.000000	97.000000	486.000000	356.000000	1.000000	1.000000	331.000000	331.000000
147.000000	198.000000	148.000000	1.000000	1.000000	1.000000	1.000000	1.000000	1.000000	1.000000	1.000000	1.000000	1.000000	1.000000	1.000000	1.000000	1.000000	1.000000	153.000000	1.000000	1.000000
163.000000	180.000000	516.000000	593.000000	462.000000	165.000000	1.000000	1.000000	1.000000	1.000000	368.000000	367.000000	1.000000	1.000000	1.000000	1.000000	245.000000	1.000000	1.000000	1.000000	1.000000
1.000000	1.000000	281.000000	1746.000000	2038.000000	1062.000000	434.000000	1160.000000	672.000000	1.000000	1.000000	1.000000	178.000000	392.000000	759.000000	636.000000	1201.000000	1185.000000	1399.000000	1111.000000	695.000000
660.000000	975.000000	557.000000	1085.000000	1700.000000	1072.000000	1851.000000	2696.000000	2624.000000	2402.000000	3094.000000	3409.000000	2742.000000	2165.000000	1796.000000	1072.000000	1302.000000	1166.000000	747.000000	1170.000000	1154.000000
789.000000	814.000000	1.000000	227.000000	724.000000	611.000000	366.000000	1.000000	920.000000	1494.000000	1990.000000	1617.000000	1171.000000	361.000000	1.000000	484.000000	647.000000	441.000000	1.000000	1.000000	1.000000
1.000000	1.000000	1.000000	1.000000	1.000000	1.000000	1.000000	192.000000	174.000000	1.000000	1.000000	1.000000	1.000000	1.000000	285.000000	361.000000	1.000000	1.000000	1.000000	1.000000	1.000000
76.000000	1.000000	1.000000	1.000000	1.000000	1.000000	1.000000	1525.000000	1567.000000	1621.000000	1422.000000	1606.000000	2293.000000	1811.000000	1000.000000	1.000000	1.000000	338.000000	268.000000	73.000000	1.000000
1.000000	1.000000	331.000000	331.000000	1.000000	190.000000	1.000000	1.000000	306.000000	1669.000000	2524.000000	2178.000000	1056.000000	1.000000	1.000000	1.000000	590.000000	442.000000	333.000000	1010.000000	849.000000
1.000000	299.000000	249.000000	204.000000	467.000000	612.000000	494.000000	232.000000	1.000000	1.000000	1.000000	210.000000	1.000000	1.000000	1.000000	1.000000	1.000000	1.000000	584.000000	761.000000	869.000000
460.000000	570.000000	650.000000	479.000000	171.000000	222.000000	369.000000	1.000000	1.000000	1.000000	348.000000	346.000000	154.000000	347.000000	478.000000	676.000000	245.000000	1.000000	1.000000	1.000000	153.000000
301.000000	689.000000	877.000000	143.000000	1.000000	317.000000	1.000000	306.000000	677.000000	622.000000	446.000000	449.000000	306.000000	458.000000	305.000000	781.000000	509.000000	1015.000000	1015.000000	509.000000	170.000000
205.000000	387.000000	1.000000	463.000000	1.000000	1.000000	629.000000	1528.000000	2599.000000	2697.000000	2205.000000	2081.000000	2020.000000	1037.000000	437.000000	1.000000	1.000000	1.000000	619.000000	518.000000	679.000000
1.000000	1.000000	1.000000	1.000000	1.000000	1.000000	1.000000	1.000000	1012.000000	1749.000000	1969.000000	1343.000000	841.000000	1.000000	1.000000	1.000000	1.000000	1.000000	159.000000	498.000000	221.000000
1.000000	1.000000	191.000000	1.000000	163.000000	1.000000	1.000000	1.000000	1.000000	1.000000	335.000000	175.000000	1.000000	1.000000	1.000000	1.000000	333.000000	1.000000	1.000000	1.000000	1.000000
1.000000	1.000000	1.000000	1.000000	1.000000	1.000000	1.000000	1.000000	1.000000	1.000000	1.000000	1.000000	1.000000	1.000000	1.000000	1.000000	1.000000	1.000000	1.000000	1.000000	1.000000
1.000000	1.000000	1.000000	1.000000	1.000000	1.000000	1.000000	1.000000	1.000000	1.000000	1.000000	1.000000	1.000000	1.000000	1.000000	1.000000	1.000000	1.000000	1.000000	1.000000	1.000000
