21 25 0
1.000000	1.000000	1.000000	268.000000	1773.000000	2421.000000	1498.000000	1609.000000	981.000000	1.000000	1.000000	1460.000000	1716.000000	1639.000000	980.000000	263.000000	191.000000	1.000000	1.000000	80.000000	177.000000
1.000000	1.000000	1157.000000	1513.000000	2512.000000	1234.000000	508.000000	1.000000	1.000000	299.000000	700.000000	801.000000	595.000000	329.000000	267.000000	1.000000	241.000000	490.000000	265.000000	198.000000	956.000000
1.000000	1127.000000	1327.000000	2052.000000	729.000000	1.000000	1.000000	1.000000	1.000000	1.000000	1.000000	1.000000	1.000000	1.000000	1.000000	1.000000	249.000000	1.000000	1.000000	974.000000	829.000000
1.000000	1387.000000	792.000000	1279.000000	1.000000	1.000000	1.000000	107.000000	1.000000	1.000000	1.000000	1.000000	1.000000	1.000000	182.000000	328.000000	1.000000	1.000000	149.000000	534.000000	367.000000
105.000000	791.000000	1006.000000	1.000000	1.000000	193.000000	1006.000000	1214.000000	377.000000	1.000000	148.000000	701.000000	916.000000	421.000000	628.000000	303.000000	1.000000	1.000000	1.000000	197.000000	500.000000
1.000000	333.000000	219.000000	1.000000	495.000000	1022.000000	818.000000	316.000000	1.000000	253.000000	475.000000	1024.000000	469.000000	1.000000	1.000000	1.000000	1.000000	1.000000	185.000000	1.000000	419.000000
289.000000	1.000000	223.000000	513.000000	178.000000	1.000000	1.000000	1.000000	1.000000	1.000000	1.000000	79.000000	1.000000	1.000000	1.000000	1.000000	1.000000	1.000000	1.000000	749.000000	799.000000
1.000000	281.000000	179.000000	527.000000	1.000000	1.000000	1.000000	1.000000	1.000000	1.000000	1110.000000	1.000000	1.000000	1.000000	154.000000	1.000000	1.000000	1.000000	371.000000	1107.000000	381.000000
1.000000	1.000000	323.000000	1.000000	1.000000	1.000000	223.000000	771.000000	1.000000	3066.000000	2152.000000	143.000000	1.000000	75.000000	358.000000	247.000000	1175.000000	811.000000	263.000000	524.000000	153.000000
1.000000	1.000000	789.000000	265.000000	1.000000	892.000000	2623.000000	1790.000000	1924.000000	1934.000000	918.000000	145.000000	434.000000	960.000000	2050.000000	2451.000000	2550.000000	391.000000	1.000000	383.000000	151.000000
242.000000	465.000000	260.000000	1013.000000	526.000000	441.000000	1736.000000	1189.000000	499.000000	439.000000	257.000000	265.000000	652.000000	509.000000	761.000000	986.000000	333.000000	1.000000	1.000000	690.000000	355.000000
1.000000	1.000000	1.000000	513.000000	1.000000	1.000000	1.000000	1.000000	1.000000	738.000000	375.000000	1.000000	1.000000	1.000000	1.000000	143.000000	1.000000	1.000000	569.000000	1.000000	153.000000
1.000000	1.000000	1.000000	1.000000	1.000000	1.000000	1.000000	1.000000	1.000000	1.000000	1.000000	1.000000	1.000000	1.000000	1.000000	1.000000	1.000000	1.000000	233.000000	153.000000	1.000000
1.000000	1.000000	441.000000	493.000000	1.000000	1.000000	1.000000	245.000000	1.000000	1.000000	418.000000	1.000000	703.000000	917.000000	1.000000	1.000000	215.000000	422.000000	141.000000	426.000000	305.000000
1.000000	1.000000	453.000000	438.000000	345.000000	283.000000	1021.000000	370.000000	1.000000	1835.000000	1519.000000	1501.000000	1398.000000	585.000000	1.000000	255.000000	247.000000	367.000000	515.000000	620.000000	378.000000
1.000000	156.000000	218.000000	237.000000	202.000000	873.000000	1.000000	1.000000	1.000000	451.000000	1.000000	1.000000	1.000000	1.000000	476.000000	733.000000	276.000000	203.000000	159.000000	1.000000	1.000000
1.000000	1.000000	253.000000	1.000000	173.000000	235.000000	1.000000	1.000000	1.000000	1.000000	1.000000	1.000000	285.000000	559.000000	1909.000000	225.000000	1.000000	1.000000	1.000000	1.000000	1.000000
1.000000	1.000000	1.000000	373.000000	1.000000	1.000000	1.000000	213.000000	1.000000	1.000000	235.000000	464.000000	925.000000	1973.000000	279.000000	1.000000	1.000000	1.000000	1.000000	1.000000	1.000000
1.000000	1.000000	1.000000	595.000000	1.000000	1.000000	557.000000	1.000000	1.000000	1.000000	465.000000	911.000000	1099.000000	471.000000	1.000000	209.000000	471.000000	392.000000	507.000000	335.000000	385.000000
341.000000	501.000000	1.000000	248.000000	1.000000	1.000000	1.000000	1.000000	1.000000	1.000000	1.000000	685.000000	488.000000	1.000000	1.000000	238.000000	610.000000	1631.000000	1.000000	1.000000	713.000000
1319.000000	1.000000	1517.000000	1681.000000	1.000000	1.000000	1.000000	1.000000	1.000000	1.000000	1.000000	1.000000	1.000000	492.000000	648.000000	612.000000	1844.000000	1005.000000	511.000000	939.000000	493.000000
755.000000	1661.000000	2192.000000	375.000000	1.000000	209.000000	1.000000	1.000000	1.000000	1.000000	1.000000	1.000000	910.000000	1360.000000	978.000000	1336.000000	1641.000000	918.000000	503.000000	989.000000	471.000000
844.000000	477.000000	149.000000	1.000000	1.000000	1.000000	1.000000	1.000000	1.000000	1.000000	1.000000	462.000000	946.000000	492.000000	1.000000	739.000000	377.000000	1.000000	992.000000	548.000000	1.000000
1.000000	1.000000	1.000000	1.000000	1.000000	1.000000	1.000000	1.000000	1.000000	1.000000	1.000000	1.000000	1.000000	1.000000	1.000000	1.000000	1.000000	1.000000	1.000000	1.000000	1.000000
1.000000	1.000000	1.000000	1.000000	1.000000	1.000000	1.000000	1.000000	1.000000	1.000000	1.000000	1.000000	1.000000	1.000000	1.000000	1.000000	1.000000	1.000000	1.000000	1.000000	1.000000
