21 25 0
1055.000000	439.000000	307.000000	137.000000	577.000000	491.000000	131.000000	1.000000	1.000000	646.000000	504.000000	586.000000	562.000000	740.000000	1.000000	1.000000	1.000000	1.000000	1.000000	232.000000	1.000000
407.000000	1.000000	1.000000	854.000000	1084.000000	797.000000	1.000000	265.000000	755.000000	942.000000	860.000000	839.000000	803.000000	568.000000	1.000000	1.000000	1.000000	1.000000	1.000000	234.000000	1.000000
249.000000	227.000000	156.000000	740.000000	733.000000	197.000000	1.000000	1.000000	829.000000	699.000000	712.000000	171.000000	161.000000	1.000000	199.000000	1.000000	1.000000	1.000000	1.000000	294.000000	1.000000
1.000000	1.000000	531.000000	290.000000	217.000000	1.000000	1.000000	1.000000	1.000000	1.000000	1.000000	142.000000	832.000000	1740.000000	1777.000000	611.000000	1.000000	184.000000	688.000000	927.000000	1.000000
1.000000	168.000000	1253.000000	338.000000	1.000000	304.000000	776.000000	1957.000000	455.000000	1.000000	1026.000000	2170.000000	3126.000000	2498.000000	1112.000000	167.000000	1.000000	157.000000	735.000000	564.000000	1.000000
1.000000	266.000000	1025.000000	491.000000	1.000000	243.000000	625.000000	631.000000	317.000000	1.000000	1877.000000	3011.000000	1260.000000	452.000000	1.000000	451.000000	1.000000	1.000000	275.000000	337.000000	312.000000
1.000000	243.000000	1.000000	1.000000	1.000000	1.000000	401.000000	1.000000	1.000000	1.000000	1245.000000	293.000000	1.000000	1.000000	1265.000000	1119.000000	1093.000000	791.000000	539.000000	540.000000	1.000000
1.000000	1.000000	527.000000	1348.000000	897.000000	1702.000000	962.000000	1.000000	1.000000	187.000000	1503.000000	180.000000	1.000000	1.000000	2397.000000	1357.000000	1180.000000	381.000000	1.000000	252.000000	1.000000
1.000000	1.000000	1975.000000	1387.000000	1401.000000	846.000000	511.000000	1.000000	1.000000	1.000000	1370.000000	159.000000	1.000000	653.000000	572.000000	1.000000	1.000000	1.000000	1.000000	499.000000	430.000000
1.000000	1.000000	1052.000000	1.000000	433.000000	333.000000	1.000000	1.000000	1.000000	1.000000	170.000000	1.000000	1.000000	393.000000	1.000000	1.000000	1.000000	1.000000	1.000000	506.000000	524.000000
265.000000	273.000000	1.000000	322.000000	1.000000	1.000000	1.000000	314.000000	389.000000	1.000000	1.000000	1.000000	1.000000	1.000000	1.000000	1.000000	1.000000	1.000000	1.000000	988.000000	876.000000
1.000000	1.000000	1.000000	333.000000	1.000000	230.000000	369.000000	197.000000	1.000000	1.000000	1283.000000	1287.000000	722.000000	2748.000000	477.000000	1.000000	224.000000	1.000000	445.000000	1491.000000	659.000000
1.000000	1.000000	127.000000	1.000000	186.000000	535.000000	268.000000	655.000000	1909.000000	2157.000000	3869.000000	3173.000000	1915.000000	727.000000	137.000000	517.000000	1087.000000	454.000000	1510.000000	1178.000000	1.000000
1.000000	1.000000	1.000000	805.000000	673.000000	354.000000	1.000000	368.000000	885.000000	1.000000	477.000000	910.000000	1.000000	1.000000	1.000000	704.000000	702.000000	608.000000	329.000000	181.000000	136.000000
1.000000	1.000000	745.000000	1116.000000	650.000000	1.000000	1.000000	1.000000	1.000000	1.000000	1.000000	1.000000	1.000000	1.000000	273.000000	1544.000000	432.000000	1.000000	1.000000	1.000000	611.000000
1.000000	1.000000	346.000000	159.000000	202.000000	1.000000	1.000000	419.000000	179.000000	1231.000000	869.000000	1844.000000	1656.000000	1124.000000	996.000000	1050.000000	1.000000	1.000000	1.000000	143.000000	1472.000000
1.000000	1.000000	1.000000	1.000000	284.000000	626.000000	350.000000	444.000000	754.000000	587.000000	430.000000	869.000000	1.000000	1.000000	1.000000	1.000000	1.000000	185.000000	358.000000	615.000000	1251.000000
1.000000	1.000000	1.000000	359.000000	1427.000000	1220.000000	1.000000	1.000000	1.000000	1.000000	1.000000	1.000000	1.000000	1.000000	1.000000	1.000000	185.000000	1045.000000	383.000000	211.000000	497.000000
1.000000	370.000000	1.000000	657.000000	1065.000000	1.000000	1.000000	1.000000	163.000000	1.000000	1.000000	1017.000000	1196.000000	1687.000000	1.000000	466.000000	937.000000	208.000000	1.000000	127.000000	447.000000
1.000000	347.000000	149.000000	761.000000	142.000000	1.000000	1.000000	199.000000	826.000000	1157.000000	2126.000000	2539.000000	2265.000000	645.000000	1.000000	1.000000	1.000000	877.000000	621.000000	280.000000	646.000000
505.000000	154.000000	284.000000	832.000000	75.000000	1.000000	1.000000	333.000000	347.000000	844.000000	1430.000000	469.000000	1.000000	1.000000	1.000000	1.000000	690.000000	2746.000000	1.000000	233.000000	650.000000
1.000000	1.000000	333.000000	153.000000	405.000000	1.000000	1.000000	1.000000	1.000000	1.000000	1.000000	1.000000	1.000000	1.000000	1.000000	1165.000000	2945.000000	1404.000000	1.000000	213.000000	1.000000
1.000000	1.000000	133.000000	1.000000	1.000000	1.000000	1.000000	366.000000	403.000000	1.000000	138.000000	727.000000	330.000000	526.000000	2068.000000	2745.000000	1037.000000	1.000000	1.000000	247.000000	352.000000
1.000000	244.000000	1.000000	1.000000	1.000000	1.000000	1.000000	1.000000	211.000000	1.000000	659.000000	577.000000	1.000000	243.000000	1148.000000	632.000000	1.000000	1.000000	183.000000	647.000000	1.000000
1.000000	1.000000	1.000000	1.000000	1.000000	1.000000	1.000000	1.000000	1.000000	1.000000	1.000000	1.000000	1.000000	1.000000	1.000000	1.000000	1.000000	1.000000	1.000000	1.000000	1.000000
