21 25 0
1.000000	1.000000	1.000000	1.000000	471.000000	356.000000	133.000000	1.000000	132.000000	307.000000	319.000000	747.000000	832.000000	855.000000	618.000000	143.000000	1.000000	458.000000	352.000000	453.000000	317.000000
1.000000	1.000000	1.000000	71.000000	1162.000000	1094.000000	755.000000	832.000000	873.000000	988.000000	1097.000000	1167.000000	1207.000000	879.000000	656.000000	159.000000	1.000000	1.000000	486.000000	175.000000	183.000000
1.000000	1.000000	1.000000	304.000000	473.000000	693.000000	778.000000	876.000000	944.000000	912.000000	797.000000	444.000000	285.000000	179.000000	1.000000	213.000000	213.000000	1.000000	1.000000	425.000000	225.000000
1.000000	1.000000	1.000000	1.000000	130.000000	130.000000	1.000000	1.000000	1.000000	1.000000	1.000000	218.000000	377.000000	1342.000000	2070.000000	1697.000000	1572.000000	1047.000000	256.000000	1.000000	1.000000
1.000000	317.000000	766.000000	1134.000000	1607.000000	2350.000000	2555.000000	1713.000000	1246.000000	1055.000000	1447.000000	2188.000000	2665.000000	2439.000000	1229.000000	517.000000	529.000000	666.000000	301.000000	1.000000	255.000000
1.000000	1.000000	655.000000	794.000000	887.000000	1486.000000	2034.000000	2220.000000	1825.000000	1821.000000	2276.000000	2037.000000	1082.000000	608.000000	1.000000	137.000000	132.000000	1.000000	1.000000	1.000000	487.000000
361.000000	1.000000	1.000000	1.000000	1.000000	1.000000	139.000000	195.000000	194.000000	413.000000	411.000000	1.000000	1.000000	359.000000	1209.000000	1855.000000	1549.000000	1253.000000	521.000000	311.000000	310.000000
1.000000	1.000000	1055.000000	1753.000000	2208.000000	1877.000000	898.000000	143.000000	130.000000	589.000000	1.000000	1.000000	147.000000	1235.000000	1705.000000	2295.000000	2022.000000	1318.000000	1.000000	1.000000	1.000000
1.000000	1.000000	897.000000	1473.000000	1684.000000	1461.000000	463.000000	287.000000	327.000000	828.000000	840.000000	1.000000	1.000000	280.000000	331.000000	280.000000	1.000000	227.000000	1.000000	1.000000	429.000000
1.000000	1.000000	1.000000	332.000000	358.000000	194.000000	1.000000	68.000000	205.000000	307.000000	221.000000	141.000000	367.000000	215.000000	1.000000	1.000000	1.000000	1.000000	1.000000	1.000000	415.000000
358.000000	354.000000	378.000000	1.000000	1.000000	1.000000	1.000000	142.000000	387.000000	239.000000	1.000000	1.000000	1.000000	1.000000	1.000000	130.000000	1.000000	131.000000	131.000000	1.000000	1.000000
609.000000	1.000000	127.000000	141.000000	1.000000	1.000000	411.000000	411.000000	787.000000	1072.000000	1307.000000	1598.000000	2229.000000	2825.000000	567.000000	800.000000	615.000000	587.000000	378.000000	358.000000	340.000000
1.000000	1.000000	1.000000	1.000000	1.000000	1.000000	396.000000	1734.000000	3512.000000	3813.000000	3943.000000	3536.000000	3070.000000	2583.000000	1018.000000	1115.000000	2060.000000	2029.000000	1785.000000	935.000000	495.000000
1.000000	266.000000	858.000000	1073.000000	1028.000000	606.000000	282.000000	443.000000	1148.000000	1230.000000	987.000000	979.000000	725.000000	343.000000	1.000000	269.000000	795.000000	1134.000000	1142.000000	571.000000	168.000000
342.000000	375.000000	1150.000000	1148.000000	1056.000000	657.000000	1.000000	1.000000	1.000000	1.000000	1.000000	1.000000	1.000000	374.000000	789.000000	846.000000	450.000000	1.000000	1.000000	1.000000	1.000000
1.000000	1.000000	1.000000	159.000000	274.000000	1.000000	645.000000	1332.000000	1854.000000	2507.000000	2844.000000	2704.000000	2896.000000	2918.000000	2601.000000	2773.000000	344.000000	1.000000	172.000000	178.000000	416.000000
1.000000	1.000000	1.000000	1.000000	1.000000	1016.000000	2265.000000	1393.000000	962.000000	888.000000	989.000000	962.000000	274.000000	1.000000	1.000000	1.000000	1.000000	1.000000	700.000000	1016.000000	781.000000
291.000000	291.000000	1.000000	1.000000	1.000000	291.000000	1.000000	1.000000	1.000000	1.000000	1.000000	1.000000	1.000000	1.000000	239.000000	640.000000	464.000000	189.000000	615.000000	158.000000	1.000000
1.000000	634.000000	764.000000	448.000000	1.000000	1.000000	1.000000	478.000000	751.000000	1420.000000	1906.000000	1689.000000	2553.000000	2489.000000	2513.000000	1931.000000	441.000000	243.000000	1.000000	1.000000	185.000000
635.000000	1481.000000	994.000000	572.000000	218.000000	436.000000	1098.000000	1689.000000	1555.000000	2227.000000	3038.000000	3241.000000	3183.000000	2299.000000	1625.000000	1087.000000	1.000000	140.000000	304.000000	622.000000	915.000000
1411.000000	279.000000	549.000000	550.000000	638.000000	715.000000	429.000000	456.000000	741.000000	1453.000000	1704.000000	1478.000000	878.000000	1.000000	1.000000	1.000000	1.000000	695.000000	367.000000	1.000000	1212.000000
1.000000	297.000000	171.000000	1.000000	71.000000	439.000000	634.000000	313.000000	365.000000	365.000000	1.000000	1.000000	387.000000	134.000000	156.000000	672.000000	2198.000000	345.000000	1.000000	206.000000	1.000000
1.000000	1.000000	1.000000	1.000000	1.000000	1.000000	495.000000	2255.000000	2281.000000	1053.000000	1369.000000	1875.000000	1982.000000	2112.000000	2407.000000	2220.000000	731.000000	247.000000	1.000000	247.000000	559.000000
1014.000000	123.000000	1.000000	1.000000	1.000000	1.000000	1.000000	796.000000	757.000000	1050.000000	2790.000000	2667.000000	781.000000	1927.000000	303.000000	303.000000	1.000000	1.000000	1.000000	195.000000	1332.000000
1.000000	1.000000	1.000000	1.000000	1.000000	1.000000	1.000000	1.000000	1.000000	1.000000	1.000000	1.000000	1.000000	1.000000	1.000000	1.000000	1.000000	1.000000	1.000000	1.000000	1.000000
