21 25 0
250.000000	385.000000	542.000000	861.000000	632.000000	175.000000	299.000000	290.000000	408.000000	620.000000	372.000000	304.000000	1.000000	1.000000	326.000000	606.000000	763.000000	1051.000000	344.000000	201.000000	1.000000
1.000000	733.000000	345.000000	222.000000	1.000000	1.000000	1.000000	294.000000	1.000000	1.000000	1.000000	1.000000	139.000000	288.000000	251.000000	221.000000	1069.000000	1166.000000	429.000000	1.000000	1.000000
889.000000	979.000000	266.000000	521.000000	425.000000	563.000000	1174.000000	997.000000	269.000000	440.000000	746.000000	1440.000000	1650.000000	1496.000000	1034.000000	276.000000	888.000000	1059.000000	539.000000	144.000000	1.000000
333.000000	932.000000	593.000000	981.000000	849.000000	1439.000000	2020.000000	2188.000000	1377.000000	1476.000000	2142.000000	1614.000000	1442.000000	621.000000	171.000000	1.000000	235.000000	494.000000	254.000000	1.000000	1.000000
724.000000	1032.000000	1.000000	170.000000	279.000000	527.000000	649.000000	646.000000	620.000000	1099.000000	624.000000	184.000000	1.000000	1.000000	259.000000	668.000000	1065.000000	1105.000000	1.000000	297.000000	296.000000
1.000000	1.000000	425.000000	577.000000	1251.000000	1217.000000	241.000000	218.000000	209.000000	310.000000	208.000000	1.000000	422.000000	1810.000000	1994.000000	2125.000000	2305.000000	1723.000000	253.000000	1.000000	1.000000
1.000000	1.000000	1113.000000	1532.000000	2146.000000	1875.000000	1278.000000	519.000000	994.000000	1731.000000	1700.000000	2055.000000	1485.000000	1189.000000	313.000000	167.000000	214.000000	483.000000	542.000000	329.000000	700.000000
1.000000	245.000000	524.000000	659.000000	760.000000	832.000000	708.000000	1.000000	598.000000	745.000000	716.000000	939.000000	429.000000	1.000000	1.000000	1.000000	1.000000	1.000000	1.000000	602.000000	1108.000000
1.000000	1.000000	1.000000	1.000000	131.000000	399.000000	1205.000000	635.000000	1.000000	1.000000	1.000000	287.000000	653.000000	1104.000000	1217.000000	1347.000000	1314.000000	1306.000000	1014.000000	623.000000	457.000000
385.000000	1.000000	671.000000	1071.000000	1245.000000	1502.000000	1124.000000	1022.000000	1.000000	1.000000	139.000000	139.000000	227.000000	556.000000	1706.000000	2248.000000	1677.000000	925.000000	1.000000	133.000000	223.000000
1.000000	1.000000	425.000000	733.000000	526.000000	1795.000000	1463.000000	768.000000	429.000000	2132.000000	3189.000000	1761.000000	1419.000000	1697.000000	1173.000000	1509.000000	636.000000	1.000000	309.000000	277.000000	483.000000
1.000000	1.000000	1.000000	135.000000	526.000000	1028.000000	430.000000	443.000000	1020.000000	1257.000000	906.000000	401.000000	400.000000	342.000000	1.000000	1.000000	149.000000	1.000000	1.000000	205.000000	908.000000
886.000000	1.000000	1073.000000	902.000000	374.000000	1.000000	1.000000	1.000000	1.000000	1.000000	1.000000	1.000000	1.000000	1.000000	1.000000	1.000000	1.000000	1.000000	1.000000	1.000000	1.000000
832.000000	1.000000	189.000000	1.000000	1.000000	1.000000	523.000000	1037.000000	1509.000000	1688.000000	1703.000000	2428.000000	2884.000000	2817.000000	1587.000000	1257.000000	604.000000	204.000000	157.000000	189.000000	239.000000
1.000000	1.000000	1.000000	1.000000	1.000000	1.000000	402.000000	3079.000000	3420.000000	3585.000000	3820.000000	3571.000000	1890.000000	864.000000	785.000000	644.000000	849.000000	1225.000000	1224.000000	1458.000000	928.000000
609.000000	641.000000	573.000000	193.000000	1.000000	1.000000	314.000000	1.000000	1.000000	1.000000	1.000000	495.000000	1.000000	1.000000	1.000000	1.000000	1.000000	146.000000	413.000000	409.000000	1.000000
251.000000	396.000000	803.000000	718.000000	354.000000	1.000000	1.000000	1.000000	130.000000	698.000000	1606.000000	1626.000000	1335.000000	1706.000000	1827.000000	2087.000000	1285.000000	251.000000	1.000000	1.000000	1.000000
1.000000	1.000000	1.000000	1.000000	1.000000	303.000000	857.000000	1505.000000	2072.000000	3036.000000	3840.000000	3458.000000	3606.000000	2222.000000	1801.000000	1743.000000	939.000000	1.000000	1.000000	1.000000	1.000000
1.000000	1.000000	1.000000	1.000000	392.000000	1553.000000	2074.000000	1456.000000	744.000000	531.000000	531.000000	162.000000	1.000000	1.000000	1.000000	1.000000	1.000000	1.000000	1.000000	1.000000	1.000000
1.000000	1.000000	1.000000	1.000000	1.000000	1.000000	1.000000	1.000000	1.000000	450.000000	1.000000	1.000000	1.000000	1.000000	247.000000	268.000000	247.000000	143.000000	1.000000	1.000000	1.000000
1.000000	372.000000	1.000000	1.000000	1.000000	1.000000	1.000000	554.000000	748.000000	784.000000	887.000000	946.000000	1572.000000	2081.000000	1954.000000	1668.000000	1.000000	1.000000	1.000000	1.000000	349.000000
2061.000000	1484.000000	391.000000	707.000000	247.000000	1.000000	1.000000	1128.000000	1742.000000	2892.000000	3316.000000	3276.000000	3180.000000	2847.000000	1924.000000	622.000000	1.000000	1.000000	548.000000	1538.000000	2069.000000
1823.000000	412.000000	411.000000	1132.000000	1124.000000	836.000000	467.000000	1.000000	1.000000	130.000000	885.000000	895.000000	1.000000	1.000000	1.000000	1.000000	1.000000	950.000000	348.000000	1.000000	593.000000
151.000000	1.000000	1.000000	1.000000	1.000000	1.000000	347.000000	1.000000	1.000000	1.000000	1.000000	1.000000	1.000000	1.000000	1.000000	145.000000	1006.000000	190.000000	1.000000	1.000000	1.000000
131.000000	1.000000	1.000000	1.000000	1.000000	1.000000	301.000000	301.000000	207.000000	283.000000	1.000000	1.000000	191.000000	1.000000	175.000000	189.000000	273.000000	1.000000	1.000000	279.000000	349.000000
