21 25 0
1.000000	1.000000	1.000000	1.000000	1.000000	1.000000	1.000000	72.000000	220.000000	1.000000	1.000000	1.000000	321.000000	77.000000	718.000000	432.000000	1.000000	501.000000	748.000000	861.000000	875.000000
1.000000	1.000000	1.000000	1.000000	1.000000	156.000000	746.000000	734.000000	161.000000	183.000000	1.000000	1.000000	301.000000	465.000000	606.000000	1003.000000	225.000000	1.000000	536.000000	677.000000	899.000000
1.000000	1.000000	1.000000	1.000000	157.000000	79.000000	429.000000	681.000000	213.000000	1.000000	1.000000	1.000000	165.000000	170.000000	173.000000	672.000000	875.000000	304.000000	248.000000	847.000000	900.000000
1.000000	1.000000	1.000000	1.000000	1.000000	1.000000	1.000000	1.000000	1.000000	1.000000	1.000000	1.000000	1.000000	1.000000	1.000000	183.000000	1448.000000	882.000000	1.000000	408.000000	591.000000
1191.000000	1.000000	1.000000	1.000000	631.000000	1215.000000	2047.000000	793.000000	266.000000	224.000000	1.000000	613.000000	1.000000	1.000000	1.000000	1.000000	495.000000	820.000000	396.000000	203.000000	661.000000
1057.000000	763.000000	1.000000	1.000000	1.000000	431.000000	1596.000000	2374.000000	1679.000000	406.000000	1.000000	325.000000	1.000000	1.000000	1.000000	1.000000	1.000000	1.000000	1.000000	214.000000	790.000000
1130.000000	402.000000	377.000000	1.000000	1.000000	1.000000	1.000000	434.000000	850.000000	1.000000	1.000000	1.000000	1.000000	443.000000	605.000000	1297.000000	1314.000000	1067.000000	1.000000	1.000000	542.000000
1240.000000	1.000000	679.000000	1244.000000	1.000000	1.000000	1.000000	1.000000	767.000000	356.000000	1.000000	1.000000	1.000000	634.000000	417.000000	167.000000	1499.000000	1689.000000	794.000000	1.000000	188.000000
1561.000000	351.000000	299.000000	1142.000000	1.000000	369.000000	1.000000	1.000000	1351.000000	924.000000	1.000000	1.000000	169.000000	1.000000	1.000000	1.000000	154.000000	341.000000	238.000000	1.000000	524.000000
714.000000	523.000000	1.000000	1.000000	1.000000	1.000000	1.000000	1.000000	188.000000	78.000000	1.000000	1.000000	338.000000	346.000000	1.000000	1.000000	1.000000	1.000000	1.000000	1.000000	1.000000
825.000000	406.000000	231.000000	1.000000	1.000000	1.000000	1.000000	1.000000	1.000000	149.000000	1.000000	1.000000	1.000000	1.000000	374.000000	1.000000	1.000000	1.000000	123.000000	1.000000	1.000000
858.000000	867.000000	292.000000	1.000000	1.000000	1.000000	1.000000	150.000000	1577.000000	1701.000000	1.000000	1.000000	417.000000	1.000000	351.000000	321.000000	223.000000	1.000000	205.000000	1.000000	1.000000
593.000000	911.000000	622.000000	1.000000	1.000000	1.000000	1.000000	827.000000	1859.000000	2761.000000	2150.000000	489.000000	1.000000	1726.000000	345.000000	161.000000	1093.000000	1632.000000	684.000000	248.000000	1.000000
197.000000	803.000000	1095.000000	617.000000	1.000000	1.000000	1.000000	1.000000	1.000000	431.000000	481.000000	1.000000	1.000000	1.000000	242.000000	1.000000	150.000000	978.000000	645.000000	167.000000	1.000000
670.000000	235.000000	849.000000	843.000000	1.000000	737.000000	387.000000	1.000000	1.000000	1.000000	1.000000	1.000000	1.000000	1.000000	1.000000	1.000000	1.000000	1.000000	1.000000	1.000000	1.000000
671.000000	1.000000	159.000000	323.000000	1.000000	952.000000	1432.000000	490.000000	1.000000	865.000000	945.000000	1.000000	1.000000	291.000000	763.000000	611.000000	163.000000	1.000000	144.000000	1.000000	1.000000
1472.000000	255.000000	236.000000	1.000000	1.000000	848.000000	1182.000000	242.000000	1.000000	1.000000	1.000000	1.000000	1.000000	1.000000	1.000000	1.000000	1.000000	149.000000	812.000000	241.000000	1.000000
1435.000000	928.000000	277.000000	1.000000	1.000000	1.000000	422.000000	1.000000	1.000000	1.000000	1.000000	1.000000	1.000000	1.000000	1.000000	1.000000	1.000000	1.000000	812.000000	1.000000	1.000000
1069.000000	1202.000000	537.000000	277.000000	1.000000	1.000000	326.000000	1.000000	1.000000	439.000000	705.000000	385.000000	1.000000	435.000000	1494.000000	236.000000	1.000000	1.000000	1.000000	304.000000	155.000000
771.000000	1336.000000	290.000000	325.000000	267.000000	494.000000	1093.000000	1.000000	1.000000	478.000000	2268.000000	1760.000000	1689.000000	920.000000	1809.000000	971.000000	1.000000	1.000000	1.000000	146.000000	310.000000
502.000000	1451.000000	1.000000	540.000000	636.000000	778.000000	845.000000	1.000000	1.000000	1.000000	467.000000	862.000000	1.000000	1.000000	1.000000	1.000000	1.000000	1.000000	1.000000	205.000000	253.000000
417.000000	560.000000	1.000000	1.000000	709.000000	850.000000	2053.000000	1143.000000	1.000000	1.000000	1.000000	1.000000	1.000000	1.000000	1.000000	1.000000	423.000000	1.000000	203.000000	1.000000	1.000000
1.000000	844.000000	1503.000000	138.000000	1.000000	334.000000	1451.000000	2361.000000	903.000000	582.000000	576.000000	1.000000	643.000000	433.000000	1.000000	1.000000	1.000000	590.000000	1.000000	281.000000	1.000000
1.000000	505.000000	1025.000000	482.000000	1.000000	513.000000	1.000000	591.000000	1053.000000	941.000000	1066.000000	1.000000	1264.000000	1125.000000	1.000000	1.000000	1.000000	1.000000	1.000000	158.000000	455.000000
1.000000	1.000000	505.000000	1.000000	1.000000	125.000000	1.000000	1.000000	1.000000	1.000000	1.000000	1.000000	1.000000	1.000000	1.000000	1.000000	1.000000	1.000000	1.000000	1.000000	1.000000
