21 25 0
1.000000	1094.000000	1282.000000	611.000000	263.000000	1.000000	347.000000	442.000000	1.000000	1.000000	1.000000	1.000000	1.000000	1.000000	615.000000	487.000000	1.000000	486.000000	545.000000	908.000000	904.000000
250.000000	1644.000000	450.000000	234.000000	1.000000	1.000000	793.000000	487.000000	1.000000	1.000000	1.000000	1.000000	1.000000	1.000000	639.000000	694.000000	569.000000	1.000000	493.000000	551.000000	947.000000
1027.000000	1529.000000	445.000000	235.000000	1.000000	1.000000	585.000000	146.000000	1.000000	1.000000	1.000000	1.000000	1.000000	170.000000	344.000000	371.000000	626.000000	549.000000	226.000000	915.000000	1292.000000
1304.000000	1446.000000	268.000000	1.000000	262.000000	502.000000	831.000000	1.000000	1.000000	407.000000	1.000000	1.000000	1.000000	1.000000	1.000000	1.000000	708.000000	862.000000	1.000000	533.000000	915.000000
2331.000000	921.000000	299.000000	1.000000	1.000000	258.000000	461.000000	1.000000	468.000000	686.000000	1.000000	1.000000	1.000000	326.000000	1.000000	423.000000	613.000000	603.000000	254.000000	319.000000	1039.000000
2393.000000	1094.000000	338.000000	256.000000	1.000000	1.000000	463.000000	1.000000	954.000000	265.000000	1.000000	1.000000	477.000000	1208.000000	1.000000	450.000000	351.000000	183.000000	1.000000	255.000000	855.000000
1889.000000	974.000000	359.000000	256.000000	1.000000	1.000000	1.000000	1.000000	2002.000000	997.000000	1.000000	1.000000	1138.000000	924.000000	1.000000	1.000000	1125.000000	326.000000	340.000000	191.000000	1326.000000
2450.000000	1455.000000	338.000000	431.000000	1.000000	1.000000	1.000000	490.000000	2779.000000	1020.000000	1.000000	1.000000	1002.000000	426.000000	1.000000	1.000000	1217.000000	1228.000000	850.000000	1.000000	1096.000000
2536.000000	935.000000	338.000000	1.000000	1.000000	378.000000	386.000000	255.000000	1982.000000	811.000000	1.000000	1.000000	1207.000000	209.000000	1.000000	1.000000	1089.000000	1795.000000	607.000000	1.000000	460.000000
2025.000000	846.000000	306.000000	1.000000	1.000000	411.000000	754.000000	1.000000	407.000000	968.000000	157.000000	1.000000	783.000000	209.000000	1.000000	1.000000	656.000000	1253.000000	386.000000	1.000000	1.000000
1313.000000	804.000000	304.000000	1.000000	1.000000	523.000000	677.000000	1.000000	1.000000	2132.000000	157.000000	1.000000	200.000000	129.000000	1.000000	221.000000	295.000000	1083.000000	382.000000	1.000000	132.000000
901.000000	1407.000000	569.000000	1.000000	1.000000	463.000000	301.000000	1.000000	1.000000	2077.000000	1.000000	1.000000	1.000000	1.000000	1.000000	221.000000	1.000000	1221.000000	387.000000	1.000000	352.000000
548.000000	1450.000000	1020.000000	175.000000	1.000000	331.000000	1.000000	1.000000	1.000000	977.000000	1.000000	1.000000	1.000000	420.000000	784.000000	1.000000	1.000000	1168.000000	205.000000	1.000000	132.000000
536.000000	1006.000000	718.000000	175.000000	1.000000	503.000000	226.000000	1.000000	485.000000	1.000000	1.000000	1.000000	1.000000	809.000000	1024.000000	1.000000	1.000000	1459.000000	131.000000	462.000000	210.000000
572.000000	459.000000	478.000000	487.000000	1.000000	597.000000	1200.000000	1.000000	1.000000	425.000000	1.000000	1.000000	354.000000	390.000000	1.000000	1.000000	1.000000	640.000000	543.000000	1055.000000	1.000000
1827.000000	657.000000	513.000000	1071.000000	1.000000	607.000000	1909.000000	351.000000	1.000000	1.000000	1.000000	1.000000	1.000000	141.000000	1.000000	1.000000	139.000000	1.000000	1028.000000	803.000000	1.000000
1789.000000	801.000000	502.000000	1415.000000	1.000000	1.000000	1597.000000	291.000000	1.000000	1.000000	1015.000000	507.000000	1.000000	72.000000	1.000000	1.000000	1.000000	1.000000	1082.000000	329.000000	1.000000
1670.000000	1195.000000	408.000000	1527.000000	1.000000	1.000000	1897.000000	888.000000	1.000000	1279.000000	1515.000000	507.000000	1.000000	1.000000	1.000000	1.000000	1.000000	1.000000	1114.000000	512.000000	1.000000
1280.000000	1180.000000	378.000000	462.000000	395.000000	466.000000	1956.000000	389.000000	1.000000	507.000000	503.000000	1.000000	1.000000	1.000000	581.000000	219.000000	1.000000	1.000000	541.000000	692.000000	1.000000
932.000000	1468.000000	278.000000	273.000000	371.000000	1014.000000	1577.000000	1.000000	1.000000	1.000000	1.000000	1.000000	1.000000	323.000000	1794.000000	1229.000000	243.000000	1.000000	315.000000	660.000000	1.000000
826.000000	1727.000000	893.000000	398.000000	144.000000	917.000000	1360.000000	177.000000	1.000000	1.000000	1.000000	1.000000	1.000000	322.000000	1495.000000	1147.000000	243.000000	1.000000	732.000000	554.000000	196.000000
915.000000	2598.000000	969.000000	399.000000	617.000000	620.000000	1787.000000	1306.000000	1.000000	1.000000	1.000000	1.000000	1.000000	1207.000000	417.000000	1.000000	1.000000	157.000000	1399.000000	357.000000	1.000000
1.000000	1699.000000	1025.000000	147.000000	593.000000	304.000000	1661.000000	1957.000000	1.000000	1.000000	401.000000	1.000000	1.000000	1.000000	1.000000	1.000000	1.000000	1188.000000	1174.000000	485.000000	675.000000
1.000000	630.000000	1.000000	480.000000	712.000000	1.000000	1.000000	563.000000	1.000000	175.000000	748.000000	1.000000	1.000000	1.000000	1.000000	1.000000	374.000000	1508.000000	399.000000	485.000000	636.000000
1.000000	511.000000	503.000000	1.000000	279.000000	1.000000	1.000000	1.000000	1.000000	177.000000	1.000000	1.000000	1.000000	1.000000	1.000000	1.000000	1.000000	1.000000	1.000000	1.000000	1.000000
