21 25 0
1.000000	1.000000	1.000000	1.000000	1.000000	1.000000	1.000000	1.000000	150.000000	342.000000	239.000000	1.000000	1.000000	1.000000	326.000000	607.000000	652.000000	1280.000000	607.000000	290.000000	278.000000
1.000000	1.000000	1.000000	1.000000	1.000000	1.000000	1.000000	1.000000	1.000000	1.000000	1.000000	1.000000	1.000000	1.000000	1.000000	207.000000	1134.000000	1198.000000	872.000000	1.000000	290.000000
1.000000	1.000000	1.000000	426.000000	396.000000	521.000000	428.000000	319.000000	1.000000	1.000000	1.000000	1.000000	212.000000	1.000000	1.000000	1.000000	460.000000	1370.000000	1585.000000	717.000000	161.000000
1.000000	1.000000	209.000000	145.000000	141.000000	1.000000	202.000000	1092.000000	428.000000	225.000000	196.000000	233.000000	1.000000	1.000000	1.000000	1.000000	1.000000	897.000000	1173.000000	1099.000000	1.000000
1.000000	1.000000	1.000000	146.000000	1.000000	1.000000	1.000000	164.000000	140.000000	1.000000	1.000000	1.000000	1.000000	1.000000	1.000000	353.000000	625.000000	234.000000	1127.000000	871.000000	274.000000
1.000000	1.000000	905.000000	1094.000000	1280.000000	1193.000000	1.000000	1.000000	1.000000	1.000000	308.000000	1.000000	1.000000	1.000000	386.000000	341.000000	664.000000	179.000000	139.000000	759.000000	199.000000
1.000000	1.000000	274.000000	353.000000	1123.000000	2408.000000	1338.000000	1.000000	1.000000	442.000000	1338.000000	713.000000	1.000000	1.000000	1.000000	1.000000	1.000000	582.000000	1326.000000	804.000000	835.000000
1.000000	1.000000	1.000000	1.000000	278.000000	883.000000	896.000000	1.000000	1.000000	1.000000	1784.000000	1619.000000	438.000000	1.000000	1.000000	1.000000	1.000000	1.000000	717.000000	1258.000000	307.000000
1.000000	66.000000	1160.000000	1.000000	1.000000	1.000000	1.000000	561.000000	1.000000	1.000000	646.000000	821.000000	165.000000	351.000000	952.000000	220.000000	1.000000	1.000000	230.000000	861.000000	224.000000
385.000000	1.000000	1395.000000	941.000000	868.000000	1.000000	1.000000	777.000000	73.000000	1.000000	572.000000	896.000000	1.000000	302.000000	1786.000000	766.000000	269.000000	148.000000	232.000000	599.000000	976.000000
1.000000	1.000000	481.000000	788.000000	675.000000	302.000000	1.000000	157.000000	1.000000	1.000000	559.000000	1517.000000	222.000000	1.000000	437.000000	1037.000000	163.000000	1.000000	230.000000	802.000000	933.000000
1.000000	1.000000	1.000000	224.000000	573.000000	644.000000	1.000000	1.000000	1.000000	1.000000	1.000000	399.000000	368.000000	1.000000	1.000000	1.000000	203.000000	1.000000	1.000000	831.000000	559.000000
142.000000	1.000000	144.000000	363.000000	307.000000	1.000000	153.000000	121.000000	1.000000	1.000000	1.000000	1.000000	1.000000	1.000000	1.000000	1.000000	1.000000	1.000000	1.000000	259.000000	185.000000
148.000000	1.000000	197.000000	419.000000	175.000000	1.000000	552.000000	1233.000000	545.000000	301.000000	497.000000	1.000000	1.000000	1.000000	1.000000	1453.000000	825.000000	1.000000	1.000000	1.000000	259.000000
256.000000	223.000000	1.000000	1.000000	1.000000	1.000000	1.000000	592.000000	714.000000	1243.000000	1575.000000	407.000000	280.000000	1.000000	239.000000	608.000000	1735.000000	675.000000	144.000000	213.000000	536.000000
1.000000	463.000000	759.000000	1.000000	146.000000	1.000000	1.000000	1.000000	1.000000	1.000000	1.000000	488.000000	1.000000	1.000000	1.000000	1.000000	152.000000	199.000000	147.000000	609.000000	414.000000
277.000000	461.000000	570.000000	1.000000	519.000000	1.000000	1.000000	1.000000	499.000000	509.000000	513.000000	1.000000	1.000000	397.000000	479.000000	287.000000	312.000000	166.000000	1.000000	1.000000	395.000000
1.000000	1.000000	607.000000	1.000000	200.000000	493.000000	1.000000	1.000000	1.000000	1.000000	915.000000	2277.000000	2633.000000	1976.000000	397.000000	1537.000000	1348.000000	684.000000	1.000000	1.000000	168.000000
1.000000	153.000000	146.000000	1.000000	1.000000	1.000000	929.000000	495.000000	1.000000	1.000000	1.000000	1.000000	1.000000	1.000000	1.000000	1.000000	1.000000	808.000000	1.000000	1.000000	374.000000
1.000000	1.000000	171.000000	1.000000	1.000000	1.000000	1.000000	1.000000	1.000000	1.000000	1.000000	1.000000	1.000000	1.000000	1.000000	1.000000	1.000000	419.000000	1.000000	1.000000	1.000000
1.000000	1.000000	174.000000	175.000000	1.000000	1.000000	1.000000	272.000000	834.000000	670.000000	750.000000	425.000000	1.000000	1.000000	1.000000	1.000000	1.000000	1.000000	267.000000	163.000000	348.000000
1339.000000	222.000000	663.000000	1380.000000	402.000000	1.000000	1.000000	427.000000	1323.000000	1984.000000	2249.000000	2204.000000	1668.000000	530.000000	241.000000	1.000000	1.000000	1.000000	1.000000	608.000000	1238.000000
1355.000000	651.000000	730.000000	1753.000000	1144.000000	1002.000000	513.000000	1.000000	1.000000	1.000000	1.000000	1.000000	1.000000	1.000000	1.000000	1.000000	1.000000	1.000000	1.000000	1.000000	351.000000
941.000000	1.000000	1.000000	511.000000	512.000000	716.000000	999.000000	318.000000	1.000000	1.000000	1.000000	1.000000	1.000000	1.000000	1.000000	1.000000	1.000000	1.000000	161.000000	173.000000	1.000000
131.000000	1.000000	1.000000	513.000000	1.000000	1.000000	335.000000	207.000000	1.000000	1.000000	1.000000	125.000000	1.000000	1.000000	1.000000	1.000000	1.000000	1.000000	1.000000	205.000000	349.000000
