21 25 0
1.000000	1147.000000	1176.000000	925.000000	577.000000	1.000000	424.000000	729.000000	846.000000	1.000000	1.000000	311.000000	1.000000	1.000000	1.000000	1.000000	176.000000	1.000000	1.000000	1.000000	1.000000
500.000000	1657.000000	974.000000	266.000000	112.000000	1.000000	144.000000	387.000000	1.000000	1.000000	1.000000	1.000000	1.000000	187.000000	458.000000	167.000000	1.000000	1.000000	1.000000	1.000000	209.000000
1046.000000	1568.000000	452.000000	268.000000	1.000000	1.000000	379.000000	1.000000	1.000000	195.000000	580.000000	613.000000	648.000000	937.000000	669.000000	325.000000	1.000000	1.000000	1.000000	1.000000	1.000000
1154.000000	1605.000000	268.000000	150.000000	191.000000	724.000000	810.000000	1.000000	1.000000	946.000000	913.000000	893.000000	379.000000	399.000000	1.000000	1.000000	1.000000	313.000000	1.000000	1.000000	1.000000
1951.000000	1036.000000	324.000000	1.000000	170.000000	205.000000	356.000000	1.000000	1.000000	402.000000	156.000000	1.000000	1.000000	375.000000	893.000000	946.000000	835.000000	537.000000	1.000000	1.000000	1.000000
1834.000000	1.000000	357.000000	1.000000	1.000000	1.000000	1.000000	1.000000	209.000000	1.000000	1.000000	1.000000	681.000000	2104.000000	2288.000000	1544.000000	335.000000	1.000000	1.000000	1.000000	134.000000
945.000000	358.000000	679.000000	321.000000	133.000000	1.000000	1.000000	1.000000	1007.000000	525.000000	1.000000	1.000000	1691.000000	1956.000000	869.000000	1.000000	1.000000	1.000000	1.000000	1.000000	255.000000
1001.000000	1221.000000	521.000000	329.000000	331.000000	1.000000	1.000000	539.000000	1955.000000	779.000000	1.000000	1.000000	975.000000	180.000000	1.000000	1.000000	1.000000	651.000000	523.000000	1.000000	855.000000
1638.000000	444.000000	298.000000	1.000000	1.000000	1.000000	1279.000000	420.000000	918.000000	1.000000	1.000000	1.000000	347.000000	153.000000	1.000000	509.000000	1136.000000	1789.000000	449.000000	1.000000	1.000000
1029.000000	1.000000	506.000000	1.000000	1.000000	441.000000	884.000000	1101.000000	407.000000	1.000000	1.000000	1.000000	1.000000	189.000000	138.000000	1579.000000	1841.000000	1035.000000	1.000000	1.000000	257.000000
459.000000	143.000000	242.000000	1.000000	135.000000	1308.000000	1065.000000	1.000000	1.000000	1562.000000	436.000000	1.000000	1.000000	1.000000	230.000000	556.000000	69.000000	1.000000	1.000000	1.000000	1.000000
352.000000	541.000000	302.000000	357.000000	285.000000	961.000000	145.000000	278.000000	375.000000	792.000000	223.000000	1.000000	1.000000	1.000000	1.000000	1.000000	1.000000	1.000000	125.000000	1.000000	334.000000
1207.000000	857.000000	291.000000	1.000000	311.000000	145.000000	1.000000	1.000000	1.000000	1.000000	1.000000	1.000000	1.000000	419.000000	870.000000	203.000000	1.000000	1.000000	1.000000	1.000000	589.000000
292.000000	178.000000	274.000000	1.000000	1.000000	1.000000	1.000000	1.000000	1.000000	1.000000	331.000000	1733.000000	2417.000000	1899.000000	1284.000000	1.000000	1.000000	1.000000	157.000000	421.000000	543.000000
195.000000	612.000000	308.000000	1.000000	1.000000	230.000000	352.000000	1153.000000	1214.000000	1192.000000	1608.000000	1748.000000	874.000000	725.000000	381.000000	1.000000	1.000000	147.000000	873.000000	1301.000000	244.000000
1800.000000	1195.000000	1.000000	151.000000	1.000000	449.000000	528.000000	316.000000	1.000000	1.000000	497.000000	1.000000	1.000000	1.000000	1.000000	1.000000	72.000000	1.000000	569.000000	362.000000	1.000000
1237.000000	157.000000	1.000000	576.000000	173.000000	1.000000	1.000000	1.000000	1.000000	1.000000	2017.000000	1494.000000	1756.000000	1164.000000	730.000000	764.000000	1916.000000	1.000000	1.000000	1.000000	1.000000
276.000000	135.000000	1.000000	340.000000	1.000000	448.000000	1367.000000	751.000000	935.000000	2021.000000	2467.000000	1483.000000	1730.000000	349.000000	348.000000	691.000000	1.000000	1.000000	1.000000	1.000000	1.000000
567.000000	1.000000	1.000000	1.000000	393.000000	2750.000000	2140.000000	702.000000	1.000000	501.000000	324.000000	1.000000	1.000000	1.000000	1.000000	1.000000	1.000000	1.000000	130.000000	321.000000	1.000000
157.000000	1.000000	1.000000	1.000000	394.000000	1252.000000	1.000000	1.000000	1.000000	1.000000	1.000000	1.000000	1.000000	1.000000	394.000000	638.000000	365.000000	1.000000	1.000000	212.000000	1.000000
1.000000	493.000000	501.000000	1.000000	1.000000	1.000000	1.000000	1.000000	1.000000	1.000000	415.000000	762.000000	626.000000	2148.000000	2146.000000	2452.000000	267.000000	1.000000	1.000000	594.000000	1.000000
913.000000	1042.000000	1399.000000	1.000000	1.000000	1.000000	1.000000	359.000000	1.000000	82.000000	2709.000000	3146.000000	2600.000000	2452.000000	1655.000000	547.000000	1.000000	1.000000	1134.000000	632.000000	692.000000
263.000000	509.000000	366.000000	366.000000	347.000000	1.000000	575.000000	1.000000	1.000000	1.000000	553.000000	1.000000	1.000000	1.000000	1.000000	1.000000	1.000000	2191.000000	1841.000000	363.000000	777.000000
1.000000	1.000000	1.000000	1.000000	1.000000	1.000000	1.000000	1.000000	1.000000	1.000000	1.000000	1.000000	1.000000	1.000000	1.000000	162.000000	1249.000000	1711.000000	261.000000	172.000000	1.000000
1.000000	451.000000	1.000000	1.000000	1.000000	1.000000	1.000000	1.000000	1.000000	1.000000	1.000000	1.000000	1.000000	1.000000	1.000000	191.000000	161.000000	1.000000	1.000000	1.000000	1.000000
