21 25 0
1079.000000	213.000000	187.000000	1.000000	289.000000	1.000000	1.000000	1.000000	440.000000	800.000000	917.000000	136.000000	1.000000	1.000000	1.000000	209.000000	601.000000	1093.000000	600.000000	385.000000	409.000000
470.000000	366.000000	156.000000	729.000000	620.000000	202.000000	1.000000	1.000000	379.000000	751.000000	335.000000	146.000000	1.000000	1.000000	1.000000	1.000000	730.000000	757.000000	737.000000	508.000000	297.000000
213.000000	215.000000	588.000000	775.000000	568.000000	217.000000	1.000000	202.000000	399.000000	1.000000	167.000000	1.000000	1.000000	1.000000	1.000000	290.000000	237.000000	1232.000000	1483.000000	762.000000	216.000000
1.000000	1.000000	1292.000000	578.000000	229.000000	1.000000	1.000000	256.000000	1.000000	1.000000	1.000000	1.000000	1347.000000	1208.000000	1169.000000	1.000000	1.000000	564.000000	1462.000000	1153.000000	1.000000
1.000000	267.000000	2040.000000	1.000000	235.000000	1.000000	1.000000	73.000000	1.000000	1.000000	1.000000	1555.000000	1793.000000	1808.000000	1172.000000	1.000000	1.000000	352.000000	1527.000000	1673.000000	591.000000
1.000000	549.000000	1028.000000	720.000000	1.000000	435.000000	1.000000	1.000000	1.000000	1.000000	1356.000000	2228.000000	446.000000	453.000000	1.000000	1.000000	1.000000	214.000000	1569.000000	1826.000000	706.000000
1.000000	283.000000	1.000000	441.000000	1.000000	1618.000000	481.000000	1.000000	1.000000	1.000000	2068.000000	1842.000000	1.000000	1.000000	787.000000	1.000000	1.000000	1.000000	1664.000000	1901.000000	679.000000
1.000000	516.000000	163.000000	371.000000	1.000000	1539.000000	890.000000	1.000000	1.000000	1.000000	2339.000000	1575.000000	1.000000	1.000000	1237.000000	340.000000	1.000000	1.000000	1115.000000	1944.000000	309.000000
1.000000	754.000000	1480.000000	371.000000	1.000000	1088.000000	411.000000	1.000000	1.000000	1.000000	1681.000000	1195.000000	1.000000	221.000000	1750.000000	221.000000	1.000000	1.000000	697.000000	1754.000000	451.000000
1.000000	399.000000	1763.000000	371.000000	445.000000	434.000000	1.000000	370.000000	1.000000	1.000000	1083.000000	957.000000	1.000000	1.000000	847.000000	1.000000	1.000000	1.000000	711.000000	2061.000000	835.000000
1.000000	1.000000	821.000000	1035.000000	492.000000	1.000000	1.000000	273.000000	70.000000	1.000000	756.000000	961.000000	69.000000	1.000000	1.000000	1.000000	1.000000	1.000000	668.000000	1250.000000	1210.000000
1.000000	1.000000	433.000000	873.000000	499.000000	279.000000	1.000000	248.000000	142.000000	1.000000	830.000000	1919.000000	1.000000	444.000000	1.000000	185.000000	127.000000	1.000000	755.000000	1454.000000	1122.000000
1.000000	1.000000	420.000000	746.000000	859.000000	82.000000	1.000000	1070.000000	448.000000	1.000000	728.000000	1423.000000	1.000000	1.000000	1.000000	906.000000	1068.000000	1.000000	500.000000	1137.000000	349.000000
1.000000	1.000000	161.000000	613.000000	909.000000	469.000000	1.000000	777.000000	204.000000	1.000000	237.000000	1.000000	1.000000	1.000000	1.000000	1873.000000	1365.000000	1.000000	157.000000	1.000000	585.000000
1.000000	256.000000	362.000000	423.000000	1221.000000	308.000000	1.000000	363.000000	1.000000	1.000000	1.000000	1.000000	1.000000	1.000000	1.000000	1539.000000	642.000000	163.000000	1.000000	153.000000	697.000000
1.000000	694.000000	1273.000000	285.000000	846.000000	1.000000	1.000000	437.000000	421.000000	1.000000	1.000000	1.000000	1.000000	1.000000	1.000000	1.000000	131.000000	144.000000	1.000000	250.000000	1260.000000
1.000000	665.000000	1470.000000	396.000000	1327.000000	301.000000	1.000000	437.000000	421.000000	1.000000	1.000000	1.000000	1.000000	1.000000	475.000000	287.000000	1.000000	829.000000	173.000000	529.000000	1387.000000
1.000000	315.000000	1169.000000	428.000000	2441.000000	301.000000	1.000000	465.000000	372.000000	1.000000	1.000000	505.000000	1.000000	403.000000	477.000000	289.000000	951.000000	1884.000000	173.000000	502.000000	1028.000000
1.000000	275.000000	962.000000	561.000000	1420.000000	1.000000	1.000000	467.000000	372.000000	1.000000	1.000000	1.000000	1.000000	939.000000	1.000000	1.000000	947.000000	1586.000000	174.000000	177.000000	903.000000
1.000000	1.000000	486.000000	762.000000	574.000000	236.000000	1.000000	141.000000	1297.000000	1.000000	1.000000	1.000000	1.000000	1.000000	1.000000	1.000000	747.000000	1750.000000	415.000000	490.000000	898.000000
416.000000	199.000000	821.000000	1609.000000	145.000000	237.000000	1.000000	163.000000	2214.000000	329.000000	1.000000	1.000000	1.000000	1.000000	1.000000	1.000000	1426.000000	1841.000000	1.000000	735.000000	1010.000000
1642.000000	199.000000	846.000000	1787.000000	406.000000	1.000000	1.000000	1.000000	2056.000000	135.000000	1.000000	133.000000	1.000000	1.000000	1.000000	282.000000	2523.000000	910.000000	1.000000	429.000000	783.000000
1413.000000	664.000000	447.000000	1512.000000	693.000000	1.000000	468.000000	1.000000	1090.000000	1.000000	1.000000	1.000000	1.000000	1.000000	763.000000	1088.000000	1668.000000	132.000000	1.000000	743.000000	155.000000
1524.000000	645.000000	1.000000	1493.000000	192.000000	147.000000	403.000000	1.000000	1.000000	1.000000	1.000000	153.000000	1.000000	1.000000	973.000000	428.000000	123.000000	1.000000	1.000000	589.000000	1.000000
501.000000	1.000000	1.000000	513.000000	1.000000	1.000000	281.000000	1.000000	1.000000	1.000000	1.000000	219.000000	1.000000	1.000000	1.000000	1.000000	1.000000	1.000000	1.000000	1.000000	1.000000
