21 25 0
1.000000	1.000000	1.000000	1.000000	1.000000	235.000000	480.000000	631.000000	1600.000000	2011.000000	1931.000000	1836.000000	1291.000000	1060.000000	619.000000	739.000000	659.000000	489.000000	390.000000	1.000000	1.000000
1.000000	1.000000	1.000000	1.000000	192.000000	715.000000	922.000000	1107.000000	1045.000000	1650.000000	1747.000000	1624.000000	1207.000000	1479.000000	1345.000000	1570.000000	1464.000000	1496.000000	1222.000000	149.000000	1.000000
289.000000	706.000000	764.000000	869.000000	1207.000000	736.000000	1110.000000	770.000000	475.000000	749.000000	670.000000	618.000000	831.000000	1248.000000	1293.000000	1633.000000	1011.000000	1114.000000	1487.000000	1018.000000	1.000000
373.000000	1026.000000	1590.000000	2136.000000	1847.000000	1469.000000	1277.000000	1217.000000	776.000000	81.000000	1.000000	161.000000	386.000000	753.000000	844.000000	657.000000	508.000000	659.000000	213.000000	652.000000	430.000000
1.000000	1.000000	820.000000	1148.000000	1450.000000	1926.000000	1585.000000	1642.000000	1211.000000	558.000000	896.000000	1266.000000	1944.000000	2192.000000	1717.000000	925.000000	591.000000	127.000000	1.000000	1.000000	1.000000
1.000000	1.000000	212.000000	311.000000	733.000000	1425.000000	1724.000000	1217.000000	752.000000	756.000000	310.000000	309.000000	589.000000	830.000000	771.000000	475.000000	433.000000	623.000000	165.000000	247.000000	877.000000
427.000000	1.000000	1.000000	1.000000	1.000000	373.000000	1.000000	1.000000	1.000000	1.000000	1.000000	1.000000	1.000000	1.000000	1.000000	1.000000	1.000000	1.000000	1.000000	1.000000	1.000000
1.000000	1.000000	1.000000	1.000000	1.000000	1.000000	1.000000	1.000000	1.000000	485.000000	440.000000	439.000000	1684.000000	1806.000000	608.000000	262.000000	1.000000	1.000000	1.000000	1.000000	1.000000
1.000000	1.000000	676.000000	1243.000000	1544.000000	2152.000000	2679.000000	2721.000000	2077.000000	1661.000000	2206.000000	2157.000000	2546.000000	2289.000000	3376.000000	3166.000000	2137.000000	1141.000000	943.000000	439.000000	1.000000
269.000000	1.000000	1916.000000	2367.000000	2840.000000	3664.000000	3239.000000	2489.000000	1809.000000	1117.000000	738.000000	857.000000	1479.000000	1372.000000	1557.000000	2059.000000	2898.000000	2049.000000	1426.000000	263.000000	1.000000
1.000000	1.000000	1.000000	941.000000	1353.000000	1329.000000	1643.000000	1628.000000	1070.000000	365.000000	444.000000	625.000000	255.000000	1269.000000	1329.000000	981.000000	471.000000	291.000000	247.000000	1.000000	1.000000
1.000000	1.000000	1.000000	1.000000	1.000000	1.000000	371.000000	390.000000	203.000000	321.000000	1239.000000	1051.000000	383.000000	1.000000	504.000000	436.000000	1.000000	1.000000	1.000000	1.000000	1.000000
213.000000	1.000000	1.000000	1.000000	1.000000	1.000000	1.000000	1.000000	1.000000	1.000000	1.000000	1.000000	1.000000	1.000000	1.000000	1.000000	1.000000	1.000000	1.000000	504.000000	653.000000
1.000000	189.000000	541.000000	189.000000	1.000000	1.000000	289.000000	578.000000	747.000000	724.000000	346.000000	393.000000	879.000000	658.000000	525.000000	343.000000	77.000000	1.000000	359.000000	1330.000000	617.000000
1.000000	1.000000	1.000000	143.000000	139.000000	173.000000	810.000000	1470.000000	3537.000000	3810.000000	3234.000000	3091.000000	2646.000000	1006.000000	299.000000	317.000000	343.000000	508.000000	497.000000	1.000000	1.000000
1.000000	1.000000	1.000000	231.000000	229.000000	1.000000	1.000000	1.000000	1.000000	1291.000000	1617.000000	939.000000	810.000000	1.000000	1.000000	405.000000	91.000000	177.000000	164.000000	158.000000	1.000000
255.000000	82.000000	1.000000	427.000000	459.000000	1116.000000	1476.000000	1563.000000	433.000000	1.000000	1.000000	1.000000	248.000000	575.000000	1642.000000	891.000000	372.000000	177.000000	167.000000	149.000000	149.000000
307.000000	1.000000	1.000000	1.000000	181.000000	792.000000	1354.000000	2875.000000	2233.000000	491.000000	490.000000	681.000000	847.000000	2527.000000	2117.000000	1437.000000	978.000000	507.000000	491.000000	189.000000	565.000000
137.000000	487.000000	85.000000	205.000000	205.000000	1.000000	1.000000	269.000000	1667.000000	2533.000000	2186.000000	2750.000000	1881.000000	855.000000	1.000000	1.000000	1.000000	364.000000	563.000000	318.000000	561.000000
141.000000	475.000000	1.000000	113.000000	379.000000	411.000000	1.000000	1.000000	751.000000	2032.000000	1997.000000	1201.000000	1404.000000	642.000000	1.000000	1.000000	1.000000	1.000000	155.000000	504.000000	682.000000
1.000000	1.000000	457.000000	978.000000	1054.000000	486.000000	1.000000	429.000000	1.000000	1.000000	1.000000	1.000000	1.000000	1.000000	398.000000	397.000000	523.000000	599.000000	999.000000	423.000000	1.000000
1.000000	1.000000	1.000000	205.000000	263.000000	748.000000	1064.000000	1.000000	420.000000	209.000000	1.000000	267.000000	1.000000	203.000000	814.000000	1065.000000	887.000000	864.000000	280.000000	191.000000	1.000000
1.000000	1.000000	1.000000	1.000000	1.000000	1.000000	1.000000	1.000000	1.000000	1.000000	1.000000	1.000000	1.000000	1.000000	1.000000	1.000000	1.000000	1.000000	1.000000	1.000000	1.000000
1.000000	1.000000	1.000000	1.000000	1.000000	1.000000	1.000000	1.000000	1.000000	1.000000	1.000000	1.000000	1.000000	1.000000	1.000000	1.000000	1.000000	1.000000	1.000000	1.000000	1.000000
1.000000	1.000000	1.000000	1.000000	1.000000	1.000000	1.000000	1.000000	1.000000	1.000000	1.000000	1.000000	1.000000	1.000000	1.000000	1.000000	1.000000	1.000000	1.000000	1.000000	1.000000
