21 25 0
275.000000	875.000000	1273.000000	1549.000000	1430.000000	1023.000000	861.000000	307.000000	1.000000	1.000000	1.000000	205.000000	412.000000	714.000000	951.000000	598.000000	177.000000	770.000000	1127.000000	1012.000000	788.000000
463.000000	588.000000	1408.000000	993.000000	933.000000	736.000000	379.000000	315.000000	152.000000	1.000000	1.000000	1.000000	591.000000	657.000000	512.000000	1.000000	1.000000	279.000000	179.000000	179.000000	554.000000
1.000000	1.000000	1.000000	331.000000	619.000000	563.000000	478.000000	705.000000	843.000000	793.000000	789.000000	607.000000	920.000000	701.000000	507.000000	334.000000	1.000000	1.000000	235.000000	1.000000	1.000000
1.000000	1.000000	1.000000	1.000000	1.000000	265.000000	532.000000	504.000000	360.000000	426.000000	753.000000	615.000000	643.000000	194.000000	324.000000	795.000000	773.000000	194.000000	1.000000	1.000000	336.000000
1.000000	1.000000	155.000000	317.000000	159.000000	1.000000	1.000000	1.000000	1.000000	1.000000	1.000000	73.000000	1.000000	1.000000	207.000000	1.000000	1.000000	1.000000	1.000000	1.000000	1.000000
1.000000	1.000000	1.000000	153.000000	1.000000	334.000000	467.000000	575.000000	178.000000	1.000000	589.000000	1070.000000	1760.000000	1985.000000	1531.000000	702.000000	247.000000	207.000000	1.000000	1.000000	1.000000
1.000000	1.000000	489.000000	1028.000000	1546.000000	2471.000000	3047.000000	3198.000000	2621.000000	1705.000000	1643.000000	2532.000000	2887.000000	3430.000000	3502.000000	3330.000000	2615.000000	1273.000000	1174.000000	247.000000	1.000000
1.000000	1.000000	1011.000000	1438.000000	2869.000000	3479.000000	2783.000000	2525.000000	2073.000000	1254.000000	197.000000	644.000000	898.000000	897.000000	879.000000	2099.000000	2220.000000	1693.000000	1116.000000	623.000000	1.000000
1.000000	291.000000	592.000000	1105.000000	812.000000	700.000000	377.000000	1.000000	1.000000	1.000000	1.000000	1.000000	1.000000	1.000000	1.000000	1.000000	1.000000	1.000000	1.000000	1.000000	1.000000
1.000000	1.000000	1.000000	1.000000	1.000000	1.000000	1.000000	1.000000	1.000000	485.000000	1.000000	252.000000	1.000000	1.000000	1.000000	1.000000	1.000000	1.000000	231.000000	194.000000	355.000000
1.000000	651.000000	543.000000	911.000000	822.000000	389.000000	1.000000	1.000000	1.000000	1.000000	485.000000	478.000000	369.000000	1.000000	75.000000	360.000000	509.000000	591.000000	1315.000000	949.000000	869.000000
235.000000	381.000000	1081.000000	2103.000000	2076.000000	733.000000	968.000000	531.000000	1.000000	301.000000	301.000000	394.000000	669.000000	1260.000000	741.000000	558.000000	1178.000000	1911.000000	1604.000000	748.000000	668.000000
235.000000	1.000000	1.000000	757.000000	1130.000000	588.000000	1163.000000	1597.000000	3226.000000	3044.000000	3009.000000	2973.000000	2567.000000	2159.000000	1584.000000	645.000000	1029.000000	1501.000000	1.000000	1.000000	1.000000
1.000000	1.000000	1.000000	1.000000	159.000000	348.000000	388.000000	1.000000	523.000000	2227.000000	2227.000000	1277.000000	1065.000000	405.000000	1.000000	87.000000	590.000000	193.000000	1.000000	1.000000	1.000000
295.000000	1.000000	1.000000	417.000000	793.000000	1126.000000	790.000000	1.000000	1.000000	1.000000	1.000000	1.000000	1.000000	1.000000	758.000000	754.000000	200.000000	179.000000	1.000000	1.000000	1.000000
1.000000	235.000000	235.000000	1.000000	1.000000	1003.000000	2922.000000	3522.000000	2236.000000	1594.000000	1295.000000	1367.000000	1889.000000	2307.000000	2594.000000	1688.000000	473.000000	1.000000	1.000000	94.000000	1.000000
1.000000	1.000000	249.000000	1.000000	1.000000	1.000000	395.000000	541.000000	1810.000000	2659.000000	2364.000000	2215.000000	704.000000	358.000000	169.000000	1.000000	1.000000	1.000000	1.000000	487.000000	235.000000
1.000000	1.000000	645.000000	565.000000	469.000000	243.000000	1.000000	1.000000	1.000000	715.000000	1024.000000	778.000000	1.000000	1.000000	1.000000	407.000000	329.000000	1.000000	1.000000	173.000000	1.000000
1.000000	1.000000	1.000000	686.000000	1339.000000	1612.000000	1269.000000	1687.000000	433.000000	1.000000	1.000000	1.000000	1.000000	179.000000	841.000000	621.000000	383.000000	769.000000	416.000000	1.000000	1.000000
1.000000	1.000000	1.000000	201.000000	393.000000	970.000000	982.000000	974.000000	229.000000	1.000000	1.000000	1.000000	1.000000	1.000000	1028.000000	1275.000000	1357.000000	1272.000000	417.000000	271.000000	436.000000
1.000000	1.000000	1.000000	1.000000	205.000000	189.000000	404.000000	1279.000000	2742.000000	3312.000000	3317.000000	3127.000000	2987.000000	2387.000000	1884.000000	882.000000	302.000000	907.000000	788.000000	463.000000	469.000000
1.000000	1.000000	1.000000	1.000000	1.000000	1.000000	1.000000	1.000000	1.000000	931.000000	1.000000	419.000000	509.000000	638.000000	1.000000	1.000000	1.000000	1.000000	169.000000	345.000000	1.000000
1.000000	1.000000	1.000000	1.000000	1.000000	1.000000	1.000000	1.000000	1.000000	1.000000	1.000000	1.000000	1.000000	1.000000	1.000000	1.000000	1.000000	1.000000	1.000000	1.000000	1.000000
1.000000	1.000000	1.000000	1.000000	1.000000	1.000000	1.000000	1.000000	1.000000	1.000000	1.000000	1.000000	1.000000	1.000000	1.000000	1.000000	1.000000	1.000000	1.000000	1.000000	1.000000
1.000000	1.000000	1.000000	1.000000	1.000000	1.000000	1.000000	1.000000	1.000000	1.000000	1.000000	1.000000	1.000000	1.000000	1.000000	1.000000	1.000000	1.000000	1.000000	1.000000	1.000000
