21 25 0
1.000000	1.000000	1.000000	266.000000	1.000000	600.000000	1.000000	1.000000	982.000000	1950.000000	1414.000000	923.000000	931.000000	1025.000000	834.000000	588.000000	762.000000	325.000000	1.000000	1.000000	1.000000
1.000000	160.000000	181.000000	399.000000	1.000000	1.000000	341.000000	1.000000	1.000000	1167.000000	1313.000000	922.000000	959.000000	1091.000000	1059.000000	714.000000	1201.000000	1628.000000	925.000000	238.000000	1.000000
1.000000	1349.000000	980.000000	444.000000	1.000000	1.000000	495.000000	1.000000	1.000000	1.000000	351.000000	557.000000	1019.000000	763.000000	654.000000	485.000000	749.000000	1067.000000	1683.000000	656.000000	309.000000
1.000000	295.000000	1592.000000	1027.000000	273.000000	509.000000	663.000000	592.000000	206.000000	1.000000	299.000000	1.000000	179.000000	454.000000	1.000000	433.000000	877.000000	779.000000	999.000000	1550.000000	410.000000
1.000000	198.000000	1.000000	925.000000	682.000000	677.000000	737.000000	858.000000	1047.000000	350.000000	1.000000	307.000000	1.000000	358.000000	540.000000	1.000000	805.000000	685.000000	355.000000	1614.000000	676.000000
1.000000	190.000000	1.000000	1.000000	147.000000	681.000000	228.000000	1.000000	1.000000	150.000000	1.000000	1.000000	1.000000	1.000000	1.000000	1.000000	639.000000	861.000000	379.000000	1058.000000	2051.000000
1.000000	238.000000	1.000000	1.000000	1.000000	1.000000	1.000000	1.000000	1.000000	1.000000	436.000000	570.000000	1.000000	1.000000	1.000000	1.000000	1.000000	1.000000	959.000000	1.000000	1795.000000
1.000000	211.000000	1.000000	389.000000	1.000000	1.000000	1.000000	501.000000	1.000000	1.000000	1250.000000	1610.000000	619.000000	651.000000	1.000000	1.000000	1.000000	1.000000	1.000000	1.000000	654.000000
1.000000	1.000000	695.000000	621.000000	1246.000000	1359.000000	535.000000	413.000000	747.000000	1.000000	769.000000	3055.000000	704.000000	959.000000	2105.000000	1912.000000	438.000000	207.000000	1.000000	1.000000	325.000000
1.000000	1.000000	1444.000000	1833.000000	2762.000000	2201.000000	1613.000000	1615.000000	673.000000	1.000000	1.000000	1979.000000	1180.000000	1303.000000	1.000000	605.000000	1821.000000	1514.000000	338.000000	1.000000	1.000000
1.000000	1.000000	1.000000	283.000000	1535.000000	917.000000	876.000000	1395.000000	652.000000	1.000000	165.000000	655.000000	530.000000	779.000000	1012.000000	1.000000	1.000000	285.000000	239.000000	1.000000	1.000000
275.000000	158.000000	1.000000	1.000000	1.000000	1.000000	1.000000	1.000000	203.000000	1.000000	751.000000	838.000000	383.000000	1.000000	479.000000	181.000000	1.000000	283.000000	1.000000	183.000000	1.000000
1.000000	162.000000	1.000000	1.000000	1.000000	1.000000	1.000000	355.000000	1.000000	1.000000	1.000000	1.000000	302.000000	1.000000	1.000000	172.000000	1.000000	241.000000	111.000000	820.000000	1.000000
1.000000	166.000000	187.000000	1.000000	1.000000	1.000000	657.000000	2303.000000	1576.000000	403.000000	1.000000	1.000000	1.000000	1.000000	1.000000	294.000000	174.000000	217.000000	1.000000	836.000000	566.000000
1.000000	162.000000	367.000000	380.000000	1.000000	1.000000	1.000000	794.000000	2940.000000	3704.000000	1176.000000	978.000000	441.000000	1.000000	310.000000	508.000000	903.000000	1.000000	145.000000	1.000000	432.000000
313.000000	1.000000	379.000000	957.000000	1.000000	1.000000	1.000000	1.000000	1.000000	1803.000000	1336.000000	822.000000	1.000000	441.000000	1.000000	1.000000	359.000000	110.000000	159.000000	78.000000	1.000000
387.000000	82.000000	167.000000	832.000000	997.000000	715.000000	1859.000000	1800.000000	1.000000	1.000000	1.000000	1.000000	1.000000	572.000000	438.000000	258.000000	1.000000	1.000000	1.000000	78.000000	1.000000
465.000000	244.000000	164.000000	189.000000	1.000000	851.000000	201.000000	1922.000000	2049.000000	371.000000	1.000000	229.000000	1.000000	1.000000	1344.000000	1336.000000	388.000000	400.000000	183.000000	502.000000	135.000000
1.000000	636.000000	692.000000	85.000000	432.000000	1.000000	1.000000	573.000000	1837.000000	1665.000000	1434.000000	1295.000000	440.000000	1.000000	1.000000	243.000000	1.000000	314.000000	579.000000	319.000000	427.000000
1.000000	335.000000	706.000000	535.000000	480.000000	398.000000	1.000000	1.000000	1.000000	203.000000	588.000000	1.000000	345.000000	1.000000	839.000000	1.000000	1.000000	333.000000	155.000000	696.000000	617.000000
1.000000	1.000000	754.000000	1166.000000	994.000000	476.000000	676.000000	429.000000	1.000000	1.000000	1.000000	1.000000	1.000000	1.000000	396.000000	892.000000	437.000000	179.000000	377.000000	224.000000	806.000000
231.000000	1.000000	211.000000	1080.000000	690.000000	489.000000	490.000000	789.000000	433.000000	1.000000	1.000000	1.000000	1.000000	1.000000	1.000000	396.000000	686.000000	1.000000	313.000000	311.000000	355.000000
1.000000	1.000000	1.000000	1.000000	1.000000	1.000000	1.000000	1.000000	1.000000	1.000000	1.000000	1.000000	1.000000	1.000000	1.000000	1.000000	1.000000	1.000000	1.000000	1.000000	1.000000
1.000000	1.000000	1.000000	1.000000	1.000000	1.000000	1.000000	1.000000	1.000000	1.000000	1.000000	1.000000	1.000000	1.000000	1.000000	1.000000	1.000000	1.000000	1.000000	1.000000	1.000000
1.000000	1.000000	1.000000	1.000000	1.000000	1.000000	1.000000	1.000000	1.000000	1.000000	1.000000	1.000000	1.000000	1.000000	1.000000	1.000000	1.000000	1.000000	1.000000	1.000000	1.000000
