21 25 0
249.000000	513.000000	580.000000	869.000000	666.000000	924.000000	778.000000	307.000000	165.000000	268.000000	1.000000	1.000000	183.000000	415.000000	428.000000	153.000000	1.000000	215.000000	633.000000	491.000000	1.000000
127.000000	1.000000	673.000000	1207.000000	696.000000	1.000000	1.000000	412.000000	232.000000	443.000000	1.000000	1.000000	1.000000	195.000000	1.000000	1.000000	1.000000	1.000000	408.000000	1.000000	330.000000
1.000000	152.000000	1.000000	1.000000	506.000000	1.000000	1.000000	164.000000	364.000000	606.000000	354.000000	167.000000	544.000000	209.000000	1.000000	1.000000	1.000000	1.000000	1.000000	1.000000	311.000000
1.000000	160.000000	212.000000	507.000000	1.000000	418.000000	321.000000	524.000000	380.000000	194.000000	702.000000	363.000000	1.000000	1.000000	1.000000	1.000000	1.000000	1.000000	1.000000	1.000000	153.000000
1.000000	1.000000	1.000000	654.000000	155.000000	1.000000	1.000000	1.000000	1.000000	1.000000	165.000000	1.000000	1.000000	1.000000	1.000000	1.000000	1.000000	1.000000	1.000000	1.000000	1.000000
1.000000	153.000000	966.000000	1.000000	1.000000	1.000000	511.000000	343.000000	156.000000	1.000000	1.000000	237.000000	338.000000	968.000000	682.000000	1.000000	479.000000	1.000000	475.000000	161.000000	217.000000
1.000000	1.000000	745.000000	198.000000	1272.000000	1517.000000	2700.000000	2629.000000	2047.000000	567.000000	646.000000	1942.000000	2028.000000	1970.000000	2329.000000	1385.000000	1804.000000	862.000000	1.000000	1.000000	353.000000
1.000000	307.000000	1215.000000	1135.000000	1906.000000	3027.000000	2127.000000	1318.000000	730.000000	266.000000	1.000000	1039.000000	831.000000	1318.000000	835.000000	1.000000	271.000000	441.000000	1.000000	1.000000	279.000000
1.000000	725.000000	1383.000000	1038.000000	298.000000	297.000000	1.000000	1.000000	1.000000	1.000000	1.000000	1.000000	1.000000	1.000000	1.000000	1.000000	1.000000	1.000000	1.000000	1.000000	834.000000
1.000000	1.000000	1.000000	189.000000	1.000000	1.000000	1.000000	1.000000	1.000000	1.000000	901.000000	233.000000	1.000000	1.000000	1.000000	1.000000	1.000000	269.000000	1.000000	649.000000	672.000000
162.000000	1.000000	1.000000	183.000000	1.000000	1.000000	1.000000	1.000000	1.000000	1.000000	464.000000	772.000000	1.000000	1.000000	1.000000	150.000000	237.000000	517.000000	1397.000000	1260.000000	721.000000
400.000000	1.000000	1.000000	1.000000	1.000000	308.000000	312.000000	231.000000	235.000000	1.000000	998.000000	811.000000	381.000000	377.000000	1.000000	152.000000	588.000000	1681.000000	1557.000000	1155.000000	247.000000
235.000000	1.000000	1.000000	1.000000	1.000000	139.000000	445.000000	701.000000	1087.000000	1549.000000	2245.000000	2424.000000	1437.000000	1.000000	129.000000	303.000000	1384.000000	1793.000000	580.000000	189.000000	1.000000
1.000000	1.000000	1.000000	1.000000	1.000000	1.000000	480.000000	151.000000	799.000000	1.000000	1447.000000	945.000000	442.000000	1.000000	1.000000	819.000000	1472.000000	482.000000	191.000000	1.000000	1.000000
1.000000	1.000000	1.000000	360.000000	1.000000	190.000000	1.000000	370.000000	1.000000	1.000000	1.000000	1.000000	1.000000	237.000000	1273.000000	1465.000000	639.000000	363.000000	1.000000	174.000000	422.000000
1.000000	167.000000	1.000000	1.000000	1.000000	1.000000	552.000000	179.000000	453.000000	1.000000	1.000000	403.000000	1110.000000	2044.000000	1834.000000	784.000000	207.000000	159.000000	163.000000	621.000000	703.000000
1.000000	1.000000	1.000000	1.000000	1.000000	333.000000	297.000000	1.000000	1.000000	1.000000	582.000000	1544.000000	963.000000	1.000000	1.000000	1.000000	303.000000	147.000000	387.000000	662.000000	458.000000
1.000000	1.000000	1.000000	1.000000	197.000000	1.000000	1.000000	1.000000	1.000000	367.000000	310.000000	1.000000	1.000000	1.000000	1.000000	329.000000	443.000000	390.000000	416.000000	880.000000	215.000000
1.000000	164.000000	1.000000	210.000000	517.000000	1.000000	1.000000	1.000000	1.000000	1.000000	1.000000	1.000000	1.000000	1.000000	339.000000	513.000000	398.000000	419.000000	836.000000	308.000000	1.000000
233.000000	162.000000	1.000000	1.000000	251.000000	1.000000	1.000000	1.000000	1.000000	1.000000	1.000000	1.000000	1.000000	606.000000	1499.000000	1388.000000	1104.000000	824.000000	319.000000	1.000000	1.000000
227.000000	141.000000	333.000000	155.000000	205.000000	229.000000	1.000000	1.000000	166.000000	2067.000000	2462.000000	2555.000000	2082.000000	2417.000000	1960.000000	886.000000	950.000000	225.000000	713.000000	527.000000	510.000000
1.000000	479.000000	156.000000	254.000000	371.000000	189.000000	1.000000	1.000000	820.000000	473.000000	184.000000	1.000000	396.000000	1.000000	185.000000	195.000000	1.000000	155.000000	371.000000	421.000000	1131.000000
1.000000	1.000000	1.000000	1.000000	1.000000	1.000000	1.000000	1.000000	1.000000	1.000000	1.000000	1.000000	1.000000	1.000000	1.000000	1.000000	1.000000	1.000000	1.000000	1.000000	1.000000
1.000000	1.000000	1.000000	1.000000	1.000000	1.000000	1.000000	1.000000	1.000000	1.000000	1.000000	1.000000	1.000000	1.000000	1.000000	1.000000	1.000000	1.000000	1.000000	1.000000	1.000000
1.000000	1.000000	1.000000	1.000000	1.000000	1.000000	1.000000	1.000000	1.000000	1.000000	1.000000	1.000000	1.000000	1.000000	1.000000	1.000000	1.000000	1.000000	1.000000	1.000000	1.000000
