21 25 0
1.000000	1.000000	1.000000	1.000000	1.000000	447.000000	331.000000	827.000000	1452.000000	1387.000000	555.000000	891.000000	1063.000000	231.000000	1.000000	1.000000	1.000000	1.000000	1.000000	1.000000	1.000000
1.000000	1.000000	1.000000	1.000000	528.000000	799.000000	881.000000	1353.000000	1295.000000	1339.000000	677.000000	357.000000	1.000000	363.000000	676.000000	742.000000	1.000000	1.000000	248.000000	742.000000	336.000000
289.000000	1.000000	275.000000	1081.000000	1204.000000	1013.000000	1004.000000	729.000000	981.000000	862.000000	599.000000	304.000000	1.000000	167.000000	1091.000000	1128.000000	261.000000	1.000000	191.000000	151.000000	167.000000
375.000000	1025.000000	616.000000	1604.000000	1328.000000	1313.000000	797.000000	862.000000	700.000000	248.000000	1.000000	1.000000	1.000000	174.000000	414.000000	508.000000	1.000000	431.000000	239.000000	1.000000	1.000000
383.000000	1218.000000	503.000000	837.000000	1377.000000	1117.000000	217.000000	392.000000	1.000000	191.000000	397.000000	428.000000	507.000000	277.000000	149.000000	97.000000	1.000000	1.000000	239.000000	202.000000	1.000000
784.000000	1116.000000	1.000000	344.000000	1449.000000	745.000000	369.000000	153.000000	1.000000	1.000000	1.000000	73.000000	146.000000	462.000000	1.000000	1.000000	1.000000	1.000000	1.000000	188.000000	1.000000
1840.000000	1.000000	1.000000	1.000000	1.000000	1.000000	1.000000	1.000000	1.000000	1.000000	1.000000	1.000000	1.000000	1.000000	1.000000	1.000000	1.000000	1.000000	1.000000	470.000000	511.000000
1361.000000	1.000000	1.000000	1.000000	1.000000	1.000000	1.000000	1.000000	1.000000	1651.000000	410.000000	1.000000	1.000000	1.000000	1.000000	1.000000	1.000000	1.000000	214.000000	511.000000	413.000000
865.000000	1.000000	322.000000	434.000000	1.000000	1.000000	1596.000000	554.000000	1195.000000	2853.000000	853.000000	1.000000	852.000000	1099.000000	402.000000	668.000000	1034.000000	1512.000000	1434.000000	756.000000	1.000000
1.000000	1.000000	435.000000	669.000000	2320.000000	2736.000000	1506.000000	1460.000000	1837.000000	1698.000000	414.000000	1.000000	390.000000	601.000000	720.000000	1503.000000	2108.000000	1735.000000	865.000000	249.000000	1.000000
1.000000	1.000000	1.000000	951.000000	193.000000	242.000000	551.000000	652.000000	591.000000	825.000000	1.000000	1.000000	699.000000	523.000000	888.000000	669.000000	811.000000	215.000000	1.000000	1.000000	1.000000
1.000000	1.000000	1.000000	270.000000	412.000000	1.000000	1.000000	1.000000	1.000000	1.000000	1.000000	1.000000	1.000000	213.000000	271.000000	1.000000	1.000000	1.000000	1.000000	1.000000	137.000000
1.000000	85.000000	167.000000	263.000000	767.000000	1.000000	1.000000	1.000000	1.000000	1.000000	1.000000	1.000000	1.000000	103.000000	461.000000	1.000000	1.000000	1.000000	1.000000	350.000000	338.000000
1.000000	505.000000	187.000000	1.000000	510.000000	1.000000	1.000000	1.000000	1.000000	1.000000	1.000000	1.000000	1134.000000	1987.000000	1.000000	1.000000	1.000000	1.000000	712.000000	950.000000	268.000000
177.000000	367.000000	379.000000	1.000000	320.000000	135.000000	467.000000	254.000000	1007.000000	898.000000	1875.000000	2053.000000	2126.000000	1291.000000	1.000000	1.000000	1.000000	342.000000	891.000000	327.000000	149.000000
178.000000	555.000000	157.000000	197.000000	440.000000	1.000000	1.000000	1.000000	1.000000	1.000000	507.000000	734.000000	1.000000	1.000000	1.000000	413.000000	1.000000	535.000000	778.000000	1.000000	157.000000
223.000000	171.000000	1.000000	243.000000	213.000000	1.000000	1.000000	1.000000	1.000000	1.000000	1.000000	1.000000	1.000000	259.000000	1527.000000	258.000000	349.000000	457.000000	455.000000	163.000000	348.000000
157.000000	1.000000	1.000000	1.000000	1.000000	1.000000	1078.000000	1063.000000	1.000000	1.000000	1.000000	1.000000	985.000000	2276.000000	901.000000	1.000000	1.000000	639.000000	349.000000	183.000000	475.000000
157.000000	137.000000	1.000000	1.000000	1.000000	1.000000	163.000000	1.000000	1.000000	787.000000	2556.000000	1777.000000	1647.000000	1106.000000	1.000000	1.000000	1.000000	359.000000	1.000000	279.000000	870.000000
145.000000	448.000000	1.000000	186.000000	179.000000	1.000000	1.000000	1.000000	479.000000	264.000000	1.000000	1.000000	1.000000	1.000000	1.000000	1.000000	329.000000	179.000000	278.000000	468.000000	390.000000
1063.000000	1.000000	186.000000	832.000000	223.000000	578.000000	1.000000	221.000000	373.000000	1.000000	1.000000	1.000000	1.000000	1.000000	193.000000	1.000000	586.000000	738.000000	829.000000	644.000000	1.000000
213.000000	540.000000	455.000000	412.000000	596.000000	159.000000	181.000000	1.000000	1.000000	1.000000	1.000000	1.000000	184.000000	550.000000	507.000000	812.000000	756.000000	730.000000	481.000000	282.000000	1.000000
1.000000	1.000000	1.000000	1.000000	1.000000	1.000000	1.000000	1.000000	1.000000	1.000000	1.000000	1.000000	1.000000	1.000000	1.000000	1.000000	1.000000	1.000000	1.000000	1.000000	1.000000
1.000000	1.000000	1.000000	1.000000	1.000000	1.000000	1.000000	1.000000	1.000000	1.000000	1.000000	1.000000	1.000000	1.000000	1.000000	1.000000	1.000000	1.000000	1.000000	1.000000	1.000000
1.000000	1.000000	1.000000	1.000000	1.000000	1.000000	1.000000	1.000000	1.000000	1.000000	1.000000	1.000000	1.000000	1.000000	1.000000	1.000000	1.000000	1.000000	1.000000	1.000000	1.000000
