21 25 0
163.000000	400.000000	1.000000	172.000000	221.000000	325.000000	299.000000	1.000000	221.000000	324.000000	575.000000	810.000000	548.000000	1.000000	1.000000	744.000000	203.000000	1.000000	187.000000	432.000000	600.000000
1.000000	1.000000	1.000000	269.000000	1294.000000	1966.000000	376.000000	515.000000	590.000000	603.000000	1.000000	267.000000	639.000000	1.000000	199.000000	1321.000000	1.000000	1.000000	1.000000	215.000000	960.000000
421.000000	1.000000	1.000000	653.000000	1335.000000	1753.000000	524.000000	446.000000	1074.000000	621.000000	1.000000	1.000000	1.000000	1.000000	199.000000	1286.000000	1.000000	327.000000	366.000000	151.000000	688.000000
954.000000	715.000000	1.000000	839.000000	718.000000	1552.000000	149.000000	1.000000	323.000000	903.000000	408.000000	85.000000	1.000000	183.000000	167.000000	907.000000	205.000000	401.000000	183.000000	381.000000	434.000000
1616.000000	1247.000000	493.000000	852.000000	745.000000	705.000000	1.000000	1.000000	1.000000	1.000000	414.000000	1.000000	1.000000	1.000000	471.000000	147.000000	143.000000	471.000000	764.000000	1.000000	1.000000
1858.000000	1293.000000	494.000000	887.000000	999.000000	654.000000	1.000000	1.000000	1.000000	251.000000	1.000000	1.000000	1.000000	1.000000	469.000000	361.000000	435.000000	1.000000	1420.000000	449.000000	1.000000
1889.000000	941.000000	151.000000	558.000000	339.000000	201.000000	1.000000	1.000000	291.000000	534.000000	311.000000	1.000000	1.000000	1.000000	312.000000	361.000000	475.000000	423.000000	1417.000000	761.000000	485.000000
1749.000000	531.000000	1.000000	479.000000	1.000000	1.000000	435.000000	1.000000	935.000000	2904.000000	278.000000	1.000000	1.000000	1.000000	1.000000	361.000000	435.000000	775.000000	804.000000	1284.000000	764.000000
1475.000000	301.000000	189.000000	485.000000	1.000000	1.000000	476.000000	407.000000	936.000000	3678.000000	1086.000000	1.000000	169.000000	411.000000	1.000000	323.000000	183.000000	1492.000000	1389.000000	775.000000	798.000000
439.000000	607.000000	898.000000	967.000000	793.000000	215.000000	201.000000	407.000000	897.000000	2934.000000	765.000000	1.000000	850.000000	73.000000	1.000000	363.000000	1.000000	383.000000	602.000000	1.000000	1.000000
271.000000	998.000000	322.000000	1093.000000	866.000000	318.000000	1.000000	1.000000	163.000000	1644.000000	702.000000	235.000000	1633.000000	591.000000	1.000000	159.000000	325.000000	1.000000	237.000000	171.000000	165.000000
273.000000	682.000000	805.000000	735.000000	1072.000000	414.000000	155.000000	1.000000	291.000000	1653.000000	1153.000000	235.000000	1685.000000	1845.000000	431.000000	1.000000	1.000000	1.000000	223.000000	375.000000	421.000000
1.000000	595.000000	394.000000	1309.000000	1231.000000	351.000000	156.000000	1.000000	461.000000	1814.000000	1022.000000	1.000000	1568.000000	2224.000000	640.000000	1.000000	1.000000	1.000000	164.000000	239.000000	379.000000
169.000000	771.000000	180.000000	527.000000	1369.000000	740.000000	386.000000	1.000000	1.000000	1017.000000	237.000000	1.000000	1465.000000	2750.000000	1062.000000	1.000000	1.000000	1.000000	370.000000	185.000000	151.000000
381.000000	870.000000	219.000000	472.000000	1273.000000	823.000000	607.000000	1.000000	1.000000	1.000000	1.000000	1.000000	833.000000	1350.000000	810.000000	1.000000	1.000000	238.000000	1058.000000	149.000000	151.000000
375.000000	943.000000	431.000000	487.000000	691.000000	327.000000	1.000000	476.000000	459.000000	839.000000	468.000000	1.000000	1.000000	563.000000	740.000000	1.000000	1.000000	167.000000	1142.000000	1.000000	274.000000
1.000000	782.000000	387.000000	357.000000	542.000000	315.000000	1.000000	1176.000000	1.000000	840.000000	919.000000	1.000000	1.000000	1.000000	978.000000	1.000000	169.000000	167.000000	395.000000	151.000000	193.000000
1.000000	1.000000	257.000000	859.000000	455.000000	522.000000	268.000000	1.000000	1.000000	1.000000	373.000000	1.000000	1.000000	706.000000	201.000000	177.000000	1.000000	331.000000	1.000000	151.000000	480.000000
177.000000	1.000000	1.000000	615.000000	205.000000	1.000000	1231.000000	275.000000	1.000000	1.000000	1.000000	1.000000	1.000000	648.000000	1.000000	1.000000	201.000000	463.000000	159.000000	185.000000	875.000000
786.000000	925.000000	1.000000	450.000000	533.000000	163.000000	921.000000	1601.000000	1256.000000	1.000000	1.000000	1.000000	1.000000	164.000000	1.000000	1.000000	621.000000	624.000000	279.000000	593.000000	253.000000
780.000000	858.000000	783.000000	820.000000	751.000000	1.000000	852.000000	1872.000000	832.000000	371.000000	1.000000	1.000000	1.000000	398.000000	453.000000	1.000000	846.000000	1253.000000	870.000000	782.000000	285.000000
683.000000	560.000000	643.000000	487.000000	436.000000	605.000000	201.000000	1.000000	1.000000	1.000000	1.000000	1.000000	1.000000	296.000000	273.000000	155.000000	539.000000	888.000000	837.000000	772.000000	257.000000
1.000000	1.000000	1.000000	1.000000	1.000000	1.000000	1.000000	1.000000	1.000000	1.000000	1.000000	1.000000	1.000000	1.000000	1.000000	1.000000	1.000000	1.000000	1.000000	1.000000	1.000000
1.000000	1.000000	1.000000	1.000000	1.000000	1.000000	1.000000	1.000000	1.000000	1.000000	1.000000	1.000000	1.000000	1.000000	1.000000	1.000000	1.000000	1.000000	1.000000	1.000000	1.000000
1.000000	1.000000	1.000000	1.000000	1.000000	1.000000	1.000000	1.000000	1.000000	1.000000	1.000000	1.000000	1.000000	1.000000	1.000000	1.000000	1.000000	1.000000	1.000000	1.000000	1.000000
