21 25 0
1.000000	169.000000	1.000000	211.000000	303.000000	1.000000	832.000000	237.000000	368.000000	170.000000	669.000000	230.000000	219.000000	172.000000	500.000000	1.000000	484.000000	508.000000	1.000000	1.000000	1.000000
141.000000	1.000000	805.000000	297.000000	421.000000	1.000000	670.000000	491.000000	87.000000	287.000000	315.000000	407.000000	303.000000	433.000000	440.000000	263.000000	574.000000	1121.000000	911.000000	1.000000	330.000000
1.000000	232.000000	1392.000000	1125.000000	489.000000	1.000000	747.000000	720.000000	1.000000	483.000000	298.000000	651.000000	437.000000	493.000000	127.000000	435.000000	837.000000	1097.000000	1147.000000	714.000000	391.000000
1.000000	754.000000	1362.000000	1193.000000	243.000000	1.000000	526.000000	461.000000	181.000000	195.000000	737.000000	307.000000	1.000000	267.000000	1.000000	327.000000	720.000000	798.000000	631.000000	1702.000000	413.000000
1.000000	755.000000	828.000000	893.000000	496.000000	307.000000	663.000000	330.000000	175.000000	1.000000	167.000000	165.000000	1.000000	1.000000	1.000000	1.000000	666.000000	776.000000	441.000000	1703.000000	1122.000000
1.000000	375.000000	1071.000000	1.000000	498.000000	879.000000	1706.000000	648.000000	867.000000	147.000000	121.000000	1.000000	1.000000	1.000000	1.000000	1.000000	513.000000	651.000000	443.000000	1264.000000	1914.000000
1.000000	982.000000	1425.000000	1.000000	362.000000	843.000000	485.000000	449.000000	243.000000	1.000000	700.000000	1498.000000	1.000000	1.000000	431.000000	1.000000	503.000000	513.000000	963.000000	217.000000	1274.000000
1.000000	1239.000000	1483.000000	1.000000	741.000000	403.000000	373.000000	1.000000	1.000000	1.000000	991.000000	2823.000000	406.000000	1.000000	899.000000	1.000000	1.000000	236.000000	513.000000	1.000000	1093.000000
1.000000	601.000000	1569.000000	483.000000	877.000000	824.000000	1.000000	1.000000	1.000000	1.000000	901.000000	3556.000000	789.000000	1.000000	473.000000	442.000000	1.000000	181.000000	361.000000	1.000000	778.000000
1.000000	207.000000	547.000000	113.000000	900.000000	891.000000	683.000000	1.000000	200.000000	1.000000	1096.000000	2379.000000	462.000000	1.000000	1.000000	1.000000	197.000000	341.000000	439.000000	245.000000	409.000000
199.000000	1.000000	1.000000	814.000000	478.000000	795.000000	870.000000	686.000000	419.000000	1.000000	940.000000	1775.000000	843.000000	238.000000	918.000000	1.000000	239.000000	664.000000	906.000000	1263.000000	216.000000
592.000000	389.000000	1.000000	415.000000	156.000000	158.000000	860.000000	744.000000	249.000000	235.000000	1198.000000	1979.000000	951.000000	1.000000	504.000000	156.000000	241.000000	1157.000000	1393.000000	914.000000	1.000000
1.000000	349.000000	251.000000	353.000000	1.000000	157.000000	422.000000	959.000000	806.000000	192.000000	1948.000000	1977.000000	1190.000000	1.000000	497.000000	1083.000000	1032.000000	1169.000000	845.000000	871.000000	1.000000
1.000000	1.000000	1.000000	1.000000	1.000000	1.000000	250.000000	1299.000000	811.000000	507.000000	1738.000000	1700.000000	605.000000	1.000000	599.000000	1349.000000	1703.000000	619.000000	1.000000	417.000000	397.000000
219.000000	1.000000	381.000000	888.000000	1.000000	1.000000	1.000000	872.000000	669.000000	1005.000000	1.000000	1.000000	1.000000	1.000000	729.000000	1077.000000	1417.000000	487.000000	161.000000	515.000000	453.000000
409.000000	1.000000	616.000000	747.000000	1.000000	1.000000	1.000000	158.000000	1.000000	498.000000	1.000000	1.000000	680.000000	1.000000	82.000000	289.000000	1075.000000	286.000000	189.000000	394.000000	846.000000
379.000000	1.000000	484.000000	403.000000	585.000000	465.000000	1.000000	856.000000	1.000000	1.000000	368.000000	1.000000	1116.000000	1.000000	1.000000	1.000000	669.000000	246.000000	340.000000	805.000000	438.000000
1.000000	1.000000	285.000000	199.000000	403.000000	565.000000	1.000000	766.000000	1.000000	1.000000	1.000000	1.000000	1.000000	1.000000	1.000000	456.000000	253.000000	393.000000	555.000000	840.000000	1.000000
1.000000	323.000000	524.000000	1.000000	270.000000	1.000000	1.000000	1.000000	245.000000	1.000000	1.000000	1.000000	1.000000	1.000000	200.000000	759.000000	410.000000	576.000000	788.000000	417.000000	1.000000
177.000000	463.000000	785.000000	457.000000	339.000000	179.000000	1.000000	1.000000	1.000000	1.000000	1.000000	241.000000	347.000000	1018.000000	1844.000000	1780.000000	870.000000	521.000000	596.000000	670.000000	628.000000
385.000000	789.000000	781.000000	1119.000000	671.000000	203.000000	1.000000	1.000000	1.000000	1.000000	1.000000	1.000000	347.000000	1022.000000	1519.000000	1479.000000	776.000000	304.000000	575.000000	179.000000	1036.000000
373.000000	559.000000	555.000000	1125.000000	835.000000	498.000000	269.000000	281.000000	271.000000	1.000000	1.000000	1.000000	1.000000	1.000000	349.000000	593.000000	441.000000	1.000000	399.000000	401.000000	840.000000
1.000000	1.000000	1.000000	1.000000	1.000000	1.000000	1.000000	1.000000	1.000000	1.000000	1.000000	1.000000	1.000000	1.000000	1.000000	1.000000	1.000000	1.000000	1.000000	1.000000	1.000000
1.000000	1.000000	1.000000	1.000000	1.000000	1.000000	1.000000	1.000000	1.000000	1.000000	1.000000	1.000000	1.000000	1.000000	1.000000	1.000000	1.000000	1.000000	1.000000	1.000000	1.000000
1.000000	1.000000	1.000000	1.000000	1.000000	1.000000	1.000000	1.000000	1.000000	1.000000	1.000000	1.000000	1.000000	1.000000	1.000000	1.000000	1.000000	1.000000	1.000000	1.000000	1.000000
