21 25 0
261.000000	651.000000	699.000000	727.000000	417.000000	587.000000	581.000000	305.000000	1.000000	1.000000	313.000000	527.000000	427.000000	389.000000	614.000000	293.000000	317.000000	1.000000	771.000000	1026.000000	810.000000
1.000000	1.000000	410.000000	925.000000	1080.000000	835.000000	1.000000	241.000000	305.000000	1.000000	1.000000	1.000000	344.000000	1.000000	267.000000	1.000000	275.000000	157.000000	1.000000	137.000000	163.000000
1.000000	1.000000	1.000000	1.000000	728.000000	1014.000000	1.000000	1.000000	412.000000	444.000000	1.000000	1.000000	666.000000	573.000000	369.000000	322.000000	1.000000	1.000000	635.000000	1.000000	331.000000
297.000000	1.000000	1.000000	1.000000	1.000000	1.000000	161.000000	1.000000	1.000000	423.000000	287.000000	1.000000	1.000000	183.000000	151.000000	192.000000	325.000000	530.000000	1.000000	145.000000	413.000000
1527.000000	1.000000	1.000000	385.000000	1.000000	1.000000	1.000000	1.000000	1.000000	1.000000	149.000000	1.000000	1.000000	1.000000	1.000000	1.000000	1.000000	159.000000	382.000000	191.000000	1.000000
445.000000	195.000000	494.000000	538.000000	795.000000	457.000000	1.000000	1.000000	1.000000	1.000000	251.000000	751.000000	1681.000000	1260.000000	787.000000	267.000000	229.000000	207.000000	806.000000	1.000000	1.000000
948.000000	499.000000	488.000000	888.000000	866.000000	1555.000000	1536.000000	1017.000000	908.000000	188.000000	1.000000	1144.000000	1249.000000	2826.000000	2533.000000	2488.000000	2099.000000	537.000000	1264.000000	248.000000	1.000000
932.000000	469.000000	1.000000	435.000000	1189.000000	1250.000000	1218.000000	1415.000000	2497.000000	1884.000000	1.000000	341.000000	526.000000	504.000000	699.000000	2241.000000	2479.000000	2097.000000	1358.000000	804.000000	1.000000
277.000000	1.000000	1.000000	1.000000	1.000000	1.000000	239.000000	1.000000	757.000000	3072.000000	462.000000	1.000000	1.000000	1.000000	1.000000	1.000000	1.000000	409.000000	525.000000	171.000000	1.000000
783.000000	319.000000	349.000000	733.000000	784.000000	1.000000	1.000000	1.000000	1.000000	949.000000	416.000000	1.000000	206.000000	1.000000	1.000000	1.000000	1.000000	1.000000	1.000000	160.000000	189.000000
287.000000	1161.000000	801.000000	887.000000	995.000000	318.000000	1.000000	1.000000	1.000000	1.000000	173.000000	235.000000	1424.000000	96.000000	1.000000	187.000000	426.000000	1.000000	1.000000	1.000000	393.000000
165.000000	559.000000	1067.000000	1650.000000	801.000000	546.000000	1.000000	292.000000	1.000000	358.000000	525.000000	379.000000	1298.000000	1457.000000	1.000000	1.000000	363.000000	1.000000	1.000000	157.000000	355.000000
233.000000	1.000000	195.000000	1242.000000	1272.000000	589.000000	1.000000	1.000000	2185.000000	2544.000000	1190.000000	467.000000	778.000000	1554.000000	354.000000	1.000000	1.000000	1.000000	1.000000	165.000000	153.000000
423.000000	299.000000	1.000000	622.000000	1071.000000	558.000000	1.000000	1.000000	1.000000	1717.000000	999.000000	455.000000	183.000000	1503.000000	770.000000	1.000000	1.000000	1.000000	1.000000	1.000000	1.000000
383.000000	389.000000	1.000000	435.000000	872.000000	1150.000000	1202.000000	342.000000	1.000000	1.000000	1.000000	1.000000	1.000000	619.000000	1112.000000	271.000000	1.000000	1.000000	191.000000	1.000000	1.000000
223.000000	673.000000	453.000000	425.000000	99.000000	626.000000	1341.000000	3291.000000	2479.000000	870.000000	347.000000	1.000000	186.000000	1065.000000	1524.000000	732.000000	195.000000	1.000000	1.000000	1.000000	1.000000
1.000000	465.000000	863.000000	305.000000	214.000000	209.000000	1.000000	707.000000	2155.000000	2796.000000	1085.000000	429.000000	1.000000	200.000000	736.000000	88.000000	1.000000	1.000000	1.000000	1.000000	1.000000
1.000000	1.000000	768.000000	772.000000	514.000000	729.000000	467.000000	1.000000	1.000000	1.000000	597.000000	771.000000	1.000000	1.000000	1.000000	90.000000	1.000000	1.000000	1.000000	1.000000	1.000000
442.000000	1.000000	1.000000	783.000000	1249.000000	898.000000	1224.000000	711.000000	1.000000	1.000000	1.000000	1.000000	1.000000	1.000000	1.000000	315.000000	446.000000	1.000000	271.000000	1.000000	235.000000
472.000000	449.000000	1.000000	247.000000	485.000000	1064.000000	1668.000000	2150.000000	898.000000	1.000000	1.000000	1.000000	1.000000	1.000000	1.000000	1.000000	627.000000	516.000000	147.000000	335.000000	189.000000
1.000000	854.000000	445.000000	1.000000	163.000000	1.000000	647.000000	1612.000000	2673.000000	2807.000000	1850.000000	1976.000000	1397.000000	1041.000000	1.000000	1.000000	275.000000	859.000000	543.000000	199.000000	333.000000
339.000000	314.000000	385.000000	445.000000	1.000000	1.000000	1.000000	1.000000	1.000000	1.000000	1.000000	1.000000	1.000000	109.000000	1.000000	1.000000	1.000000	1.000000	165.000000	419.000000	165.000000
1.000000	1.000000	1.000000	1.000000	1.000000	1.000000	1.000000	1.000000	1.000000	1.000000	1.000000	1.000000	1.000000	1.000000	1.000000	1.000000	1.000000	1.000000	1.000000	1.000000	1.000000
1.000000	1.000000	1.000000	1.000000	1.000000	1.000000	1.000000	1.000000	1.000000	1.000000	1.000000	1.000000	1.000000	1.000000	1.000000	1.000000	1.000000	1.000000	1.000000	1.000000	1.000000
1.000000	1.000000	1.000000	1.000000	1.000000	1.000000	1.000000	1.000000	1.000000	1.000000	1.000000	1.000000	1.000000	1.000000	1.000000	1.000000	1.000000	1.000000	1.000000	1.000000	1.000000
