21 25 0
286.000000	1.000000	1.000000	1.000000	1.000000	1.000000	422.000000	1158.000000	289.000000	260.000000	1.000000	1.000000	80.000000	1.000000	160.000000	1.000000	1.000000	1.000000	1.000000	158.000000	336.000000
1.000000	203.000000	1.000000	1.000000	280.000000	849.000000	1826.000000	1408.000000	877.000000	148.000000	197.000000	683.000000	594.000000	255.000000	1.000000	1.000000	1.000000	1.000000	1.000000	463.000000	463.000000
148.000000	1.000000	1.000000	1.000000	192.000000	361.000000	171.000000	1.000000	1.000000	1.000000	220.000000	729.000000	387.000000	141.000000	1.000000	1.000000	1.000000	1.000000	1.000000	1.000000	1.000000
1.000000	1.000000	1.000000	1.000000	1.000000	1.000000	285.000000	1.000000	1.000000	1.000000	1.000000	258.000000	1.000000	317.000000	420.000000	472.000000	383.000000	244.000000	1.000000	1.000000	62.000000
122.000000	1.000000	1.000000	876.000000	2081.000000	2592.000000	2878.000000	2059.000000	1388.000000	846.000000	492.000000	236.000000	674.000000	1188.000000	1928.000000	1861.000000	1116.000000	527.000000	236.000000	1.000000	677.000000
384.000000	1.000000	427.000000	682.000000	844.000000	1274.000000	1307.000000	1101.000000	1289.000000	954.000000	1.000000	174.000000	237.000000	235.000000	924.000000	842.000000	696.000000	482.000000	1.000000	1.000000	126.000000
1.000000	503.000000	981.000000	1.000000	1.000000	1.000000	272.000000	667.000000	696.000000	1.000000	1.000000	1.000000	235.000000	444.000000	1836.000000	832.000000	418.000000	420.000000	1.000000	1.000000	635.000000
181.000000	363.000000	1.000000	1.000000	1254.000000	1809.000000	1710.000000	1214.000000	1959.000000	1622.000000	1.000000	562.000000	1717.000000	1857.000000	1556.000000	1934.000000	1357.000000	211.000000	1.000000	1.000000	145.000000
1036.000000	396.000000	1.000000	1.000000	1.000000	1.000000	1.000000	1.000000	1.000000	1.000000	1.000000	1.000000	167.000000	288.000000	414.000000	414.000000	413.000000	296.000000	1.000000	160.000000	425.000000
1.000000	1.000000	1.000000	366.000000	1.000000	155.000000	1.000000	1.000000	1.000000	1.000000	1.000000	1.000000	1.000000	1.000000	1.000000	1.000000	361.000000	1.000000	1.000000	171.000000	754.000000
289.000000	533.000000	296.000000	702.000000	520.000000	735.000000	159.000000	1.000000	1.000000	324.000000	324.000000	1.000000	1.000000	1.000000	284.000000	662.000000	1023.000000	521.000000	230.000000	398.000000	205.000000
191.000000	689.000000	528.000000	738.000000	598.000000	1.000000	1.000000	167.000000	361.000000	709.000000	395.000000	1.000000	272.000000	205.000000	234.000000	253.000000	204.000000	1.000000	159.000000	203.000000	175.000000
411.000000	527.000000	307.000000	693.000000	125.000000	124.000000	729.000000	1117.000000	913.000000	1151.000000	848.000000	771.000000	298.000000	1312.000000	985.000000	625.000000	463.000000	414.000000	211.000000	1.000000	433.000000
311.000000	809.000000	499.000000	1.000000	1.000000	164.000000	864.000000	1201.000000	1104.000000	1234.000000	1005.000000	1110.000000	416.000000	962.000000	1075.000000	968.000000	277.000000	1.000000	1.000000	1001.000000	1691.000000
1106.000000	1614.000000	417.000000	1.000000	1.000000	1.000000	1.000000	1.000000	279.000000	496.000000	659.000000	795.000000	243.000000	1.000000	1.000000	1.000000	1.000000	1.000000	285.000000	1314.000000	739.000000
163.000000	908.000000	878.000000	1.000000	1.000000	70.000000	1.000000	692.000000	755.000000	1.000000	204.000000	602.000000	626.000000	826.000000	737.000000	1.000000	1.000000	1.000000	1.000000	381.000000	955.000000
368.000000	344.000000	1.000000	1.000000	1.000000	1.000000	1077.000000	2168.000000	2583.000000	1516.000000	2393.000000	1695.000000	1579.000000	1971.000000	1399.000000	457.000000	1.000000	1.000000	471.000000	1236.000000	845.000000
310.000000	241.000000	1.000000	943.000000	1325.000000	1.000000	161.000000	169.000000	156.000000	346.000000	415.000000	344.000000	124.000000	1.000000	225.000000	1.000000	1.000000	1.000000	463.000000	963.000000	683.000000
1.000000	1.000000	1.000000	567.000000	278.000000	241.000000	1.000000	1.000000	1.000000	1.000000	1.000000	1.000000	1.000000	250.000000	1.000000	1.000000	1.000000	614.000000	882.000000	401.000000	1.000000
228.000000	304.000000	1.000000	1.000000	623.000000	569.000000	520.000000	744.000000	1218.000000	1155.000000	791.000000	874.000000	1737.000000	1736.000000	921.000000	160.000000	271.000000	516.000000	459.000000	141.000000	153.000000
824.000000	476.000000	356.000000	627.000000	452.000000	290.000000	170.000000	1.000000	708.000000	1018.000000	328.000000	1.000000	347.000000	385.000000	1.000000	1.000000	1.000000	754.000000	642.000000	1.000000	207.000000
691.000000	1114.000000	130.000000	1.000000	1.000000	506.000000	473.000000	600.000000	486.000000	701.000000	977.000000	973.000000	852.000000	820.000000	180.000000	168.000000	1.000000	488.000000	1.000000	127.000000	128.000000
135.000000	155.000000	152.000000	295.000000	286.000000	1.000000	1.000000	325.000000	756.000000	466.000000	225.000000	461.000000	664.000000	481.000000	521.000000	165.000000	1.000000	1.000000	1.000000	1.000000	1.000000
423.000000	153.000000	1.000000	1.000000	471.000000	586.000000	253.000000	1.000000	1.000000	311.000000	1.000000	1.000000	1.000000	1.000000	1.000000	1.000000	1.000000	434.000000	432.000000	1.000000	1.000000
1.000000	1.000000	1.000000	1.000000	1.000000	1.000000	1.000000	1.000000	1.000000	1.000000	1.000000	1.000000	1.000000	1.000000	1.000000	1.000000	1.000000	1.000000	1.000000	1.000000	1.000000
