21 25 0
1.000000	1.000000	166.000000	694.000000	970.000000	1118.000000	589.000000	1.000000	1.000000	667.000000	1175.000000	1060.000000	502.000000	1.000000	317.000000	180.000000	175.000000	407.000000	753.000000	347.000000	1.000000
1.000000	1.000000	1.000000	1.000000	163.000000	1.000000	1.000000	1.000000	527.000000	625.000000	796.000000	521.000000	166.000000	1.000000	846.000000	697.000000	148.000000	1.000000	357.000000	355.000000	1.000000
162.000000	1.000000	1.000000	383.000000	1.000000	364.000000	1421.000000	1505.000000	1836.000000	1019.000000	164.000000	163.000000	233.000000	658.000000	1296.000000	1281.000000	660.000000	860.000000	696.000000	1.000000	1.000000
153.000000	1.000000	904.000000	273.000000	439.000000	985.000000	2110.000000	1958.000000	1540.000000	1226.000000	836.000000	1080.000000	742.000000	925.000000	1384.000000	1093.000000	344.000000	397.000000	397.000000	213.000000	305.000000
1.000000	1.000000	1.000000	1.000000	1.000000	1.000000	1.000000	1.000000	1.000000	1.000000	1.000000	190.000000	332.000000	72.000000	207.000000	283.000000	1.000000	406.000000	406.000000	1.000000	1.000000
207.000000	1.000000	1.000000	189.000000	1.000000	676.000000	1.000000	1.000000	277.000000	1382.000000	1.000000	461.000000	303.000000	1.000000	1.000000	133.000000	244.000000	268.000000	1.000000	1.000000	161.000000
601.000000	478.000000	406.000000	578.000000	530.000000	350.000000	338.000000	1.000000	1.000000	169.000000	1395.000000	716.000000	1.000000	1.000000	1.000000	158.000000	296.000000	304.000000	1.000000	252.000000	732.000000
854.000000	272.000000	1.000000	1.000000	1.000000	1.000000	553.000000	301.000000	1.000000	510.000000	508.000000	1.000000	1.000000	1.000000	402.000000	541.000000	249.000000	281.000000	1.000000	983.000000	1632.000000
847.000000	442.000000	1.000000	315.000000	942.000000	2417.000000	1987.000000	2100.000000	562.000000	1.000000	1.000000	1.000000	1.000000	745.000000	2103.000000	1804.000000	963.000000	1.000000	1.000000	1.000000	293.000000
1.000000	1.000000	291.000000	990.000000	625.000000	768.000000	936.000000	1649.000000	1496.000000	435.000000	1.000000	1.000000	1399.000000	1767.000000	1332.000000	941.000000	576.000000	164.000000	1.000000	248.000000	248.000000
369.000000	587.000000	275.000000	220.000000	192.000000	612.000000	753.000000	565.000000	785.000000	119.000000	1.000000	1109.000000	1343.000000	1621.000000	1038.000000	793.000000	463.000000	268.000000	1.000000	357.000000	357.000000
1.000000	444.000000	316.000000	1.000000	312.000000	604.000000	1089.000000	850.000000	1.000000	278.000000	151.000000	1.000000	1.000000	764.000000	1729.000000	1153.000000	548.000000	1.000000	1.000000	153.000000	421.000000
287.000000	287.000000	443.000000	1.000000	1.000000	1.000000	1.000000	1.000000	1.000000	1.000000	1.000000	1.000000	1.000000	1.000000	219.000000	370.000000	142.000000	1.000000	403.000000	265.000000	377.000000
567.000000	1130.000000	406.000000	1.000000	1.000000	155.000000	1.000000	335.000000	1.000000	473.000000	465.000000	243.000000	1.000000	1.000000	1.000000	1.000000	263.000000	249.000000	319.000000	340.000000	340.000000
147.000000	1.000000	1.000000	278.000000	525.000000	314.000000	259.000000	876.000000	1131.000000	794.000000	326.000000	1.000000	298.000000	814.000000	1048.000000	513.000000	223.000000	138.000000	1.000000	415.000000	202.000000
579.000000	379.000000	1.000000	1.000000	271.000000	334.000000	357.000000	851.000000	1766.000000	1222.000000	1.000000	756.000000	1231.000000	851.000000	529.000000	390.000000	209.000000	1.000000	251.000000	251.000000	528.000000
260.000000	1.000000	1.000000	1.000000	1.000000	1.000000	1.000000	162.000000	1.000000	1.000000	241.000000	249.000000	1.000000	1.000000	1.000000	1.000000	218.000000	1.000000	1.000000	347.000000	226.000000
157.000000	159.000000	1.000000	1.000000	93.000000	308.000000	595.000000	1279.000000	1552.000000	1523.000000	903.000000	1269.000000	1865.000000	1656.000000	1403.000000	543.000000	174.000000	1.000000	1.000000	1.000000	1.000000
561.000000	603.000000	157.000000	1.000000	1.000000	1.000000	305.000000	1941.000000	2403.000000	1601.000000	2293.000000	1460.000000	1421.000000	1786.000000	189.000000	1.000000	1.000000	1.000000	1.000000	924.000000	503.000000
354.000000	366.000000	1.000000	1.000000	1.000000	1.000000	1.000000	1.000000	1.000000	262.000000	855.000000	215.000000	1.000000	1.000000	1.000000	1.000000	1.000000	1.000000	1.000000	405.000000	748.000000
1.000000	300.000000	155.000000	502.000000	1.000000	1.000000	1.000000	198.000000	705.000000	735.000000	1007.000000	441.000000	225.000000	431.000000	249.000000	119.000000	1.000000	1.000000	742.000000	1.000000	1.000000
637.000000	788.000000	868.000000	1118.000000	981.000000	457.000000	456.000000	140.000000	560.000000	819.000000	425.000000	196.000000	1.000000	1.000000	156.000000	252.000000	199.000000	641.000000	456.000000	456.000000	1.000000
1232.000000	1519.000000	900.000000	836.000000	373.000000	1.000000	1.000000	491.000000	871.000000	630.000000	1.000000	82.000000	161.000000	533.000000	571.000000	199.000000	188.000000	748.000000	468.000000	437.000000	1.000000
398.000000	977.000000	507.000000	372.000000	1.000000	225.000000	253.000000	282.000000	248.000000	195.000000	186.000000	461.000000	562.000000	634.000000	531.000000	195.000000	470.000000	486.000000	484.000000	755.000000	613.000000
1.000000	1.000000	152.000000	293.000000	286.000000	1.000000	1.000000	1.000000	1.000000	79.000000	1.000000	169.000000	170.000000	336.000000	297.000000	1.000000	169.000000	1.000000	1.000000	1.000000	138.000000
