21 25 0
530.000000	958.000000	1.000000	261.000000	1109.000000	972.000000	579.000000	1650.000000	570.000000	1.000000	1.000000	1.000000	246.000000	1052.000000	1286.000000	405.000000	369.000000	1352.000000	1550.000000	793.000000	273.000000
840.000000	785.000000	396.000000	1.000000	808.000000	1669.000000	1342.000000	1117.000000	149.000000	1.000000	1.000000	225.000000	164.000000	359.000000	635.000000	226.000000	1.000000	1341.000000	1617.000000	1161.000000	351.000000
1096.000000	1.000000	412.000000	1.000000	1176.000000	1911.000000	641.000000	269.000000	1.000000	197.000000	459.000000	165.000000	1.000000	322.000000	320.000000	1.000000	190.000000	1027.000000	2085.000000	1294.000000	411.000000
1475.000000	1.000000	1.000000	449.000000	1324.000000	1.000000	1.000000	1.000000	1.000000	610.000000	907.000000	1.000000	1.000000	123.000000	1.000000	293.000000	193.000000	817.000000	2007.000000	1128.000000	767.000000
1584.000000	1.000000	1.000000	2326.000000	315.000000	1.000000	1.000000	1.000000	1.000000	519.000000	371.000000	1.000000	200.000000	604.000000	1.000000	1.000000	276.000000	225.000000	1604.000000	1544.000000	801.000000
634.000000	1.000000	319.000000	2729.000000	189.000000	628.000000	1.000000	1.000000	1.000000	731.000000	325.000000	1.000000	426.000000	1706.000000	1.000000	1.000000	1.000000	184.000000	1636.000000	1836.000000	1041.000000
1264.000000	1.000000	398.000000	1770.000000	189.000000	1076.000000	1509.000000	1.000000	977.000000	1.000000	185.000000	453.000000	1553.000000	2113.000000	366.000000	1.000000	1.000000	585.000000	1795.000000	1889.000000	989.000000
1649.000000	1.000000	395.000000	1394.000000	961.000000	1568.000000	1640.000000	442.000000	965.000000	1.000000	1.000000	2687.000000	2246.000000	1942.000000	1.000000	1.000000	1.000000	327.000000	1489.000000	1820.000000	916.000000
904.000000	68.000000	899.000000	1340.000000	1219.000000	1733.000000	909.000000	809.000000	491.000000	1.000000	1.000000	3393.000000	2136.000000	352.000000	832.000000	1.000000	1.000000	421.000000	1339.000000	1424.000000	694.000000
323.000000	931.000000	135.000000	607.000000	1085.000000	540.000000	1040.000000	1.000000	1437.000000	1.000000	1.000000	3191.000000	1540.000000	421.000000	1.000000	1.000000	1.000000	267.000000	1118.000000	1055.000000	425.000000
160.000000	793.000000	1021.000000	180.000000	1168.000000	414.000000	349.000000	260.000000	1760.000000	1.000000	1.000000	2553.000000	588.000000	1.000000	1.000000	1.000000	1.000000	445.000000	1151.000000	440.000000	864.000000
259.000000	1070.000000	570.000000	1.000000	887.000000	467.000000	142.000000	1052.000000	1862.000000	210.000000	1.000000	1953.000000	610.000000	1.000000	498.000000	1.000000	1.000000	769.000000	1409.000000	450.000000	1017.000000
362.000000	1269.000000	342.000000	1.000000	846.000000	323.000000	186.000000	1157.000000	1595.000000	142.000000	1.000000	2173.000000	644.000000	1.000000	484.000000	181.000000	344.000000	926.000000	1173.000000	404.000000	1351.000000
578.000000	1236.000000	461.000000	1.000000	853.000000	581.000000	738.000000	814.000000	1687.000000	346.000000	1.000000	2235.000000	694.000000	1.000000	174.000000	181.000000	148.000000	638.000000	915.000000	492.000000	1429.000000
152.000000	1493.000000	1254.000000	1.000000	775.000000	900.000000	942.000000	694.000000	1406.000000	1.000000	1.000000	1865.000000	270.000000	1.000000	987.000000	1.000000	1.000000	667.000000	736.000000	1316.000000	894.000000
160.000000	1397.000000	1.000000	1.000000	247.000000	1203.000000	1076.000000	169.000000	232.000000	1.000000	1.000000	1050.000000	1.000000	1.000000	605.000000	1.000000	1.000000	698.000000	1470.000000	1254.000000	1003.000000
605.000000	1746.000000	1.000000	258.000000	435.000000	1502.000000	1467.000000	394.000000	1.000000	1.000000	1.000000	355.000000	1.000000	1.000000	193.000000	1.000000	1.000000	783.000000	2167.000000	1366.000000	960.000000
456.000000	1521.000000	654.000000	386.000000	452.000000	1936.000000	2129.000000	879.000000	1.000000	1202.000000	719.000000	1.000000	1.000000	1.000000	498.000000	1.000000	1.000000	1364.000000	2263.000000	818.000000	430.000000
298.000000	1195.000000	1316.000000	368.000000	402.000000	1627.000000	1338.000000	530.000000	1.000000	1031.000000	1135.000000	1.000000	1.000000	789.000000	561.000000	1.000000	183.000000	1816.000000	2072.000000	589.000000	454.000000
267.000000	1084.000000	763.000000	178.000000	1.000000	993.000000	951.000000	245.000000	1.000000	1240.000000	416.000000	1.000000	1.000000	1094.000000	465.000000	1.000000	281.000000	2113.000000	1384.000000	1.000000	1026.000000
285.000000	718.000000	910.000000	167.000000	398.000000	972.000000	768.000000	1.000000	1.000000	430.000000	1.000000	1.000000	167.000000	1328.000000	183.000000	1.000000	813.000000	1519.000000	1527.000000	154.000000	506.000000
140.000000	1090.000000	170.000000	1.000000	1673.000000	1542.000000	629.000000	577.000000	1.000000	1.000000	222.000000	83.000000	693.000000	1066.000000	222.000000	304.000000	880.000000	1594.000000	1464.000000	914.000000	256.000000
1.000000	655.000000	618.000000	1.000000	1292.000000	908.000000	604.000000	1196.000000	1.000000	1.000000	1.000000	171.000000	645.000000	103.000000	1.000000	843.000000	1146.000000	1339.000000	1136.000000	1236.000000	256.000000
192.000000	753.000000	598.000000	1.000000	505.000000	414.000000	178.000000	267.000000	1.000000	174.000000	1.000000	171.000000	476.000000	252.000000	1.000000	194.000000	714.000000	663.000000	1220.000000	798.000000	1.000000
466.000000	478.000000	144.000000	473.000000	1.000000	507.000000	1.000000	187.000000	1.000000	174.000000	1.000000	138.000000	321.000000	150.000000	1.000000	64.000000	321.000000	348.000000	328.000000	743.000000	1.000000
