21 25 0
1.000000	1.000000	1167.000000	1652.000000	864.000000	1.000000	677.000000	1.000000	195.000000	1316.000000	1303.000000	927.000000	579.000000	1.000000	331.000000	561.000000	564.000000	294.000000	1.000000	1.000000	324.000000
1.000000	1.000000	1312.000000	893.000000	411.000000	1.000000	1.000000	198.000000	1412.000000	1473.000000	743.000000	352.000000	1.000000	160.000000	730.000000	1066.000000	604.000000	261.000000	1.000000	1.000000	327.000000
1.000000	1.000000	2016.000000	1485.000000	417.000000	1.000000	542.000000	1588.000000	2000.000000	769.000000	186.000000	168.000000	537.000000	725.000000	994.000000	839.000000	543.000000	79.000000	1.000000	1.000000	528.000000
1.000000	686.000000	2417.000000	417.000000	1.000000	363.000000	851.000000	1084.000000	514.000000	1.000000	1.000000	733.000000	892.000000	393.000000	579.000000	600.000000	477.000000	1.000000	1.000000	1.000000	314.000000
1.000000	1136.000000	1939.000000	1.000000	1.000000	1.000000	1.000000	1.000000	1.000000	1.000000	1.000000	481.000000	483.000000	1.000000	177.000000	172.000000	1.000000	1.000000	1.000000	1.000000	320.000000
1.000000	1399.000000	1.000000	1.000000	1.000000	367.000000	1.000000	1.000000	597.000000	1.000000	1.000000	764.000000	349.000000	141.000000	1.000000	377.000000	652.000000	146.000000	80.000000	1.000000	632.000000
377.000000	854.000000	1.000000	221.000000	845.000000	159.000000	1.000000	1.000000	1.000000	409.000000	1300.000000	717.000000	141.000000	1.000000	1.000000	417.000000	403.000000	1.000000	1.000000	324.000000	1265.000000
1.000000	419.000000	235.000000	191.000000	1.000000	1.000000	715.000000	1.000000	1.000000	1893.000000	1227.000000	1.000000	1.000000	1.000000	1.000000	693.000000	653.000000	1.000000	1.000000	991.000000	1769.000000
301.000000	1.000000	271.000000	335.000000	1.000000	628.000000	135.000000	218.000000	382.000000	3466.000000	362.000000	1.000000	1.000000	620.000000	1196.000000	1668.000000	826.000000	630.000000	535.000000	945.000000	1017.000000
1.000000	368.000000	370.000000	602.000000	183.000000	1.000000	1.000000	673.000000	1260.000000	913.000000	1.000000	1.000000	311.000000	1291.000000	1621.000000	715.000000	301.000000	649.000000	1.000000	511.000000	1008.000000
338.000000	305.000000	370.000000	465.000000	1.000000	180.000000	788.000000	1116.000000	754.000000	851.000000	736.000000	1.000000	1.000000	577.000000	288.000000	438.000000	335.000000	1.000000	1.000000	498.000000	483.000000
1.000000	495.000000	465.000000	230.000000	1.000000	595.000000	1284.000000	148.000000	1.000000	961.000000	576.000000	1.000000	1.000000	300.000000	1.000000	144.000000	1.000000	1.000000	1.000000	1383.000000	742.000000
756.000000	1.000000	195.000000	172.000000	235.000000	290.000000	256.000000	1.000000	1.000000	1.000000	218.000000	1.000000	1.000000	1.000000	1.000000	169.000000	168.000000	1.000000	505.000000	935.000000	642.000000
353.000000	230.000000	147.000000	901.000000	466.000000	1.000000	1.000000	1.000000	275.000000	231.000000	1181.000000	1.000000	1.000000	1.000000	1.000000	1.000000	291.000000	185.000000	647.000000	374.000000	476.000000
1.000000	1.000000	436.000000	1085.000000	740.000000	1.000000	1.000000	388.000000	1.000000	1284.000000	498.000000	1.000000	143.000000	562.000000	193.000000	930.000000	1058.000000	163.000000	374.000000	800.000000	498.000000
1.000000	1.000000	620.000000	982.000000	1.000000	1.000000	128.000000	1.000000	341.000000	758.000000	1.000000	1.000000	1355.000000	123.000000	1.000000	327.000000	297.000000	1.000000	251.000000	555.000000	435.000000
1.000000	1.000000	363.000000	1324.000000	1.000000	1.000000	1.000000	1.000000	1.000000	1.000000	1.000000	1.000000	1.000000	1.000000	1.000000	541.000000	807.000000	211.000000	413.000000	148.000000	807.000000
1.000000	1.000000	708.000000	648.000000	1.000000	1.000000	1.000000	1.000000	355.000000	234.000000	1.000000	457.000000	1086.000000	1547.000000	800.000000	1341.000000	739.000000	1.000000	159.000000	152.000000	594.000000
141.000000	1.000000	669.000000	186.000000	1.000000	1.000000	1.000000	1258.000000	1407.000000	1.000000	1.000000	1770.000000	1725.000000	386.000000	196.000000	677.000000	1.000000	361.000000	1.000000	889.000000	646.000000
1.000000	1.000000	1.000000	748.000000	586.000000	1.000000	1.000000	1.000000	1.000000	1.000000	361.000000	662.000000	1.000000	197.000000	1.000000	556.000000	577.000000	1.000000	1.000000	137.000000	293.000000
139.000000	1.000000	502.000000	1139.000000	473.000000	1.000000	1.000000	1.000000	1.000000	401.000000	723.000000	384.000000	225.000000	1.000000	1.000000	435.000000	1.000000	1.000000	1342.000000	710.000000	294.000000
1.000000	493.000000	809.000000	2249.000000	867.000000	499.000000	513.000000	1.000000	1.000000	447.000000	233.000000	1.000000	1.000000	1.000000	575.000000	217.000000	169.000000	1310.000000	193.000000	945.000000	67.000000
658.000000	473.000000	1895.000000	1860.000000	893.000000	513.000000	1.000000	614.000000	609.000000	432.000000	1.000000	1.000000	1.000000	528.000000	786.000000	420.000000	195.000000	861.000000	487.000000	486.000000	1.000000
932.000000	570.000000	1015.000000	630.000000	373.000000	181.000000	1.000000	1.000000	170.000000	178.000000	1.000000	322.000000	180.000000	194.000000	548.000000	377.000000	161.000000	687.000000	486.000000	166.000000	1.000000
1.000000	461.000000	204.000000	689.000000	1.000000	1.000000	1.000000	1.000000	161.000000	1.000000	148.000000	1.000000	1.000000	384.000000	530.000000	1.000000	1.000000	144.000000	1.000000	346.000000	132.000000
