21 25 0
752.000000	155.000000	1.000000	1.000000	401.000000	1.000000	893.000000	1750.000000	953.000000	1.000000	1.000000	1.000000	376.000000	823.000000	815.000000	157.000000	1.000000	293.000000	318.000000	109.000000	236.000000
496.000000	424.000000	1.000000	1.000000	1.000000	1031.000000	2077.000000	1301.000000	663.000000	1.000000	183.000000	788.000000	174.000000	520.000000	385.000000	1.000000	1.000000	314.000000	95.000000	442.000000	236.000000
793.000000	1.000000	1.000000	1.000000	460.000000	1263.000000	755.000000	1.000000	1.000000	1.000000	852.000000	611.000000	143.000000	365.000000	187.000000	1.000000	1.000000	1.000000	425.000000	473.000000	1.000000
779.000000	1.000000	1.000000	1.000000	1075.000000	137.000000	1.000000	1.000000	1.000000	1.000000	330.000000	185.000000	1.000000	1.000000	1.000000	1.000000	222.000000	1.000000	267.000000	1.000000	1.000000
486.000000	1.000000	1.000000	895.000000	1359.000000	236.000000	908.000000	1059.000000	1.000000	558.000000	663.000000	1.000000	1.000000	242.000000	1179.000000	1107.000000	517.000000	1.000000	284.000000	467.000000	382.000000
1.000000	1.000000	1.000000	1554.000000	772.000000	599.000000	1186.000000	1.000000	229.000000	754.000000	184.000000	1.000000	215.000000	1446.000000	1317.000000	486.000000	215.000000	1.000000	436.000000	1.000000	352.000000
1.000000	1.000000	292.000000	1.000000	1.000000	500.000000	588.000000	1.000000	199.000000	198.000000	1.000000	1.000000	1341.000000	1390.000000	616.000000	1.000000	1.000000	1.000000	918.000000	477.000000	954.000000
1.000000	1.000000	1.000000	761.000000	898.000000	1992.000000	797.000000	391.000000	417.000000	1.000000	1.000000	1774.000000	2465.000000	1245.000000	362.000000	1.000000	1.000000	1.000000	1.000000	936.000000	961.000000
268.000000	1.000000	1.000000	632.000000	627.000000	351.000000	1.000000	1.000000	1.000000	1.000000	1.000000	3117.000000	1452.000000	177.000000	1.000000	1.000000	336.000000	302.000000	1046.000000	582.000000	694.000000
1.000000	1.000000	269.000000	1.000000	1.000000	1.000000	1.000000	1.000000	1.000000	1.000000	1.000000	1752.000000	245.000000	1.000000	1.000000	1.000000	1.000000	132.000000	985.000000	826.000000	588.000000
221.000000	270.000000	231.000000	1.000000	247.000000	632.000000	285.000000	1.000000	940.000000	325.000000	1.000000	215.000000	1.000000	1.000000	1.000000	1.000000	220.000000	303.000000	1334.000000	188.000000	1.000000
192.000000	725.000000	1.000000	1.000000	1.000000	348.000000	1.000000	598.000000	970.000000	447.000000	1.000000	182.000000	1.000000	1.000000	183.000000	1.000000	1.000000	634.000000	830.000000	403.000000	322.000000
74.000000	1.000000	1.000000	487.000000	1.000000	1.000000	167.000000	1729.000000	443.000000	1.000000	1.000000	1049.000000	716.000000	1.000000	408.000000	1.000000	769.000000	664.000000	615.000000	232.000000	1417.000000
1.000000	1.000000	1.000000	1.000000	1.000000	250.000000	1349.000000	656.000000	774.000000	1.000000	1.000000	1406.000000	478.000000	1.000000	272.000000	322.000000	1.000000	456.000000	600.000000	1211.000000	2126.000000
1.000000	795.000000	1.000000	1.000000	1.000000	432.000000	559.000000	1.000000	1.000000	1.000000	166.000000	1193.000000	444.000000	1.000000	1.000000	1.000000	1.000000	1.000000	285.000000	1385.000000	762.000000
1.000000	199.000000	1.000000	1.000000	1.000000	597.000000	144.000000	1.000000	644.000000	1.000000	1.000000	1071.000000	1.000000	280.000000	457.000000	1.000000	1.000000	1.000000	766.000000	1194.000000	1434.000000
1.000000	290.000000	176.000000	1.000000	1.000000	338.000000	724.000000	603.000000	397.000000	1.000000	958.000000	1.000000	768.000000	1019.000000	189.000000	1.000000	1.000000	1.000000	1527.000000	1646.000000	1421.000000
244.000000	1.000000	87.000000	1.000000	1.000000	158.000000	1356.000000	1.000000	1.000000	1.000000	1.000000	143.000000	185.000000	1.000000	1.000000	1.000000	1.000000	491.000000	1698.000000	1358.000000	429.000000
1.000000	151.000000	157.000000	1.000000	1.000000	366.000000	455.000000	186.000000	1.000000	1.000000	1.000000	1.000000	1.000000	1.000000	346.000000	1.000000	1.000000	953.000000	1997.000000	425.000000	1.000000
146.000000	158.000000	828.000000	1.000000	1.000000	606.000000	424.000000	1.000000	437.000000	750.000000	1.000000	1.000000	1.000000	1369.000000	462.000000	1.000000	445.000000	1457.000000	929.000000	1.000000	1.000000
324.000000	469.000000	356.000000	172.000000	86.000000	819.000000	1.000000	201.000000	244.000000	234.000000	1.000000	1.000000	490.000000	1094.000000	146.000000	1.000000	1147.000000	1282.000000	1195.000000	1.000000	1.000000
302.000000	440.000000	1.000000	1.000000	835.000000	907.000000	128.000000	580.000000	1.000000	1.000000	1.000000	234.000000	1414.000000	624.000000	168.000000	1.000000	584.000000	875.000000	356.000000	427.000000	1.000000
142.000000	149.000000	170.000000	1.000000	325.000000	1.000000	409.000000	89.000000	1.000000	287.000000	177.000000	797.000000	1141.000000	1.000000	1.000000	283.000000	414.000000	790.000000	200.000000	311.000000	1.000000
133.000000	295.000000	275.000000	277.000000	340.000000	507.000000	89.000000	1.000000	1.000000	151.000000	1.000000	1.000000	1.000000	1.000000	1.000000	430.000000	253.000000	284.000000	423.000000	1.000000	1.000000
1.000000	66.000000	1.000000	368.000000	1.000000	345.000000	1.000000	1.000000	1.000000	1.000000	1.000000	1.000000	149.000000	1.000000	1.000000	1.000000	1.000000	424.000000	1.000000	1.000000	1.000000
