21 25 0
1.000000	587.000000	1485.000000	1467.000000	394.000000	1.000000	402.000000	1.000000	381.000000	917.000000	844.000000	560.000000	794.000000	404.000000	316.000000	1121.000000	1031.000000	720.000000	177.000000	956.000000	1163.000000
1.000000	611.000000	1897.000000	1480.000000	418.000000	1.000000	1.000000	1.000000	1188.000000	1137.000000	677.000000	267.000000	197.000000	1.000000	307.000000	995.000000	1201.000000	693.000000	192.000000	983.000000	1335.000000
1.000000	710.000000	2050.000000	1272.000000	419.000000	1.000000	1.000000	1.000000	733.000000	662.000000	190.000000	463.000000	501.000000	1.000000	221.000000	410.000000	1103.000000	717.000000	338.000000	1023.000000	1248.000000
1.000000	1459.000000	2308.000000	417.000000	419.000000	1.000000	1.000000	1.000000	1.000000	1.000000	1.000000	937.000000	705.000000	1.000000	326.000000	120.000000	687.000000	1085.000000	426.000000	554.000000	1015.000000
1.000000	1933.000000	2079.000000	259.000000	327.000000	1.000000	1.000000	1.000000	1.000000	1.000000	1.000000	939.000000	482.000000	1.000000	1.000000	252.000000	848.000000	1088.000000	405.000000	480.000000	647.000000
1.000000	2074.000000	1680.000000	257.000000	1.000000	1.000000	1.000000	739.000000	1055.000000	477.000000	454.000000	789.000000	177.000000	1.000000	857.000000	1466.000000	467.000000	1084.000000	1287.000000	779.000000	833.000000
396.000000	1737.000000	1087.000000	257.000000	1.000000	1.000000	1.000000	722.000000	1676.000000	1283.000000	1136.000000	350.000000	157.000000	1.000000	897.000000	1934.000000	771.000000	1101.000000	1192.000000	919.000000	1542.000000
312.000000	864.000000	1610.000000	533.000000	1.000000	1.000000	527.000000	902.000000	1655.000000	3425.000000	1435.000000	1.000000	1.000000	118.000000	1176.000000	2348.000000	1458.000000	1354.000000	1372.000000	1434.000000	2490.000000
501.000000	870.000000	1688.000000	698.000000	1.000000	1.000000	1.000000	688.000000	408.000000	3483.000000	1908.000000	1.000000	1.000000	490.000000	1204.000000	1460.000000	1665.000000	1916.000000	1164.000000	1147.000000	1769.000000
1.000000	459.000000	1038.000000	865.000000	1.000000	1.000000	366.000000	352.000000	1.000000	2620.000000	2281.000000	1.000000	137.000000	499.000000	1175.000000	1176.000000	327.000000	937.000000	422.000000	881.000000	1580.000000
1213.000000	926.000000	1227.000000	1336.000000	1.000000	1.000000	561.000000	451.000000	1.000000	1093.000000	1843.000000	1.000000	1.000000	332.000000	349.000000	696.000000	135.000000	140.000000	1.000000	1095.000000	1175.000000
954.000000	751.000000	1202.000000	1537.000000	1.000000	662.000000	1136.000000	391.000000	1.000000	1545.000000	1778.000000	1.000000	397.000000	738.000000	1.000000	450.000000	462.000000	161.000000	1.000000	1392.000000	1160.000000
868.000000	440.000000	667.000000	1908.000000	164.000000	535.000000	689.000000	164.000000	1.000000	1461.000000	1733.000000	1.000000	580.000000	951.000000	1.000000	172.000000	386.000000	232.000000	266.000000	1440.000000	993.000000
1341.000000	136.000000	993.000000	2112.000000	510.000000	463.000000	1.000000	1.000000	1.000000	1868.000000	1822.000000	1.000000	583.000000	855.000000	139.000000	629.000000	310.000000	79.000000	481.000000	1123.000000	525.000000
1399.000000	287.000000	1106.000000	1827.000000	688.000000	143.000000	124.000000	276.000000	1.000000	1696.000000	1369.000000	1.000000	1006.000000	1075.000000	141.000000	1368.000000	1141.000000	163.000000	1.000000	692.000000	477.000000
146.000000	235.000000	1125.000000	2020.000000	366.000000	369.000000	130.000000	300.000000	1.000000	203.000000	1.000000	1.000000	1.000000	284.000000	1.000000	1546.000000	1310.000000	386.000000	1.000000	841.000000	801.000000
453.000000	1.000000	1165.000000	2658.000000	704.000000	295.000000	1.000000	359.000000	1.000000	300.000000	1.000000	250.000000	1.000000	1.000000	1.000000	1476.000000	1468.000000	920.000000	248.000000	472.000000	1183.000000
1.000000	1.000000	1276.000000	2631.000000	1111.000000	384.000000	1.000000	1.000000	355.000000	1.000000	1.000000	617.000000	951.000000	1.000000	213.000000	1561.000000	1433.000000	397.000000	393.000000	475.000000	830.000000
151.000000	1.000000	686.000000	2071.000000	1674.000000	384.000000	1.000000	973.000000	289.000000	1.000000	1.000000	1589.000000	921.000000	198.000000	178.000000	1498.000000	1652.000000	397.000000	159.000000	859.000000	940.000000
143.000000	72.000000	289.000000	2137.000000	1981.000000	385.000000	1.000000	654.000000	1.000000	1.000000	1.000000	376.000000	78.000000	180.000000	1.000000	1815.000000	1500.000000	1.000000	199.000000	844.000000	968.000000
1.000000	1.000000	263.000000	2021.000000	1283.000000	131.000000	1.000000	1.000000	222.000000	297.000000	391.000000	195.000000	1.000000	1.000000	385.000000	1234.000000	1088.000000	1.000000	438.000000	1477.000000	751.000000
164.000000	1.000000	827.000000	2027.000000	655.000000	899.000000	905.000000	325.000000	602.000000	868.000000	1098.000000	1.000000	1.000000	1.000000	1095.000000	817.000000	945.000000	703.000000	400.000000	1518.000000	750.000000
146.000000	1.000000	1425.000000	2456.000000	661.000000	435.000000	1.000000	788.000000	171.000000	721.000000	433.000000	1.000000	1.000000	1.000000	1203.000000	693.000000	976.000000	1436.000000	357.000000	1204.000000	975.000000
66.000000	1.000000	973.000000	638.000000	138.000000	448.000000	1.000000	1.000000	171.000000	1.000000	1.000000	1.000000	1.000000	1.000000	920.000000	675.000000	421.000000	869.000000	122.000000	646.000000	798.000000
147.000000	166.000000	463.000000	688.000000	1.000000	192.000000	186.000000	1.000000	1.000000	1.000000	1.000000	1.000000	1.000000	1.000000	365.000000	435.000000	136.000000	513.000000	283.000000	430.000000	130.000000
