21 25 0
1.000000	1.000000	1.000000	348.000000	544.000000	889.000000	192.000000	1.000000	1.000000	1.000000	1.000000	1.000000	1.000000	294.000000	853.000000	1.000000	1.000000	1310.000000	1510.000000	666.000000	399.000000
131.000000	1.000000	1.000000	1.000000	202.000000	214.000000	389.000000	1.000000	1.000000	1.000000	1.000000	1.000000	1.000000	313.000000	514.000000	403.000000	1.000000	1347.000000	1134.000000	1029.000000	1.000000
282.000000	1.000000	1.000000	1.000000	1.000000	1025.000000	1246.000000	584.000000	285.000000	1.000000	1.000000	1.000000	1.000000	149.000000	308.000000	248.000000	191.000000	984.000000	1528.000000	965.000000	235.000000
484.000000	1.000000	1.000000	1.000000	1.000000	152.000000	1063.000000	1195.000000	713.000000	516.000000	621.000000	1.000000	1.000000	1.000000	1.000000	1.000000	1.000000	1028.000000	2234.000000	981.000000	483.000000
361.000000	486.000000	225.000000	1.000000	1.000000	1.000000	1.000000	1.000000	1.000000	346.000000	1.000000	1.000000	1.000000	1.000000	1.000000	1.000000	1.000000	1.000000	1553.000000	1215.000000	684.000000
729.000000	1.000000	130.000000	188.000000	1.000000	745.000000	1.000000	1.000000	1.000000	719.000000	1.000000	1.000000	214.000000	139.000000	1.000000	1.000000	1.000000	266.000000	1008.000000	788.000000	475.000000
885.000000	926.000000	1.000000	180.000000	189.000000	349.000000	1.000000	1.000000	1.000000	1.000000	1274.000000	109.000000	355.000000	314.000000	278.000000	1.000000	1.000000	1.000000	432.000000	630.000000	1.000000
1185.000000	1.000000	126.000000	311.000000	356.000000	449.000000	384.000000	1.000000	1.000000	1.000000	1.000000	648.000000	452.000000	1.000000	1.000000	318.000000	1.000000	301.000000	908.000000	1.000000	1.000000
864.000000	856.000000	1.000000	772.000000	1311.000000	1238.000000	1275.000000	977.000000	229.000000	1.000000	1.000000	2362.000000	820.000000	443.000000	1279.000000	356.000000	373.000000	1.000000	1.000000	1.000000	1.000000
985.000000	866.000000	1.000000	661.000000	856.000000	839.000000	1331.000000	1256.000000	1591.000000	1.000000	1.000000	1515.000000	2236.000000	1179.000000	411.000000	1.000000	500.000000	209.000000	1.000000	1.000000	1.000000
384.000000	797.000000	305.000000	1.000000	846.000000	541.000000	357.000000	214.000000	646.000000	169.000000	1.000000	246.000000	986.000000	1402.000000	829.000000	1.000000	1.000000	245.000000	1.000000	1.000000	213.000000
194.000000	825.000000	444.000000	1.000000	484.000000	356.000000	1.000000	891.000000	264.000000	1.000000	1.000000	1.000000	1.000000	638.000000	1402.000000	882.000000	324.000000	63.000000	221.000000	109.000000	448.000000
566.000000	1021.000000	443.000000	1.000000	488.000000	321.000000	1.000000	307.000000	1.000000	1.000000	1.000000	141.000000	1.000000	1.000000	91.000000	448.000000	82.000000	146.000000	1.000000	1.000000	872.000000
499.000000	931.000000	1401.000000	1.000000	560.000000	357.000000	337.000000	320.000000	739.000000	1.000000	1.000000	417.000000	1.000000	1.000000	1.000000	1.000000	242.000000	187.000000	1.000000	1.000000	1.000000
295.000000	641.000000	176.000000	137.000000	273.000000	780.000000	572.000000	1247.000000	1416.000000	788.000000	1.000000	628.000000	1.000000	1.000000	665.000000	1.000000	215.000000	204.000000	436.000000	1.000000	297.000000
595.000000	953.000000	1.000000	1.000000	308.000000	645.000000	562.000000	373.000000	766.000000	249.000000	1.000000	259.000000	1.000000	71.000000	327.000000	1.000000	1.000000	991.000000	993.000000	160.000000	521.000000
591.000000	455.000000	1.000000	1.000000	663.000000	1044.000000	894.000000	229.000000	1.000000	1.000000	233.000000	125.000000	1.000000	294.000000	1.000000	1.000000	1.000000	681.000000	419.000000	142.000000	1.000000
601.000000	800.000000	316.000000	268.000000	365.000000	1641.000000	1263.000000	815.000000	1443.000000	463.000000	1.000000	1.000000	1.000000	729.000000	1071.000000	1.000000	1.000000	346.000000	962.000000	163.000000	1.000000
571.000000	598.000000	177.000000	174.000000	1.000000	771.000000	853.000000	865.000000	421.000000	1769.000000	1603.000000	1.000000	309.000000	1778.000000	1013.000000	370.000000	1.000000	1.000000	336.000000	319.000000	462.000000
412.000000	684.000000	312.000000	171.000000	1.000000	763.000000	601.000000	244.000000	1.000000	235.000000	713.000000	1.000000	1.000000	1.000000	1.000000	1.000000	1.000000	257.000000	1.000000	388.000000	687.000000
132.000000	438.000000	170.000000	1.000000	1.000000	1.000000	516.000000	202.000000	1.000000	459.000000	249.000000	318.000000	1.000000	185.000000	182.000000	1.000000	1.000000	383.000000	200.000000	1.000000	912.000000
520.000000	149.000000	170.000000	1.000000	1388.000000	640.000000	241.000000	417.000000	1.000000	358.000000	196.000000	185.000000	146.000000	191.000000	1.000000	641.000000	1.000000	439.000000	836.000000	867.000000	1.000000
994.000000	646.000000	1.000000	1.000000	447.000000	1149.000000	1096.000000	803.000000	1.000000	177.000000	140.000000	170.000000	340.000000	83.000000	180.000000	453.000000	236.000000	772.000000	1406.000000	472.000000	1062.000000
1.000000	636.000000	1.000000	1.000000	430.000000	412.000000	662.000000	373.000000	159.000000	1.000000	143.000000	168.000000	500.000000	1.000000	1.000000	1.000000	454.000000	1.000000	1243.000000	950.000000	709.000000
135.000000	152.000000	1.000000	193.000000	260.000000	1.000000	1.000000	1.000000	126.000000	159.000000	1.000000	146.000000	313.000000	131.000000	1.000000	126.000000	153.000000	1.000000	328.000000	740.000000	222.000000
