21 25 0
1.000000	713.000000	885.000000	1219.000000	296.000000	1.000000	1.000000	1.000000	1.000000	1.000000	1.000000	87.000000	1.000000	1.000000	1.000000	546.000000	464.000000	187.000000	1.000000	778.000000	1030.000000
1.000000	415.000000	890.000000	502.000000	378.000000	1.000000	296.000000	311.000000	318.000000	277.000000	415.000000	1.000000	1.000000	1.000000	1.000000	378.000000	263.000000	192.000000	1.000000	656.000000	706.000000
1.000000	166.000000	211.000000	1.000000	199.000000	1.000000	1.000000	1.000000	1.000000	399.000000	1.000000	150.000000	175.000000	1.000000	1.000000	1.000000	1.000000	132.000000	80.000000	342.000000	651.000000
1.000000	1.000000	1.000000	1.000000	318.000000	1.000000	1.000000	1.000000	1.000000	1.000000	1.000000	73.000000	184.000000	175.000000	381.000000	1.000000	172.000000	138.000000	268.000000	210.000000	647.000000
1.000000	1411.000000	826.000000	328.000000	473.000000	1759.000000	1866.000000	596.000000	540.000000	242.000000	1.000000	1.000000	1.000000	704.000000	1617.000000	570.000000	638.000000	1352.000000	306.000000	66.000000	539.000000
1.000000	1284.000000	818.000000	1.000000	1.000000	1.000000	616.000000	2063.000000	1066.000000	666.000000	1.000000	183.000000	1.000000	1.000000	996.000000	1307.000000	248.000000	748.000000	475.000000	307.000000	167.000000
412.000000	1213.000000	1359.000000	1.000000	1.000000	1.000000	1.000000	1070.000000	2085.000000	1289.000000	1.000000	1.000000	1.000000	1.000000	805.000000	1577.000000	841.000000	139.000000	307.000000	1.000000	635.000000
417.000000	412.000000	1205.000000	1.000000	1.000000	147.000000	1.000000	167.000000	1869.000000	2687.000000	1.000000	1.000000	1.000000	1.000000	443.000000	1956.000000	1518.000000	928.000000	238.000000	505.000000	1.000000
396.000000	760.000000	1174.000000	84.000000	1.000000	1.000000	1.000000	1.000000	1.000000	2320.000000	878.000000	1.000000	1.000000	1.000000	433.000000	419.000000	1362.000000	925.000000	211.000000	678.000000	1017.000000
312.000000	573.000000	802.000000	617.000000	1.000000	1.000000	1.000000	1.000000	1.000000	674.000000	893.000000	1.000000	1.000000	1.000000	283.000000	591.000000	1.000000	262.000000	381.000000	413.000000	1.000000
769.000000	548.000000	1307.000000	747.000000	1.000000	1.000000	1.000000	169.000000	1.000000	1.000000	1.000000	1.000000	1.000000	1.000000	220.000000	1057.000000	361.000000	1.000000	1.000000	141.000000	204.000000
838.000000	730.000000	1045.000000	1393.000000	138.000000	1.000000	1.000000	186.000000	186.000000	1.000000	1.000000	1.000000	1.000000	247.000000	1.000000	356.000000	564.000000	1.000000	1.000000	1.000000	229.000000
818.000000	775.000000	837.000000	1523.000000	144.000000	121.000000	654.000000	589.000000	1.000000	1508.000000	567.000000	1.000000	135.000000	1567.000000	925.000000	327.000000	1.000000	1.000000	1.000000	198.000000	431.000000
1687.000000	559.000000	1053.000000	519.000000	467.000000	1.000000	1.000000	400.000000	164.000000	1242.000000	1141.000000	1.000000	1.000000	855.000000	1109.000000	879.000000	1.000000	1.000000	1.000000	463.000000	885.000000
1128.000000	1590.000000	1118.000000	749.000000	366.000000	1.000000	1.000000	1.000000	230.000000	644.000000	1099.000000	1.000000	117.000000	1.000000	310.000000	1112.000000	292.000000	1.000000	1.000000	866.000000	389.000000
1.000000	881.000000	1011.000000	942.000000	354.000000	1.000000	390.000000	726.000000	673.000000	1.000000	1.000000	241.000000	307.000000	1148.000000	122.000000	274.000000	142.000000	1.000000	1.000000	381.000000	479.000000
458.000000	1.000000	1059.000000	1441.000000	449.000000	1.000000	260.000000	1175.000000	794.000000	1.000000	1.000000	1.000000	1.000000	117.000000	1070.000000	606.000000	1.000000	1.000000	1.000000	426.000000	146.000000
1.000000	366.000000	896.000000	2084.000000	1324.000000	450.000000	1.000000	1.000000	598.000000	145.000000	1.000000	1.000000	1.000000	1.000000	509.000000	1519.000000	123.000000	1.000000	1.000000	501.000000	799.000000
1.000000	1.000000	232.000000	1854.000000	1574.000000	397.000000	1.000000	1.000000	1.000000	1.000000	1.000000	259.000000	1.000000	1.000000	1.000000	729.000000	329.000000	1.000000	1.000000	148.000000	687.000000
144.000000	152.000000	293.000000	1150.000000	1707.000000	575.000000	486.000000	794.000000	292.000000	1.000000	195.000000	249.000000	148.000000	1.000000	1.000000	123.000000	550.000000	1.000000	1.000000	287.000000	441.000000
441.000000	145.000000	172.000000	637.000000	1262.000000	679.000000	503.000000	431.000000	884.000000	647.000000	167.000000	1.000000	195.000000	1.000000	292.000000	179.000000	71.000000	1.000000	1.000000	459.000000	587.000000
285.000000	1.000000	504.000000	261.000000	408.000000	275.000000	871.000000	547.000000	824.000000	735.000000	935.000000	662.000000	398.000000	1.000000	1.000000	165.000000	182.000000	1.000000	1.000000	1060.000000	336.000000
1.000000	154.000000	513.000000	716.000000	265.000000	252.000000	1.000000	790.000000	699.000000	630.000000	224.000000	187.000000	1.000000	593.000000	238.000000	67.000000	363.000000	483.000000	236.000000	787.000000	902.000000
146.000000	1.000000	1.000000	1.000000	568.000000	459.000000	253.000000	1.000000	211.000000	310.000000	166.000000	1.000000	1.000000	1.000000	1.000000	1.000000	1.000000	353.000000	244.000000	432.000000	621.000000
141.000000	1.000000	1.000000	1.000000	1.000000	469.000000	501.000000	299.000000	1.000000	1.000000	1.000000	1.000000	1.000000	1.000000	1.000000	1.000000	1.000000	1.000000	1.000000	432.000000	1.000000
