21 25 0
1.000000	409.000000	820.000000	1814.000000	1672.000000	1037.000000	375.000000	1.000000	1.000000	163.000000	1.000000	602.000000	1437.000000	1387.000000	505.000000	285.000000	276.000000	1.000000	187.000000	651.000000	592.000000
780.000000	844.000000	1116.000000	1506.000000	529.000000	222.000000	1.000000	1.000000	1.000000	420.000000	468.000000	231.000000	395.000000	449.000000	1185.000000	220.000000	399.000000	205.000000	173.000000	166.000000	132.000000
1128.000000	466.000000	428.000000	1.000000	401.000000	806.000000	983.000000	1236.000000	994.000000	478.000000	283.000000	513.000000	315.000000	475.000000	989.000000	1169.000000	502.000000	208.000000	540.000000	324.000000	75.000000
209.000000	902.000000	1.000000	1.000000	1.000000	282.000000	613.000000	1211.000000	1261.000000	1336.000000	899.000000	860.000000	796.000000	1121.000000	1058.000000	2523.000000	1952.000000	584.000000	360.000000	191.000000	841.000000
1447.000000	1207.000000	451.000000	1.000000	1.000000	1.000000	1.000000	1.000000	1.000000	149.000000	314.000000	533.000000	699.000000	631.000000	572.000000	495.000000	911.000000	1215.000000	681.000000	1.000000	193.000000
1.000000	1.000000	1.000000	1.000000	1209.000000	1859.000000	2282.000000	1437.000000	718.000000	1.000000	420.000000	1.000000	1.000000	1.000000	1.000000	291.000000	580.000000	290.000000	335.000000	177.000000	1.000000
635.000000	501.000000	1.000000	1.000000	165.000000	415.000000	927.000000	645.000000	1.000000	1.000000	156.000000	1.000000	1.000000	1.000000	1548.000000	2293.000000	1623.000000	549.000000	1.000000	1.000000	1.000000
1491.000000	505.000000	249.000000	249.000000	1.000000	1.000000	1.000000	1.000000	1.000000	1.000000	267.000000	1.000000	1.000000	1.000000	903.000000	855.000000	383.000000	607.000000	795.000000	347.000000	1.000000
1.000000	1.000000	592.000000	1307.000000	1203.000000	1450.000000	1766.000000	1511.000000	1609.000000	788.000000	1.000000	153.000000	378.000000	1.000000	1.000000	412.000000	411.000000	153.000000	1.000000	690.000000	706.000000
1.000000	1.000000	1.000000	947.000000	1054.000000	2108.000000	2423.000000	1875.000000	999.000000	207.000000	1.000000	1.000000	975.000000	1809.000000	1954.000000	1992.000000	1716.000000	1729.000000	757.000000	611.000000	597.000000
1.000000	1.000000	1.000000	1.000000	238.000000	774.000000	722.000000	372.000000	1.000000	1.000000	322.000000	430.000000	429.000000	731.000000	1636.000000	1891.000000	1836.000000	1918.000000	465.000000	1.000000	1.000000
178.000000	1.000000	1.000000	1.000000	1.000000	1.000000	1.000000	1.000000	1.000000	467.000000	1571.000000	245.000000	1.000000	1.000000	627.000000	876.000000	612.000000	213.000000	1.000000	1.000000	1.000000
757.000000	1.000000	139.000000	153.000000	1.000000	1.000000	1.000000	1.000000	1.000000	1.000000	1.000000	1.000000	1.000000	1.000000	1.000000	1.000000	1.000000	1.000000	1.000000	1.000000	1.000000
1.000000	1.000000	1.000000	1.000000	1.000000	293.000000	1343.000000	1718.000000	1229.000000	1332.000000	846.000000	724.000000	869.000000	421.000000	1.000000	1.000000	1.000000	1.000000	1.000000	361.000000	360.000000
200.000000	274.000000	1.000000	188.000000	554.000000	1231.000000	1625.000000	1580.000000	1865.000000	2022.000000	2291.000000	2530.000000	1878.000000	1405.000000	610.000000	1.000000	1.000000	1.000000	1.000000	1186.000000	1273.000000
1.000000	1.000000	505.000000	896.000000	384.000000	1.000000	1.000000	1.000000	1.000000	1.000000	440.000000	590.000000	658.000000	484.000000	450.000000	283.000000	147.000000	1.000000	1.000000	156.000000	1.000000
1.000000	1.000000	251.000000	310.000000	271.000000	318.000000	750.000000	1107.000000	959.000000	774.000000	818.000000	541.000000	264.000000	263.000000	398.000000	700.000000	569.000000	86.000000	1.000000	1.000000	149.000000
1.000000	1.000000	1.000000	1.000000	1.000000	679.000000	2439.000000	2190.000000	1316.000000	1092.000000	814.000000	899.000000	1533.000000	2033.000000	987.000000	389.000000	201.000000	68.000000	1.000000	139.000000	576.000000
1.000000	1.000000	149.000000	283.000000	303.000000	196.000000	382.000000	244.000000	290.000000	411.000000	585.000000	863.000000	1269.000000	510.000000	1.000000	1.000000	1.000000	1.000000	1.000000	178.000000	84.000000
1.000000	1.000000	1.000000	202.000000	525.000000	737.000000	1431.000000	1869.000000	2170.000000	2135.000000	2028.000000	1709.000000	618.000000	227.000000	1.000000	1.000000	1.000000	1.000000	167.000000	171.000000	1.000000
1.000000	75.000000	1.000000	1.000000	1.000000	178.000000	1277.000000	1374.000000	1678.000000	1900.000000	2024.000000	1925.000000	952.000000	70.000000	1.000000	1.000000	707.000000	885.000000	253.000000	445.000000	179.000000
383.000000	1.000000	244.000000	244.000000	1.000000	1.000000	1.000000	1.000000	1.000000	1.000000	75.000000	75.000000	1.000000	174.000000	217.000000	1.000000	184.000000	184.000000	429.000000	985.000000	394.000000
665.000000	243.000000	357.000000	470.000000	371.000000	475.000000	523.000000	247.000000	199.000000	1.000000	1.000000	224.000000	206.000000	559.000000	829.000000	549.000000	97.000000	1.000000	149.000000	707.000000	761.000000
451.000000	155.000000	1.000000	276.000000	491.000000	964.000000	519.000000	355.000000	386.000000	1.000000	1.000000	155.000000	793.000000	745.000000	390.000000	1.000000	1.000000	1.000000	1.000000	1.000000	1.000000
1.000000	1.000000	1.000000	1.000000	1.000000	1.000000	1.000000	1.000000	1.000000	1.000000	1.000000	1.000000	1.000000	1.000000	1.000000	1.000000	1.000000	1.000000	1.000000	1.000000	1.000000
