21 25 0
1.000000	1.000000	1.000000	1.000000	1.000000	1.000000	495.000000	435.000000	338.000000	316.000000	926.000000	728.000000	134.000000	1.000000	597.000000	1370.000000	876.000000	336.000000	235.000000	195.000000	1.000000
1.000000	1.000000	1.000000	1.000000	1.000000	145.000000	260.000000	485.000000	785.000000	882.000000	881.000000	666.000000	1130.000000	145.000000	207.000000	901.000000	996.000000	873.000000	471.000000	483.000000	278.000000
1.000000	1.000000	1.000000	1.000000	1.000000	1.000000	1.000000	147.000000	1.000000	145.000000	655.000000	812.000000	1432.000000	353.000000	215.000000	284.000000	292.000000	313.000000	69.000000	250.000000	543.000000
1.000000	1.000000	1.000000	217.000000	621.000000	363.000000	833.000000	435.000000	1.000000	1.000000	1.000000	149.000000	287.000000	494.000000	1.000000	299.000000	488.000000	270.000000	762.000000	274.000000	1.000000
1.000000	1.000000	1.000000	1.000000	217.000000	1068.000000	1389.000000	1977.000000	1457.000000	568.000000	235.000000	135.000000	316.000000	565.000000	1819.000000	668.000000	292.000000	246.000000	171.000000	1020.000000	278.000000
481.000000	1.000000	1.000000	1.000000	225.000000	1.000000	475.000000	451.000000	1456.000000	1560.000000	283.000000	135.000000	925.000000	522.000000	1333.000000	2426.000000	1254.000000	1.000000	224.000000	187.000000	872.000000
1.000000	208.000000	219.000000	295.000000	985.000000	948.000000	391.000000	1.000000	1.000000	842.000000	1.000000	1.000000	336.000000	235.000000	1.000000	493.000000	499.000000	1.000000	1.000000	155.000000	195.000000
176.000000	176.000000	1.000000	343.000000	251.000000	1705.000000	2104.000000	881.000000	1.000000	1449.000000	1084.000000	1.000000	1.000000	1.000000	778.000000	1925.000000	881.000000	136.000000	1.000000	389.000000	164.000000
1317.000000	209.000000	1.000000	1.000000	302.000000	1.000000	1.000000	1.000000	1.000000	319.000000	221.000000	1.000000	1.000000	447.000000	194.000000	1536.000000	1616.000000	1677.000000	417.000000	165.000000	1.000000
1651.000000	283.000000	1.000000	270.000000	1.000000	1.000000	1.000000	1.000000	1.000000	1.000000	1.000000	1.000000	1.000000	1.000000	1.000000	102.000000	1.000000	841.000000	899.000000	1.000000	1.000000
1744.000000	608.000000	585.000000	550.000000	461.000000	155.000000	221.000000	1.000000	1.000000	1.000000	1.000000	1.000000	945.000000	689.000000	1.000000	1.000000	1.000000	1.000000	175.000000	1.000000	1.000000
665.000000	454.000000	368.000000	580.000000	661.000000	262.000000	453.000000	1048.000000	478.000000	834.000000	339.000000	1.000000	714.000000	1956.000000	305.000000	283.000000	134.000000	231.000000	1.000000	300.000000	1.000000
447.000000	200.000000	1.000000	159.000000	1.000000	163.000000	373.000000	454.000000	1264.000000	1508.000000	1172.000000	429.000000	1.000000	1545.000000	1083.000000	292.000000	584.000000	1099.000000	1.000000	1.000000	1.000000
952.000000	1.000000	359.000000	1.000000	1.000000	1.000000	1.000000	1.000000	1.000000	323.000000	391.000000	657.000000	1.000000	657.000000	1054.000000	793.000000	270.000000	454.000000	1.000000	1.000000	1.000000
1513.000000	503.000000	208.000000	1.000000	1.000000	1.000000	337.000000	1.000000	1.000000	1.000000	1.000000	1.000000	1.000000	1.000000	412.000000	777.000000	261.000000	79.000000	380.000000	1.000000	144.000000
794.000000	1509.000000	243.000000	1.000000	1.000000	1.000000	1081.000000	2193.000000	1908.000000	395.000000	1.000000	250.000000	871.000000	407.000000	1.000000	207.000000	1.000000	1.000000	259.000000	643.000000	414.000000
1222.000000	1381.000000	247.000000	119.000000	1.000000	1.000000	430.000000	417.000000	590.000000	1011.000000	310.000000	631.000000	1346.000000	1112.000000	1.000000	1.000000	1.000000	1.000000	1.000000	1125.000000	588.000000
1299.000000	1371.000000	956.000000	247.000000	1.000000	1.000000	1.000000	1.000000	1.000000	653.000000	1.000000	1.000000	171.000000	432.000000	110.000000	1.000000	1.000000	1.000000	1.000000	161.000000	1.000000
1307.000000	1481.000000	1715.000000	450.000000	1.000000	1.000000	1.000000	1.000000	1.000000	371.000000	597.000000	1.000000	1.000000	1.000000	70.000000	806.000000	1.000000	493.000000	196.000000	150.000000	444.000000
220.000000	1318.000000	1216.000000	777.000000	695.000000	1.000000	1.000000	1.000000	1.000000	1.000000	1.000000	1.000000	1.000000	1.000000	1.000000	1.000000	1.000000	1.000000	159.000000	641.000000	1.000000
450.000000	848.000000	1023.000000	1006.000000	1775.000000	1254.000000	527.000000	294.000000	1.000000	1.000000	1.000000	1.000000	1.000000	1.000000	465.000000	362.000000	1.000000	1.000000	192.000000	133.000000	427.000000
346.000000	607.000000	897.000000	360.000000	1316.000000	2058.000000	1737.000000	1276.000000	1433.000000	1004.000000	890.000000	493.000000	1.000000	1.000000	1.000000	291.000000	1.000000	141.000000	143.000000	170.000000	1.000000
1.000000	765.000000	595.000000	343.000000	1.000000	1202.000000	1172.000000	903.000000	1242.000000	1480.000000	1511.000000	755.000000	263.000000	1.000000	1.000000	1.000000	175.000000	1.000000	168.000000	340.000000	1.000000
1.000000	1.000000	769.000000	343.000000	1.000000	1.000000	1.000000	1.000000	1.000000	1.000000	1.000000	1.000000	1.000000	1.000000	1.000000	1.000000	1.000000	186.000000	177.000000	229.000000	1.000000
1.000000	1.000000	1.000000	1.000000	1.000000	1.000000	1.000000	1.000000	1.000000	1.000000	1.000000	1.000000	1.000000	1.000000	1.000000	1.000000	1.000000	1.000000	1.000000	1.000000	1.000000
