21 25 0
1357.000000	586.000000	420.000000	77.000000	1.000000	581.000000	1410.000000	1861.000000	1538.000000	1579.000000	1434.000000	598.000000	216.000000	208.000000	155.000000	310.000000	742.000000	479.000000	350.000000	262.000000	1.000000
671.000000	103.000000	67.000000	1.000000	597.000000	740.000000	1718.000000	1526.000000	908.000000	916.000000	1251.000000	613.000000	441.000000	156.000000	190.000000	219.000000	795.000000	1040.000000	1036.000000	921.000000	298.000000
1.000000	1.000000	415.000000	67.000000	1.000000	213.000000	149.000000	153.000000	153.000000	153.000000	654.000000	613.000000	674.000000	1.000000	197.000000	166.000000	262.000000	189.000000	452.000000	278.000000	666.000000
1.000000	1.000000	1.000000	274.000000	1063.000000	1451.000000	1318.000000	1098.000000	314.000000	229.000000	71.000000	1.000000	151.000000	1.000000	1.000000	195.000000	268.000000	284.000000	490.000000	1.000000	1.000000
1.000000	1.000000	363.000000	950.000000	1514.000000	1669.000000	2609.000000	2781.000000	2201.000000	1398.000000	249.000000	259.000000	261.000000	873.000000	1553.000000	1068.000000	738.000000	248.000000	171.000000	1.000000	630.000000
1.000000	1.000000	165.000000	1.000000	1.000000	1.000000	453.000000	737.000000	1127.000000	1132.000000	256.000000	471.000000	1672.000000	2150.000000	2431.000000	2152.000000	1915.000000	404.000000	202.000000	1.000000	1.000000
1.000000	1.000000	496.000000	489.000000	1013.000000	1062.000000	771.000000	685.000000	472.000000	1.000000	1.000000	1.000000	964.000000	851.000000	121.000000	121.000000	513.000000	1.000000	1.000000	1.000000	164.000000
1.000000	1.000000	270.000000	721.000000	1299.000000	2699.000000	3088.000000	2275.000000	681.000000	215.000000	1.000000	1.000000	1.000000	249.000000	837.000000	1526.000000	1868.000000	1128.000000	1.000000	1.000000	1.000000
1.000000	1.000000	1.000000	1.000000	1.000000	483.000000	203.000000	1.000000	1.000000	1.000000	1.000000	1.000000	1.000000	1.000000	823.000000	2533.000000	2362.000000	1958.000000	137.000000	1.000000	1.000000
344.000000	164.000000	1.000000	69.000000	1.000000	1.000000	1.000000	1.000000	1.000000	166.000000	373.000000	1.000000	1.000000	1.000000	1.000000	1.000000	1.000000	1.000000	1.000000	1.000000	1.000000
1.000000	330.000000	663.000000	765.000000	328.000000	538.000000	535.000000	705.000000	418.000000	276.000000	114.000000	114.000000	1.000000	276.000000	1.000000	1.000000	1.000000	1.000000	1.000000	446.000000	445.000000
1.000000	157.000000	332.000000	612.000000	903.000000	1661.000000	1792.000000	1744.000000	734.000000	205.000000	205.000000	205.000000	204.000000	1492.000000	616.000000	793.000000	499.000000	138.000000	314.000000	1456.000000	1458.000000
1.000000	203.000000	1.000000	157.000000	566.000000	1129.000000	848.000000	842.000000	1170.000000	1317.000000	1883.000000	2207.000000	1188.000000	1342.000000	1422.000000	1420.000000	1156.000000	1196.000000	1450.000000	1057.000000	219.000000
257.000000	1.000000	315.000000	681.000000	752.000000	1.000000	1.000000	1.000000	251.000000	1117.000000	1599.000000	1670.000000	439.000000	335.000000	685.000000	829.000000	339.000000	360.000000	659.000000	538.000000	1.000000
747.000000	507.000000	1.000000	163.000000	1.000000	1.000000	405.000000	396.000000	512.000000	383.000000	1.000000	1.000000	1.000000	1.000000	1.000000	307.000000	383.000000	566.000000	160.000000	174.000000	1.000000
473.000000	473.000000	1.000000	1.000000	1.000000	1.000000	2364.000000	2835.000000	2511.000000	1928.000000	1360.000000	1605.000000	1549.000000	1075.000000	1.000000	1.000000	523.000000	518.000000	516.000000	671.000000	184.000000
1.000000	1.000000	248.000000	247.000000	1.000000	215.000000	622.000000	938.000000	1168.000000	1575.000000	1299.000000	1407.000000	2065.000000	1446.000000	1.000000	1.000000	1.000000	1.000000	421.000000	1359.000000	495.000000
509.000000	670.000000	932.000000	1.000000	1.000000	289.000000	239.000000	187.000000	291.000000	751.000000	688.000000	95.000000	120.000000	1.000000	1.000000	433.000000	456.000000	198.000000	1.000000	161.000000	1.000000
1315.000000	1672.000000	700.000000	1.000000	1.000000	297.000000	725.000000	602.000000	1403.000000	1422.000000	1165.000000	275.000000	1.000000	266.000000	627.000000	1040.000000	735.000000	1475.000000	588.000000	159.000000	145.000000
191.000000	344.000000	308.000000	582.000000	547.000000	1.000000	351.000000	350.000000	1.000000	1.000000	1.000000	1.000000	1.000000	363.000000	780.000000	560.000000	448.000000	1.000000	160.000000	167.000000	332.000000
1.000000	405.000000	405.000000	1133.000000	1434.000000	1005.000000	698.000000	593.000000	621.000000	603.000000	542.000000	535.000000	565.000000	395.000000	1183.000000	225.000000	1.000000	1.000000	192.000000	306.000000	429.000000
1.000000	85.000000	1.000000	300.000000	1180.000000	1745.000000	1976.000000	2190.000000	2292.000000	2109.000000	1741.000000	1950.000000	1869.000000	1625.000000	393.000000	110.000000	1.000000	333.000000	238.000000	405.000000	1.000000
1.000000	596.000000	423.000000	1.000000	1.000000	590.000000	1367.000000	1715.000000	1485.000000	1535.000000	1701.000000	1974.000000	1270.000000	87.000000	1.000000	1.000000	604.000000	687.000000	234.000000	1.000000	1.000000
212.000000	1.000000	1.000000	1.000000	1.000000	1.000000	1.000000	1.000000	1.000000	1.000000	127.000000	76.000000	1.000000	1.000000	1.000000	159.000000	1.000000	95.000000	1.000000	1.000000	1.000000
1.000000	1.000000	1.000000	1.000000	1.000000	1.000000	1.000000	1.000000	1.000000	1.000000	1.000000	1.000000	1.000000	1.000000	1.000000	1.000000	1.000000	1.000000	1.000000	1.000000	1.000000
