21 25 0
1501.000000	560.000000	349.000000	99.000000	1.000000	1.000000	1.000000	335.000000	517.000000	419.000000	1.000000	367.000000	1098.000000	993.000000	427.000000	158.000000	398.000000	1.000000	1.000000	1.000000	1.000000
1152.000000	463.000000	95.000000	1.000000	445.000000	427.000000	286.000000	233.000000	284.000000	384.000000	217.000000	1.000000	186.000000	991.000000	1729.000000	501.000000	85.000000	1.000000	1.000000	1.000000	1.000000
1145.000000	1.000000	129.000000	244.000000	617.000000	356.000000	343.000000	80.000000	169.000000	68.000000	200.000000	163.000000	1.000000	429.000000	1605.000000	1233.000000	1.000000	1.000000	1.000000	162.000000	1.000000
643.000000	1.000000	638.000000	890.000000	1130.000000	226.000000	239.000000	1.000000	1.000000	1.000000	166.000000	1.000000	1.000000	378.000000	458.000000	1021.000000	165.000000	1.000000	184.000000	1.000000	162.000000
455.000000	719.000000	1036.000000	1760.000000	527.000000	466.000000	188.000000	1.000000	1.000000	1.000000	1.000000	1.000000	1.000000	378.000000	554.000000	1.000000	379.000000	111.000000	157.000000	1.000000	1.000000
623.000000	459.000000	1620.000000	1182.000000	1.000000	204.000000	614.000000	192.000000	1.000000	1.000000	1.000000	619.000000	409.000000	1.000000	293.000000	1.000000	1.000000	421.000000	373.000000	510.000000	1.000000
941.000000	911.000000	1669.000000	1034.000000	1.000000	197.000000	384.000000	490.000000	288.000000	1.000000	1.000000	2153.000000	1432.000000	1.000000	1.000000	1.000000	1.000000	797.000000	776.000000	633.000000	325.000000
864.000000	1737.000000	2559.000000	970.000000	401.000000	810.000000	639.000000	491.000000	190.000000	1.000000	249.000000	2800.000000	1852.000000	1.000000	1.000000	237.000000	1.000000	411.000000	655.000000	1304.000000	643.000000
306.000000	1273.000000	2241.000000	965.000000	871.000000	953.000000	277.000000	1.000000	190.000000	1.000000	205.000000	2660.000000	1083.000000	194.000000	746.000000	879.000000	244.000000	252.000000	698.000000	1483.000000	909.000000
305.000000	273.000000	1033.000000	273.000000	248.000000	364.000000	1.000000	1.000000	232.000000	1.000000	176.000000	2364.000000	626.000000	85.000000	1043.000000	320.000000	245.000000	136.000000	663.000000	1428.000000	1603.000000
144.000000	287.000000	450.000000	194.000000	140.000000	1.000000	1.000000	1.000000	1.000000	1.000000	288.000000	2120.000000	792.000000	1.000000	1107.000000	1.000000	1.000000	700.000000	1032.000000	1523.000000	1829.000000
144.000000	841.000000	750.000000	297.000000	70.000000	1.000000	246.000000	1.000000	1.000000	1.000000	247.000000	2294.000000	621.000000	1.000000	944.000000	1.000000	1.000000	828.000000	1177.000000	1924.000000	1414.000000
353.000000	605.000000	593.000000	407.000000	330.000000	415.000000	239.000000	1.000000	1.000000	1.000000	787.000000	2307.000000	317.000000	1.000000	1.000000	1.000000	1.000000	962.000000	1399.000000	1903.000000	558.000000
392.000000	492.000000	949.000000	687.000000	580.000000	441.000000	1.000000	1.000000	271.000000	606.000000	1405.000000	886.000000	188.000000	1.000000	1.000000	1.000000	1.000000	953.000000	802.000000	1408.000000	499.000000
661.000000	548.000000	1704.000000	891.000000	88.000000	1.000000	1.000000	1.000000	271.000000	608.000000	1156.000000	336.000000	1.000000	1.000000	1.000000	1.000000	205.000000	1018.000000	417.000000	1033.000000	618.000000
875.000000	1437.000000	1546.000000	542.000000	246.000000	1.000000	343.000000	1.000000	1.000000	1.000000	652.000000	860.000000	1.000000	286.000000	1.000000	1.000000	915.000000	1663.000000	816.000000	1.000000	1.000000
507.000000	1218.000000	487.000000	1249.000000	252.000000	134.000000	928.000000	1.000000	1.000000	1.000000	1.000000	1567.000000	1.000000	1.000000	1.000000	134.000000	918.000000	1244.000000	1522.000000	226.000000	1.000000
485.000000	778.000000	795.000000	1659.000000	156.000000	1.000000	897.000000	115.000000	1.000000	130.000000	1.000000	980.000000	1.000000	1.000000	1.000000	944.000000	825.000000	1713.000000	1231.000000	188.000000	1.000000
1441.000000	282.000000	1003.000000	1072.000000	1.000000	193.000000	473.000000	469.000000	820.000000	130.000000	1.000000	339.000000	1.000000	1.000000	156.000000	1034.000000	713.000000	1881.000000	438.000000	173.000000	1.000000
1052.000000	457.000000	500.000000	556.000000	1.000000	1.000000	573.000000	627.000000	412.000000	1.000000	1.000000	1.000000	1.000000	254.000000	980.000000	797.000000	783.000000	1480.000000	310.000000	155.000000	150.000000
684.000000	309.000000	522.000000	931.000000	1.000000	1.000000	203.000000	153.000000	1.000000	1.000000	1.000000	548.000000	1349.000000	1592.000000	1145.000000	743.000000	625.000000	1620.000000	349.000000	241.000000	151.000000
931.000000	207.000000	703.000000	1216.000000	650.000000	1.000000	102.000000	176.000000	1.000000	1.000000	1.000000	1448.000000	1817.000000	1820.000000	426.000000	465.000000	897.000000	1793.000000	631.000000	444.000000	429.000000
392.000000	687.000000	610.000000	931.000000	893.000000	1.000000	102.000000	1.000000	1.000000	1.000000	1.000000	383.000000	1626.000000	235.000000	283.000000	1.000000	1109.000000	1132.000000	622.000000	473.000000	423.000000
245.000000	249.000000	176.000000	609.000000	473.000000	1.000000	102.000000	1.000000	1.000000	1.000000	1.000000	1.000000	239.000000	1.000000	1.000000	1.000000	865.000000	387.000000	259.000000	344.000000	1.000000
1.000000	1.000000	1.000000	1.000000	1.000000	1.000000	1.000000	1.000000	1.000000	1.000000	1.000000	1.000000	1.000000	1.000000	1.000000	1.000000	1.000000	1.000000	1.000000	1.000000	1.000000
