21 25 0
1944.000000	1163.000000	961.000000	98.000000	222.000000	159.000000	284.000000	475.000000	307.000000	632.000000	70.000000	1.000000	1.000000	1.000000	1.000000	1.000000	1.000000	1.000000	1.000000	1.000000	1.000000
701.000000	763.000000	95.000000	406.000000	832.000000	1632.000000	939.000000	944.000000	614.000000	838.000000	428.000000	1.000000	1.000000	1.000000	421.000000	1.000000	170.000000	1.000000	1.000000	1.000000	1.000000
315.000000	1.000000	452.000000	324.000000	961.000000	295.000000	363.000000	1.000000	143.000000	141.000000	1.000000	1.000000	1.000000	1.000000	1.000000	1.000000	1.000000	1.000000	1.000000	1.000000	74.000000
401.000000	1.000000	391.000000	618.000000	1008.000000	466.000000	401.000000	605.000000	274.000000	316.000000	1.000000	1.000000	1.000000	1.000000	1.000000	1.000000	268.000000	1.000000	1.000000	1.000000	1.000000
179.000000	389.000000	765.000000	1611.000000	1529.000000	701.000000	187.000000	771.000000	1.000000	660.000000	1.000000	1.000000	1.000000	1.000000	409.000000	768.000000	1.000000	1.000000	1.000000	1.000000	1.000000
183.000000	491.000000	721.000000	1128.000000	211.000000	1.000000	1.000000	1.000000	1.000000	1.000000	1.000000	187.000000	1144.000000	1636.000000	1904.000000	159.000000	1.000000	1.000000	1.000000	145.000000	1.000000
299.000000	253.000000	471.000000	270.000000	1.000000	236.000000	382.000000	691.000000	720.000000	1.000000	1.000000	318.000000	2038.000000	749.000000	1.000000	1.000000	1.000000	1.000000	1.000000	277.000000	177.000000
485.000000	547.000000	1198.000000	1204.000000	1054.000000	1929.000000	2362.000000	693.000000	108.000000	1.000000	1.000000	2119.000000	1345.000000	1.000000	1.000000	598.000000	1336.000000	708.000000	544.000000	181.000000	193.000000
465.000000	69.000000	1278.000000	285.000000	1.000000	427.000000	277.000000	1.000000	1.000000	1.000000	1.000000	2216.000000	1.000000	1.000000	283.000000	1335.000000	1081.000000	1613.000000	1.000000	1.000000	1.000000
296.000000	447.000000	482.000000	1.000000	1.000000	1.000000	1.000000	1.000000	1.000000	1.000000	1.000000	1108.000000	1.000000	1.000000	1.000000	1.000000	200.000000	1.000000	405.000000	1.000000	1014.000000
220.000000	558.000000	548.000000	407.000000	1.000000	1.000000	166.000000	666.000000	136.000000	1.000000	260.000000	1.000000	1.000000	1.000000	1.000000	1.000000	1.000000	1.000000	341.000000	1025.000000	1471.000000
142.000000	631.000000	897.000000	153.000000	1.000000	526.000000	1228.000000	1264.000000	138.000000	1.000000	1.000000	692.000000	690.000000	1.000000	1.000000	1.000000	1.000000	443.000000	1292.000000	1714.000000	1646.000000
628.000000	629.000000	172.000000	1.000000	699.000000	1394.000000	1007.000000	1.000000	1.000000	1.000000	672.000000	2828.000000	419.000000	1.000000	366.000000	191.000000	1.000000	1007.000000	1180.000000	2020.000000	526.000000
660.000000	292.000000	177.000000	898.000000	1131.000000	512.000000	1.000000	1.000000	1.000000	1.000000	1171.000000	700.000000	188.000000	1.000000	399.000000	1.000000	1.000000	884.000000	1143.000000	1092.000000	1.000000
1.000000	1.000000	325.000000	508.000000	144.000000	1.000000	1.000000	322.000000	1.000000	169.000000	269.000000	1.000000	1.000000	1.000000	1.000000	1.000000	1.000000	1236.000000	510.000000	187.000000	1.000000
1.000000	1.000000	154.000000	1.000000	1.000000	1.000000	836.000000	876.000000	264.000000	737.000000	329.000000	868.000000	1049.000000	340.000000	1.000000	1.000000	892.000000	904.000000	587.000000	615.000000	239.000000
1.000000	1.000000	1.000000	1.000000	1.000000	200.000000	563.000000	510.000000	474.000000	1.000000	468.000000	2067.000000	1075.000000	69.000000	1.000000	1.000000	915.000000	588.000000	1716.000000	482.000000	175.000000
1.000000	1.000000	1.000000	1.000000	191.000000	1.000000	1.000000	159.000000	1.000000	479.000000	680.000000	1.000000	1.000000	1.000000	1.000000	373.000000	1053.000000	1574.000000	1041.000000	187.000000	1.000000
1.000000	1.000000	1.000000	1.000000	1.000000	1.000000	145.000000	151.000000	459.000000	883.000000	311.000000	1.000000	1.000000	1.000000	366.000000	1166.000000	461.000000	1815.000000	428.000000	297.000000	1.000000
1.000000	261.000000	155.000000	134.000000	1.000000	1.000000	1.000000	351.000000	245.000000	1.000000	1.000000	1.000000	1.000000	300.000000	990.000000	645.000000	622.000000	790.000000	1.000000	139.000000	179.000000
321.000000	155.000000	129.000000	209.000000	254.000000	1.000000	1.000000	1.000000	1.000000	1.000000	1.000000	518.000000	741.000000	1255.000000	1388.000000	446.000000	94.000000	242.000000	192.000000	231.000000	71.000000
1.000000	86.000000	68.000000	285.000000	1.000000	267.000000	1.000000	664.000000	668.000000	1008.000000	753.000000	1607.000000	2082.000000	2030.000000	760.000000	103.000000	286.000000	1091.000000	303.000000	238.000000	1.000000
133.000000	1.000000	173.000000	1.000000	1.000000	1.000000	328.000000	479.000000	1209.000000	1481.000000	1196.000000	1506.000000	1550.000000	335.000000	283.000000	1.000000	1227.000000	729.000000	452.000000	1.000000	1.000000
1.000000	1.000000	1.000000	141.000000	1.000000	1.000000	1.000000	1.000000	1.000000	1.000000	1.000000	1.000000	1.000000	1.000000	1.000000	1.000000	927.000000	219.000000	111.000000	1.000000	1.000000
1.000000	1.000000	1.000000	1.000000	1.000000	1.000000	1.000000	1.000000	1.000000	1.000000	1.000000	1.000000	1.000000	1.000000	1.000000	1.000000	1.000000	1.000000	1.000000	1.000000	1.000000
