21 25 0
872.000000	479.000000	1.000000	711.000000	1.000000	141.000000	557.000000	1027.000000	603.000000	887.000000	1171.000000	1419.000000	1372.000000	841.000000	185.000000	379.000000	1.000000	472.000000	627.000000	421.000000	801.000000
723.000000	459.000000	1.000000	361.000000	310.000000	672.000000	1440.000000	1380.000000	1038.000000	870.000000	680.000000	1299.000000	1092.000000	515.000000	803.000000	785.000000	813.000000	249.000000	191.000000	705.000000	429.000000
641.000000	1.000000	1.000000	1.000000	313.000000	871.000000	626.000000	525.000000	355.000000	81.000000	261.000000	695.000000	473.000000	381.000000	728.000000	361.000000	1.000000	203.000000	901.000000	481.000000	441.000000
363.000000	141.000000	475.000000	139.000000	277.000000	273.000000	145.000000	1.000000	1.000000	1.000000	1.000000	1.000000	167.000000	1.000000	1.000000	1.000000	1.000000	1.000000	555.000000	1.000000	533.000000
459.000000	803.000000	487.000000	1.000000	1.000000	1.000000	293.000000	291.000000	1.000000	1.000000	1.000000	1.000000	1.000000	1.000000	1.000000	1.000000	1.000000	1.000000	659.000000	822.000000	667.000000
408.000000	1.000000	1.000000	1.000000	147.000000	1013.000000	1003.000000	467.000000	1218.000000	429.000000	1.000000	1.000000	1.000000	1.000000	1.000000	1.000000	1.000000	403.000000	995.000000	950.000000	557.000000
1.000000	1.000000	239.000000	785.000000	1440.000000	2756.000000	2374.000000	1954.000000	1428.000000	201.000000	1.000000	191.000000	436.000000	1347.000000	954.000000	1.000000	301.000000	1051.000000	1141.000000	551.000000	853.000000
264.000000	1.000000	257.000000	1035.000000	977.000000	1356.000000	629.000000	655.000000	201.000000	1.000000	255.000000	1229.000000	2683.000000	1487.000000	805.000000	1.000000	787.000000	925.000000	616.000000	771.000000	1421.000000
465.000000	1.000000	1.000000	1.000000	1.000000	1.000000	1.000000	1.000000	1.000000	1.000000	749.000000	2261.000000	1580.000000	1.000000	1.000000	1.000000	229.000000	407.000000	221.000000	1.000000	1165.000000
333.000000	336.000000	1.000000	1.000000	1.000000	1.000000	1.000000	1.000000	1.000000	1.000000	1193.000000	2381.000000	437.000000	1.000000	1.000000	1.000000	1.000000	1.000000	1.000000	1089.000000	1.000000
337.000000	754.000000	1.000000	1.000000	1.000000	129.000000	1.000000	1.000000	1.000000	1.000000	1217.000000	1802.000000	1.000000	1.000000	1.000000	1.000000	1.000000	270.000000	508.000000	781.000000	277.000000
1561.000000	391.000000	1.000000	1.000000	138.000000	1.000000	559.000000	1820.000000	418.000000	1.000000	905.000000	165.000000	1.000000	1.000000	1.000000	1.000000	615.000000	641.000000	1256.000000	915.000000	481.000000
935.000000	1.000000	1.000000	1.000000	1.000000	1245.000000	2670.000000	797.000000	1.000000	1.000000	815.000000	1.000000	1.000000	1.000000	369.000000	1241.000000	1674.000000	1762.000000	1643.000000	427.000000	348.000000
1.000000	1.000000	1.000000	1.000000	705.000000	2750.000000	1205.000000	1.000000	1.000000	1165.000000	1432.000000	1725.000000	1001.000000	1.000000	1.000000	1931.000000	1885.000000	1331.000000	693.000000	199.000000	315.000000
1.000000	1.000000	1.000000	1.000000	699.000000	835.000000	1.000000	1.000000	1743.000000	2968.000000	2570.000000	2063.000000	157.000000	1.000000	835.000000	2111.000000	1026.000000	387.000000	1.000000	1.000000	201.000000
1.000000	1.000000	1.000000	1.000000	1055.000000	413.000000	203.000000	257.000000	887.000000	499.000000	1.000000	1.000000	1.000000	817.000000	1830.000000	403.000000	1.000000	221.000000	258.000000	177.000000	1.000000
1.000000	1.000000	1.000000	1.000000	2335.000000	1297.000000	1.000000	1.000000	1.000000	1.000000	1.000000	159.000000	171.000000	697.000000	345.000000	1.000000	279.000000	315.000000	450.000000	403.000000	351.000000
129.000000	291.000000	1.000000	1.000000	445.000000	220.000000	1.000000	1.000000	1.000000	1.000000	225.000000	1.000000	1.000000	1.000000	1.000000	475.000000	1187.000000	1627.000000	623.000000	385.000000	1.000000
292.000000	1.000000	289.000000	302.000000	217.000000	457.000000	1.000000	1.000000	1.000000	1.000000	1.000000	1.000000	1.000000	1.000000	766.000000	1180.000000	1356.000000	1218.000000	691.000000	1.000000	1.000000
1.000000	1.000000	1.000000	209.000000	1.000000	1.000000	1.000000	1.000000	1.000000	1.000000	1.000000	1.000000	265.000000	1217.000000	1861.000000	749.000000	816.000000	727.000000	173.000000	1.000000	1.000000
1.000000	1.000000	1.000000	737.000000	183.000000	1.000000	1.000000	935.000000	1542.000000	2458.000000	1361.000000	1241.000000	2006.000000	2313.000000	1379.000000	579.000000	779.000000	451.000000	1.000000	1.000000	251.000000
1.000000	1.000000	1.000000	1.000000	1.000000	1.000000	355.000000	301.000000	1562.000000	1367.000000	831.000000	1207.000000	1658.000000	431.000000	1.000000	1.000000	481.000000	403.000000	338.000000	219.000000	527.000000
1.000000	1.000000	1.000000	1.000000	1.000000	643.000000	237.000000	127.000000	127.000000	1.000000	1.000000	1.000000	1.000000	1.000000	1.000000	1.000000	1.000000	1.000000	493.000000	427.000000	317.000000
1.000000	1.000000	1.000000	1.000000	1.000000	1.000000	1.000000	1.000000	1.000000	1.000000	1.000000	1.000000	1.000000	1.000000	1.000000	1.000000	1.000000	1.000000	1.000000	1.000000	1.000000
1.000000	1.000000	1.000000	1.000000	1.000000	1.000000	1.000000	1.000000	1.000000	1.000000	1.000000	1.000000	1.000000	1.000000	1.000000	1.000000	1.000000	1.000000	1.000000	1.000000	1.000000
