21 25 0
1.000000	1.000000	1.000000	403.000000	865.000000	1.000000	1.000000	183.000000	470.000000	327.000000	207.000000	345.000000	185.000000	1.000000	167.000000	987.000000	1535.000000	1007.000000	1.000000	303.000000	867.000000
139.000000	410.000000	1.000000	1.000000	715.000000	1.000000	1.000000	1.000000	684.000000	942.000000	1136.000000	903.000000	157.000000	325.000000	470.000000	764.000000	1728.000000	1132.000000	659.000000	241.000000	295.000000
135.000000	472.000000	363.000000	1.000000	493.000000	1.000000	1.000000	1.000000	175.000000	329.000000	157.000000	489.000000	353.000000	1.000000	1.000000	179.000000	409.000000	519.000000	309.000000	1.000000	142.000000
1.000000	580.000000	1046.000000	485.000000	1003.000000	1.000000	1.000000	1.000000	1.000000	1.000000	1.000000	143.000000	1.000000	1.000000	1.000000	1.000000	1.000000	1.000000	1.000000	1.000000	1.000000
495.000000	1016.000000	1345.000000	1.000000	713.000000	955.000000	1.000000	1.000000	1.000000	1.000000	1.000000	1.000000	1.000000	1.000000	1.000000	1.000000	1.000000	1.000000	1.000000	1.000000	317.000000
1.000000	810.000000	1.000000	825.000000	689.000000	813.000000	998.000000	2096.000000	755.000000	1.000000	1.000000	1.000000	209.000000	1.000000	389.000000	235.000000	1.000000	1.000000	1.000000	1.000000	1.000000
1.000000	1.000000	197.000000	375.000000	291.000000	223.000000	339.000000	2471.000000	2905.000000	1901.000000	1.000000	227.000000	1355.000000	1863.000000	2601.000000	1943.000000	1139.000000	246.000000	1.000000	1.000000	127.000000
1.000000	261.000000	329.000000	1.000000	197.000000	1.000000	1.000000	463.000000	2431.000000	2675.000000	1.000000	1.000000	1.000000	1157.000000	2309.000000	2647.000000	2800.000000	1474.000000	667.000000	1.000000	195.000000
1.000000	382.000000	545.000000	381.000000	1.000000	1.000000	1.000000	1.000000	493.000000	2343.000000	1.000000	1.000000	1.000000	1.000000	1.000000	233.000000	1652.000000	1288.000000	1117.000000	303.000000	1.000000
1.000000	217.000000	1284.000000	1003.000000	383.000000	1.000000	1.000000	1.000000	1.000000	907.000000	388.000000	1.000000	1.000000	1.000000	1.000000	1.000000	1.000000	690.000000	625.000000	305.000000	303.000000
1.000000	213.000000	1038.000000	1732.000000	1132.000000	173.000000	1.000000	1.000000	1.000000	1.000000	1.000000	1.000000	1.000000	280.000000	1.000000	1.000000	1.000000	1.000000	529.000000	1.000000	153.000000
813.000000	1.000000	213.000000	473.000000	401.000000	133.000000	225.000000	1117.000000	1.000000	1.000000	1.000000	203.000000	1511.000000	1639.000000	317.000000	1.000000	1.000000	1.000000	1.000000	219.000000	157.000000
596.000000	157.000000	171.000000	648.000000	776.000000	1.000000	1.000000	768.000000	1.000000	1.000000	1.000000	1.000000	1335.000000	2542.000000	1339.000000	254.000000	1.000000	1.000000	455.000000	1.000000	705.000000
205.000000	196.000000	1.000000	1.000000	400.000000	433.000000	1.000000	1743.000000	2375.000000	1220.000000	765.000000	1.000000	345.000000	1505.000000	1839.000000	510.000000	252.000000	1.000000	1.000000	576.000000	925.000000
175.000000	684.000000	205.000000	145.000000	1.000000	401.000000	445.000000	429.000000	611.000000	1743.000000	1502.000000	1313.000000	383.000000	688.000000	838.000000	1225.000000	171.000000	1.000000	197.000000	164.000000	375.000000
1.000000	762.000000	1499.000000	463.000000	1.000000	1.000000	957.000000	798.000000	1.000000	1.000000	511.000000	1.000000	1465.000000	461.000000	1.000000	555.000000	1.000000	1.000000	1.000000	1.000000	1.000000
1.000000	1.000000	1457.000000	1414.000000	651.000000	1.000000	135.000000	217.000000	337.000000	1.000000	1.000000	1.000000	227.000000	1.000000	1.000000	655.000000	1.000000	1.000000	1.000000	143.000000	1.000000
1.000000	1.000000	221.000000	1226.000000	1179.000000	669.000000	1.000000	1.000000	1.000000	295.000000	759.000000	415.000000	1.000000	1.000000	357.000000	1.000000	1.000000	1.000000	1.000000	195.000000	1.000000
1.000000	1.000000	1.000000	351.000000	735.000000	988.000000	997.000000	1.000000	1.000000	1.000000	1.000000	1.000000	1.000000	1.000000	1.000000	1.000000	1.000000	1.000000	231.000000	533.000000	391.000000
235.000000	1.000000	1.000000	1.000000	834.000000	1313.000000	2591.000000	1282.000000	379.000000	1.000000	1.000000	1.000000	1.000000	1.000000	1.000000	1.000000	1.000000	245.000000	296.000000	839.000000	273.000000
1.000000	193.000000	594.000000	1.000000	1.000000	1024.000000	1923.000000	2772.000000	1543.000000	782.000000	687.000000	840.000000	552.000000	201.000000	1.000000	1.000000	1.000000	1.000000	285.000000	298.000000	418.000000
139.000000	227.000000	575.000000	1.000000	481.000000	1.000000	798.000000	1417.000000	1716.000000	997.000000	1260.000000	1339.000000	331.000000	1.000000	1.000000	1.000000	457.000000	1.000000	1.000000	1.000000	479.000000
145.000000	139.000000	1.000000	425.000000	223.000000	1.000000	1.000000	1.000000	165.000000	1.000000	1.000000	131.000000	1.000000	1.000000	1.000000	1.000000	1.000000	457.000000	1.000000	1.000000	129.000000
1.000000	1.000000	1.000000	1.000000	1.000000	1.000000	1.000000	1.000000	1.000000	1.000000	1.000000	1.000000	1.000000	1.000000	1.000000	1.000000	1.000000	1.000000	1.000000	1.000000	1.000000
1.000000	1.000000	1.000000	1.000000	1.000000	1.000000	1.000000	1.000000	1.000000	1.000000	1.000000	1.000000	1.000000	1.000000	1.000000	1.000000	1.000000	1.000000	1.000000	1.000000	1.000000
