21 25 0
1.000000	1.000000	419.000000	1160.000000	1333.000000	1401.000000	381.000000	1.000000	1.000000	1.000000	1.000000	1.000000	1.000000	1.000000	1.000000	1.000000	183.000000	1.000000	165.000000	1.000000	1.000000
1.000000	1.000000	372.000000	740.000000	1319.000000	917.000000	1.000000	1.000000	1.000000	1.000000	1.000000	1.000000	1.000000	1.000000	1.000000	1.000000	382.000000	1.000000	1.000000	1.000000	1.000000
1.000000	1.000000	479.000000	794.000000	959.000000	487.000000	1.000000	1.000000	1.000000	337.000000	1.000000	1.000000	1.000000	1.000000	1.000000	397.000000	648.000000	415.000000	1.000000	1.000000	277.000000
1.000000	221.000000	1008.000000	876.000000	845.000000	705.000000	303.000000	151.000000	998.000000	630.000000	1.000000	750.000000	909.000000	616.000000	539.000000	942.000000	1481.000000	777.000000	197.000000	241.000000	151.000000
1.000000	684.000000	1726.000000	503.000000	1527.000000	1.000000	1.000000	145.000000	305.000000	143.000000	179.000000	693.000000	880.000000	1392.000000	313.000000	687.000000	1655.000000	501.000000	1.000000	1.000000	1.000000
1.000000	793.000000	1771.000000	673.000000	817.000000	1.000000	1.000000	1.000000	1.000000	1.000000	163.000000	309.000000	301.000000	603.000000	1.000000	68.000000	621.000000	1.000000	1.000000	1.000000	453.000000
287.000000	880.000000	769.000000	275.000000	1.000000	1.000000	1.000000	1.000000	1.000000	1.000000	1.000000	1.000000	1.000000	1.000000	1.000000	1.000000	1.000000	1.000000	1.000000	453.000000	749.000000
1.000000	302.000000	1.000000	275.000000	1.000000	1.000000	1.000000	1.000000	1.000000	1912.000000	1804.000000	1.000000	1.000000	1.000000	353.000000	1.000000	1.000000	1.000000	1.000000	339.000000	475.000000
1.000000	1.000000	1.000000	363.000000	289.000000	1125.000000	143.000000	141.000000	1433.000000	3768.000000	2107.000000	1.000000	1.000000	1036.000000	313.000000	1.000000	1.000000	556.000000	853.000000	570.000000	495.000000
1.000000	1.000000	337.000000	387.000000	527.000000	683.000000	502.000000	1153.000000	2672.000000	2612.000000	1.000000	1.000000	1179.000000	2239.000000	1.000000	521.000000	1102.000000	1890.000000	1547.000000	621.000000	401.000000
1.000000	211.000000	351.000000	1.000000	323.000000	1.000000	742.000000	984.000000	356.000000	305.000000	1.000000	247.000000	1357.000000	2154.000000	268.000000	1516.000000	1782.000000	1539.000000	507.000000	217.000000	439.000000
1.000000	191.000000	623.000000	403.000000	1.000000	257.000000	1.000000	1.000000	143.000000	290.000000	1.000000	1.000000	411.000000	1844.000000	349.000000	176.000000	183.000000	227.000000	1.000000	323.000000	325.000000
181.000000	870.000000	642.000000	319.000000	733.000000	1.000000	1.000000	365.000000	1934.000000	1017.000000	1.000000	1.000000	317.000000	845.000000	1.000000	1.000000	1.000000	1.000000	1.000000	82.000000	805.000000
1.000000	976.000000	447.000000	319.000000	1.000000	1.000000	1.000000	2693.000000	673.000000	1.000000	1.000000	1.000000	1.000000	1.000000	1.000000	1.000000	1.000000	1.000000	1.000000	451.000000	401.000000
152.000000	467.000000	1000.000000	347.000000	1.000000	1.000000	1479.000000	460.000000	1.000000	1.000000	1.000000	1.000000	1.000000	825.000000	1.000000	1.000000	314.000000	285.000000	1.000000	373.000000	415.000000
1.000000	1.000000	561.000000	1.000000	1.000000	1.000000	1.000000	1.000000	1.000000	1.000000	865.000000	383.000000	989.000000	1.000000	1.000000	894.000000	1631.000000	570.000000	519.000000	290.000000	315.000000
1.000000	1.000000	1.000000	1.000000	1.000000	1.000000	371.000000	970.000000	1.000000	467.000000	263.000000	235.000000	1.000000	1.000000	1251.000000	2388.000000	1479.000000	227.000000	219.000000	637.000000	287.000000
1.000000	1.000000	1.000000	1.000000	1.000000	709.000000	2265.000000	1530.000000	1.000000	1.000000	1.000000	1.000000	1042.000000	1708.000000	2123.000000	1571.000000	287.000000	219.000000	313.000000	163.000000	137.000000
1.000000	453.000000	1331.000000	1.000000	1.000000	535.000000	1903.000000	602.000000	1.000000	447.000000	918.000000	1989.000000	2257.000000	1354.000000	762.000000	287.000000	1.000000	189.000000	481.000000	1.000000	203.000000
1.000000	963.000000	633.000000	429.000000	1.000000	1.000000	471.000000	457.000000	1.000000	408.000000	1.000000	637.000000	398.000000	1.000000	1.000000	1.000000	507.000000	482.000000	492.000000	727.000000	517.000000
1.000000	1.000000	1.000000	171.000000	1.000000	891.000000	1.000000	507.000000	1.000000	1.000000	1.000000	1.000000	1.000000	1.000000	1.000000	507.000000	589.000000	493.000000	747.000000	451.000000	245.000000
231.000000	1.000000	1.000000	1.000000	165.000000	1.000000	1.000000	1.000000	1.000000	1.000000	1.000000	1.000000	1.000000	1.000000	769.000000	713.000000	253.000000	1127.000000	1007.000000	203.000000	489.000000
1.000000	1.000000	203.000000	1.000000	1.000000	1.000000	1.000000	1.000000	1.000000	1.000000	1.000000	1.000000	459.000000	655.000000	716.000000	361.000000	745.000000	931.000000	245.000000	252.000000	1.000000
1.000000	1.000000	1.000000	1.000000	1.000000	1.000000	1.000000	1.000000	1.000000	1.000000	1.000000	1.000000	1.000000	1.000000	1.000000	1.000000	1.000000	1.000000	1.000000	1.000000	1.000000
1.000000	1.000000	1.000000	1.000000	1.000000	1.000000	1.000000	1.000000	1.000000	1.000000	1.000000	1.000000	1.000000	1.000000	1.000000	1.000000	1.000000	1.000000	1.000000	1.000000	1.000000
