21 25 0
315.000000	461.000000	1.000000	1.000000	1.000000	1.000000	181.000000	1.000000	1.000000	1.000000	1.000000	1.000000	1.000000	1.000000	1.000000	1.000000	1.000000	423.000000	1393.000000	1567.000000	1.000000
462.000000	1.000000	467.000000	1.000000	1.000000	1.000000	1.000000	1.000000	1.000000	1.000000	1.000000	1.000000	1.000000	1.000000	1.000000	1.000000	1.000000	1.000000	1015.000000	1423.000000	373.000000
1.000000	1.000000	487.000000	1.000000	155.000000	156.000000	1.000000	487.000000	415.000000	171.000000	163.000000	1.000000	1.000000	163.000000	352.000000	1.000000	1.000000	1.000000	401.000000	900.000000	693.000000
1.000000	1.000000	1.000000	1.000000	436.000000	742.000000	788.000000	1271.000000	1188.000000	835.000000	1039.000000	1064.000000	507.000000	452.000000	876.000000	715.000000	1.000000	1.000000	325.000000	560.000000	839.000000
603.000000	1.000000	1.000000	341.000000	143.000000	264.000000	313.000000	761.000000	1339.000000	1421.000000	1050.000000	1017.000000	1135.000000	867.000000	661.000000	665.000000	1.000000	169.000000	1068.000000	398.000000	793.000000
1327.000000	511.000000	1.000000	167.000000	1.000000	1.000000	1.000000	161.000000	259.000000	193.000000	589.000000	159.000000	143.000000	169.000000	201.000000	329.000000	909.000000	1137.000000	1167.000000	276.000000	1.000000
1381.000000	513.000000	511.000000	1.000000	1.000000	1.000000	1.000000	1.000000	1.000000	1.000000	151.000000	1.000000	1.000000	1.000000	1.000000	1.000000	1.000000	159.000000	925.000000	1444.000000	1.000000
288.000000	367.000000	1.000000	239.000000	381.000000	157.000000	583.000000	155.000000	1.000000	1.000000	285.000000	1446.000000	271.000000	1.000000	1.000000	1.000000	1.000000	1.000000	1.000000	975.000000	645.000000
442.000000	1.000000	1.000000	1346.000000	2060.000000	1235.000000	1229.000000	1718.000000	446.000000	1.000000	407.000000	2785.000000	229.000000	687.000000	1123.000000	352.000000	1.000000	1.000000	1.000000	1610.000000	1121.000000
667.000000	1.000000	1.000000	1.000000	1720.000000	2122.000000	1841.000000	1792.000000	920.000000	1.000000	1.000000	2745.000000	779.000000	383.000000	1069.000000	2496.000000	716.000000	1.000000	1.000000	1.000000	1305.000000
1281.000000	459.000000	1.000000	1.000000	1.000000	323.000000	323.000000	191.000000	713.000000	1.000000	1.000000	235.000000	217.000000	1243.000000	1329.000000	1889.000000	2350.000000	847.000000	295.000000	1.000000	631.000000
1.000000	848.000000	1.000000	1.000000	1.000000	1.000000	1.000000	1.000000	1.000000	1.000000	581.000000	1174.000000	1.000000	361.000000	1631.000000	1703.000000	303.000000	1.000000	1.000000	295.000000	1.000000
1.000000	1.000000	1.000000	1.000000	1.000000	1.000000	1.000000	1.000000	1.000000	355.000000	1215.000000	1916.000000	847.000000	1.000000	1.000000	243.000000	1.000000	1.000000	176.000000	1.000000	1.000000
1.000000	1.000000	1.000000	1.000000	1.000000	1.000000	1.000000	1.000000	1.000000	1.000000	1.000000	433.000000	809.000000	1.000000	1.000000	1.000000	1.000000	1.000000	1.000000	273.000000	207.000000
137.000000	1.000000	1.000000	1264.000000	873.000000	1.000000	1.000000	1.000000	425.000000	1.000000	1.000000	1.000000	1.000000	1.000000	1.000000	1.000000	1.000000	1.000000	1.000000	279.000000	1.000000
224.000000	1.000000	1.000000	905.000000	1936.000000	875.000000	1.000000	1.000000	235.000000	715.000000	157.000000	265.000000	1.000000	1.000000	289.000000	1.000000	177.000000	835.000000	1.000000	1.000000	291.000000
1151.000000	1.000000	1.000000	1.000000	1429.000000	2132.000000	1176.000000	1.000000	1.000000	166.000000	347.000000	223.000000	1.000000	1.000000	1.000000	1.000000	457.000000	721.000000	517.000000	183.000000	135.000000
995.000000	778.000000	1.000000	1.000000	1.000000	1130.000000	2009.000000	1631.000000	709.000000	205.000000	1.000000	251.000000	216.000000	377.000000	1.000000	162.000000	1.000000	1.000000	173.000000	292.000000	296.000000
675.000000	751.000000	1.000000	222.000000	619.000000	1.000000	745.000000	1819.000000	2860.000000	2222.000000	1074.000000	182.000000	545.000000	1131.000000	789.000000	1.000000	1.000000	1.000000	213.000000	151.000000	841.000000
1.000000	1.000000	531.000000	835.000000	335.000000	397.000000	1.000000	889.000000	1803.000000	1334.000000	1144.000000	575.000000	413.000000	1.000000	1.000000	1.000000	1.000000	1.000000	1.000000	609.000000	360.000000
486.000000	1.000000	231.000000	1230.000000	461.000000	893.000000	369.000000	1.000000	1.000000	1.000000	1.000000	1.000000	1.000000	1.000000	1.000000	1.000000	1.000000	252.000000	497.000000	503.000000	1.000000
1.000000	374.000000	1.000000	599.000000	1333.000000	887.000000	703.000000	1.000000	1.000000	1.000000	1.000000	1.000000	1.000000	1.000000	1.000000	1.000000	1.000000	1.000000	296.000000	499.000000	503.000000
1.000000	1.000000	1.000000	1.000000	878.000000	592.000000	725.000000	1.000000	131.000000	165.000000	1.000000	1.000000	1.000000	147.000000	1.000000	351.000000	199.000000	1.000000	1.000000	1.000000	1.000000
1.000000	1.000000	1.000000	1.000000	1.000000	1.000000	1.000000	1.000000	1.000000	1.000000	1.000000	1.000000	1.000000	1.000000	1.000000	1.000000	1.000000	1.000000	1.000000	1.000000	1.000000
1.000000	1.000000	1.000000	1.000000	1.000000	1.000000	1.000000	1.000000	1.000000	1.000000	1.000000	1.000000	1.000000	1.000000	1.000000	1.000000	1.000000	1.000000	1.000000	1.000000	1.000000
