21 25 0
1.000000	1.000000	1.000000	576.000000	277.000000	885.000000	997.000000	413.000000	187.000000	161.000000	1.000000	1.000000	1.000000	1.000000	1.000000	169.000000	1.000000	1.000000	425.000000	1.000000	1.000000
1.000000	1.000000	1.000000	1.000000	1.000000	1.000000	1.000000	1.000000	1.000000	1.000000	1.000000	1.000000	1.000000	1.000000	1.000000	1.000000	1.000000	1.000000	1.000000	1.000000	1.000000
1.000000	1.000000	1.000000	1.000000	1.000000	1.000000	1.000000	242.000000	705.000000	481.000000	345.000000	163.000000	319.000000	193.000000	685.000000	543.000000	369.000000	1.000000	1.000000	255.000000	1.000000
1.000000	1.000000	1.000000	1.000000	1.000000	444.000000	758.000000	1414.000000	1384.000000	1406.000000	1075.000000	1251.000000	1107.000000	1083.000000	1094.000000	1629.000000	1475.000000	1051.000000	625.000000	617.000000	1.000000
1.000000	1.000000	1.000000	141.000000	306.000000	735.000000	1418.000000	1998.000000	2377.000000	1237.000000	1184.000000	1230.000000	1497.000000	1702.000000	2048.000000	2190.000000	2065.000000	542.000000	1.000000	1.000000	1.000000
1229.000000	1514.000000	897.000000	313.000000	1.000000	1.000000	1.000000	347.000000	625.000000	369.000000	415.000000	709.000000	721.000000	757.000000	1473.000000	1754.000000	1811.000000	769.000000	1.000000	1.000000	1.000000
478.000000	831.000000	444.000000	1.000000	1.000000	1.000000	1.000000	1.000000	1.000000	1.000000	1.000000	1.000000	1.000000	1.000000	1.000000	1.000000	1.000000	1.000000	215.000000	1.000000	825.000000
1.000000	1.000000	1.000000	1.000000	1.000000	185.000000	329.000000	548.000000	467.000000	341.000000	341.000000	1.000000	1.000000	1.000000	353.000000	1.000000	1.000000	1.000000	1.000000	157.000000	1.000000
1.000000	1.000000	1.000000	937.000000	1956.000000	2014.000000	2545.000000	2553.000000	2173.000000	1799.000000	866.000000	1.000000	393.000000	1995.000000	1766.000000	1.000000	423.000000	557.000000	522.000000	590.000000	973.000000
1.000000	1.000000	1.000000	567.000000	1777.000000	2596.000000	2556.000000	2758.000000	2747.000000	1644.000000	1.000000	387.000000	1483.000000	2364.000000	2328.000000	1702.000000	1530.000000	1515.000000	1136.000000	902.000000	861.000000
459.000000	459.000000	1.000000	1.000000	1.000000	1.000000	1311.000000	2039.000000	1280.000000	87.000000	1.000000	571.000000	995.000000	2214.000000	2753.000000	2875.000000	2804.000000	1953.000000	433.000000	1.000000	1.000000
1.000000	1.000000	1.000000	1.000000	1.000000	1.000000	1.000000	1.000000	1.000000	1.000000	477.000000	610.000000	1.000000	467.000000	1764.000000	1397.000000	475.000000	183.000000	1.000000	1.000000	1.000000
143.000000	255.000000	255.000000	1.000000	1.000000	1.000000	1.000000	173.000000	1217.000000	1982.000000	1967.000000	1564.000000	816.000000	1.000000	1.000000	1.000000	1.000000	1.000000	1.000000	1.000000	1.000000
1048.000000	797.000000	307.000000	1.000000	1.000000	1.000000	1.000000	417.000000	1.000000	1.000000	495.000000	171.000000	1.000000	1.000000	1.000000	1.000000	1.000000	1.000000	1.000000	1.000000	397.000000
1.000000	1.000000	289.000000	1226.000000	391.000000	1.000000	447.000000	1.000000	1.000000	1.000000	1.000000	1.000000	1.000000	1.000000	1.000000	1.000000	116.000000	233.000000	1.000000	191.000000	575.000000
76.000000	1.000000	1.000000	542.000000	1453.000000	757.000000	1.000000	1.000000	1.000000	1062.000000	1865.000000	1674.000000	560.000000	1.000000	1.000000	1.000000	886.000000	1031.000000	741.000000	135.000000	473.000000
135.000000	1.000000	1.000000	1.000000	1.000000	641.000000	702.000000	183.000000	647.000000	503.000000	501.000000	230.000000	1.000000	1.000000	988.000000	1413.000000	1447.000000	753.000000	345.000000	439.000000	440.000000
484.000000	482.000000	1.000000	1.000000	1.000000	1370.000000	2837.000000	2619.000000	703.000000	521.000000	521.000000	775.000000	1346.000000	2265.000000	2016.000000	1090.000000	431.000000	1.000000	149.000000	352.000000	157.000000
1.000000	463.000000	463.000000	1.000000	1.000000	695.000000	1124.000000	1904.000000	2769.000000	2591.000000	2417.000000	2174.000000	2429.000000	1956.000000	1023.000000	191.000000	1.000000	1.000000	185.000000	151.000000	144.000000
1.000000	1.000000	341.000000	185.000000	331.000000	319.000000	1.000000	943.000000	1727.000000	1903.000000	1790.000000	1527.000000	683.000000	1.000000	1.000000	1.000000	499.000000	492.000000	490.000000	1.000000	365.000000
1.000000	1.000000	341.000000	440.000000	437.000000	861.000000	1.000000	1.000000	1.000000	1.000000	1.000000	1.000000	1.000000	1.000000	1.000000	479.000000	359.000000	1.000000	695.000000	1.000000	1.000000
1.000000	1.000000	1.000000	243.000000	295.000000	1.000000	1.000000	1.000000	1.000000	1.000000	1.000000	1.000000	1.000000	1.000000	529.000000	212.000000	241.000000	657.000000	859.000000	307.000000	1.000000
1.000000	1.000000	1.000000	1.000000	1.000000	576.000000	455.000000	171.000000	385.000000	766.000000	862.000000	1.000000	851.000000	1364.000000	257.000000	1.000000	281.000000	245.000000	1.000000	140.000000	1.000000
1.000000	1.000000	1.000000	1.000000	1.000000	1.000000	1.000000	1.000000	1.000000	1.000000	1.000000	1.000000	1.000000	1.000000	1.000000	1.000000	1.000000	1.000000	1.000000	1.000000	1.000000
1.000000	1.000000	1.000000	1.000000	1.000000	1.000000	1.000000	1.000000	1.000000	1.000000	1.000000	1.000000	1.000000	1.000000	1.000000	1.000000	1.000000	1.000000	1.000000	1.000000	1.000000
