21 25 0
1.000000	1.000000	1.000000	461.000000	503.000000	521.000000	517.000000	1151.000000	1658.000000	2038.000000	1776.000000	1660.000000	1372.000000	848.000000	1157.000000	1051.000000	1246.000000	725.000000	409.000000	1.000000	595.000000
685.000000	685.000000	228.000000	416.000000	1206.000000	1234.000000	983.000000	1192.000000	2057.000000	1991.000000	1563.000000	1349.000000	1157.000000	1065.000000	1109.000000	1415.000000	1512.000000	867.000000	515.000000	243.000000	1.000000
183.000000	357.000000	1.000000	1.000000	1.000000	287.000000	305.000000	327.000000	498.000000	474.000000	651.000000	818.000000	853.000000	671.000000	677.000000	503.000000	494.000000	145.000000	1.000000	1.000000	1.000000
363.000000	412.000000	507.000000	1.000000	1.000000	1.000000	1.000000	1.000000	1.000000	1.000000	1.000000	153.000000	167.000000	1.000000	1.000000	1.000000	1.000000	1.000000	1.000000	1.000000	1.000000
495.000000	509.000000	1.000000	1.000000	1.000000	1.000000	201.000000	1.000000	1.000000	1.000000	1.000000	1.000000	1.000000	1.000000	1.000000	1.000000	1.000000	1.000000	1.000000	1.000000	273.000000
1.000000	1.000000	1.000000	159.000000	426.000000	988.000000	2158.000000	2320.000000	1854.000000	703.000000	233.000000	296.000000	189.000000	339.000000	397.000000	582.000000	204.000000	1.000000	1.000000	1.000000	237.000000
1.000000	1.000000	1.000000	542.000000	1516.000000	3076.000000	3524.000000	3648.000000	3252.000000	2084.000000	328.000000	235.000000	1843.000000	2840.000000	2983.000000	2740.000000	1620.000000	935.000000	1.000000	1.000000	1.000000
1.000000	279.000000	257.000000	1361.000000	1913.000000	1356.000000	1461.000000	909.000000	791.000000	373.000000	1.000000	407.000000	1525.000000	2066.000000	2447.000000	2663.000000	2693.000000	2598.000000	694.000000	372.000000	441.000000
1.000000	1.000000	1.000000	1.000000	1.000000	1.000000	1.000000	1.000000	1.000000	1.000000	1.000000	1.000000	1.000000	1.000000	1.000000	1.000000	1473.000000	1838.000000	487.000000	253.000000	1.000000
1.000000	1.000000	1.000000	1.000000	1.000000	1.000000	1.000000	1.000000	1.000000	1.000000	1.000000	1.000000	1.000000	1.000000	1.000000	1.000000	183.000000	1.000000	1.000000	189.000000	159.000000
1.000000	1.000000	1.000000	1208.000000	1712.000000	279.000000	1.000000	1.000000	1.000000	1.000000	827.000000	371.000000	1.000000	1.000000	1.000000	1.000000	1.000000	163.000000	139.000000	189.000000	428.000000
1450.000000	731.000000	323.000000	323.000000	137.000000	1.000000	777.000000	2334.000000	1627.000000	1015.000000	657.000000	747.000000	745.000000	1.000000	1.000000	1.000000	159.000000	291.000000	994.000000	793.000000	215.000000
337.000000	1.000000	1.000000	386.000000	728.000000	982.000000	1974.000000	930.000000	1.000000	1.000000	1.000000	1.000000	653.000000	1519.000000	1615.000000	1133.000000	1041.000000	1081.000000	1332.000000	219.000000	217.000000
1.000000	1.000000	1.000000	1.000000	1463.000000	1865.000000	813.000000	1.000000	695.000000	2005.000000	1349.000000	1044.000000	716.000000	1219.000000	1900.000000	2145.000000	1739.000000	1253.000000	329.000000	270.000000	982.000000
1.000000	1.000000	1.000000	1.000000	1.000000	1.000000	1.000000	437.000000	2301.000000	3401.000000	3388.000000	2810.000000	528.000000	1.000000	1281.000000	1712.000000	1321.000000	923.000000	199.000000	1.000000	183.000000
1.000000	1.000000	112.000000	1.000000	1.000000	429.000000	1251.000000	1227.000000	1.000000	1.000000	495.000000	1.000000	159.000000	331.000000	1045.000000	459.000000	1.000000	1.000000	1.000000	1.000000	1.000000
1.000000	365.000000	767.000000	1261.000000	861.000000	151.000000	622.000000	268.000000	199.000000	687.000000	294.000000	365.000000	734.000000	343.000000	157.000000	1.000000	1.000000	284.000000	283.000000	193.000000	345.000000
1.000000	1.000000	221.000000	939.000000	527.000000	1.000000	1.000000	1.000000	1.000000	1049.000000	1223.000000	253.000000	1.000000	1.000000	1.000000	501.000000	1001.000000	995.000000	473.000000	1.000000	1.000000
1.000000	1.000000	1.000000	137.000000	454.000000	454.000000	203.000000	1.000000	1.000000	1.000000	1.000000	1.000000	1.000000	1.000000	624.000000	684.000000	1107.000000	908.000000	701.000000	443.000000	195.000000
1.000000	1.000000	1.000000	1.000000	722.000000	1111.000000	560.000000	694.000000	321.000000	1.000000	158.000000	145.000000	558.000000	1048.000000	1739.000000	1043.000000	439.000000	472.000000	258.000000	1.000000	1.000000
1.000000	1.000000	1.000000	1.000000	1.000000	1246.000000	1915.000000	2895.000000	2951.000000	2806.000000	2467.000000	2100.000000	2242.000000	1987.000000	1233.000000	687.000000	415.000000	159.000000	1.000000	1.000000	158.000000
149.000000	185.000000	183.000000	1.000000	1.000000	1.000000	301.000000	2114.000000	2164.000000	1788.000000	1602.000000	1699.000000	1601.000000	901.000000	203.000000	1.000000	1.000000	403.000000	1.000000	1.000000	365.000000
1.000000	1.000000	1.000000	1.000000	171.000000	195.000000	1.000000	1.000000	1.000000	1.000000	1.000000	1.000000	1.000000	1.000000	1.000000	1.000000	1.000000	1.000000	1.000000	1.000000	1.000000
1.000000	1.000000	1.000000	1.000000	1.000000	1.000000	1.000000	1.000000	1.000000	1.000000	1.000000	1.000000	1.000000	1.000000	1.000000	1.000000	1.000000	1.000000	1.000000	1.000000	1.000000
1.000000	1.000000	1.000000	1.000000	1.000000	1.000000	1.000000	1.000000	1.000000	1.000000	1.000000	1.000000	1.000000	1.000000	1.000000	1.000000	1.000000	1.000000	1.000000	1.000000	1.000000
