21 25 0
813.000000	911.000000	1.000000	781.000000	310.000000	450.000000	513.000000	635.000000	1.000000	1.000000	1.000000	662.000000	724.000000	1.000000	1.000000	1.000000	1.000000	947.000000	1758.000000	1739.000000	687.000000
872.000000	481.000000	1.000000	477.000000	301.000000	631.000000	1093.000000	815.000000	337.000000	1.000000	191.000000	1.000000	764.000000	354.000000	219.000000	1.000000	1.000000	179.000000	1324.000000	1863.000000	639.000000
1.000000	317.000000	493.000000	477.000000	536.000000	1063.000000	783.000000	837.000000	628.000000	1.000000	369.000000	353.000000	446.000000	523.000000	622.000000	537.000000	1.000000	205.000000	966.000000	1549.000000	1043.000000
141.000000	741.000000	513.000000	756.000000	1131.000000	905.000000	1313.000000	487.000000	466.000000	1.000000	726.000000	360.000000	169.000000	177.000000	1.000000	393.000000	1.000000	383.000000	908.000000	1286.000000	1145.000000
1674.000000	837.000000	499.000000	483.000000	1183.000000	961.000000	1161.000000	1.000000	189.000000	1.000000	462.000000	1.000000	1.000000	1.000000	1.000000	333.000000	1.000000	587.000000	1117.000000	1263.000000	1067.000000
1391.000000	865.000000	1.000000	141.000000	839.000000	977.000000	719.000000	1.000000	1.000000	1.000000	865.000000	1.000000	1.000000	1.000000	1.000000	1.000000	311.000000	733.000000	1595.000000	1412.000000	1023.000000
1383.000000	657.000000	239.000000	783.000000	371.000000	1030.000000	747.000000	1.000000	1.000000	1.000000	579.000000	422.000000	171.000000	1.000000	1.000000	1.000000	1.000000	1121.000000	1291.000000	1397.000000	1157.000000
1239.000000	645.000000	289.000000	854.000000	813.000000	810.000000	1043.000000	913.000000	1.000000	1.000000	667.000000	2117.000000	1501.000000	1.000000	1.000000	1.000000	1.000000	399.000000	1004.000000	1227.000000	1571.000000
858.000000	367.000000	1.000000	824.000000	1630.000000	449.000000	285.000000	951.000000	546.000000	1.000000	1223.000000	3345.000000	1762.000000	1.000000	1.000000	356.000000	1.000000	1.000000	140.000000	1528.000000	1771.000000
1019.000000	532.000000	1.000000	1.000000	1156.000000	621.000000	310.000000	313.000000	864.000000	1.000000	1413.000000	3184.000000	582.000000	1.000000	385.000000	669.000000	1.000000	1.000000	549.000000	1029.000000	1045.000000
1263.000000	996.000000	1.000000	1.000000	1.000000	445.000000	325.000000	271.000000	776.000000	189.000000	1539.000000	2167.000000	1.000000	363.000000	771.000000	321.000000	1.000000	1.000000	620.000000	569.000000	573.000000
1216.000000	603.000000	1.000000	1.000000	1.000000	405.000000	625.000000	1.000000	1.000000	533.000000	1347.000000	1997.000000	149.000000	1.000000	393.000000	1545.000000	575.000000	147.000000	995.000000	567.000000	427.000000
569.000000	1.000000	1.000000	1.000000	1.000000	1089.000000	517.000000	1.000000	1.000000	631.000000	1411.000000	1879.000000	794.000000	1.000000	1.000000	349.000000	1400.000000	768.000000	1483.000000	577.000000	344.000000
1.000000	1.000000	189.000000	1.000000	451.000000	1769.000000	285.000000	1.000000	1.000000	1353.000000	1135.000000	2330.000000	589.000000	1.000000	1.000000	567.000000	1142.000000	735.000000	1328.000000	624.000000	361.000000
149.000000	1.000000	1.000000	807.000000	1742.000000	1216.000000	1.000000	1.000000	463.000000	1353.000000	263.000000	1766.000000	157.000000	1.000000	336.000000	251.000000	439.000000	604.000000	467.000000	183.000000	169.000000
615.000000	1.000000	1.000000	579.000000	2122.000000	1517.000000	1.000000	1.000000	737.000000	353.000000	1.000000	265.000000	1.000000	359.000000	1391.000000	1.000000	215.000000	752.000000	258.000000	203.000000	1.000000
652.000000	665.000000	1.000000	261.000000	1655.000000	1820.000000	1.000000	1.000000	955.000000	308.000000	1.000000	641.000000	236.000000	383.000000	755.000000	1.000000	335.000000	1292.000000	599.000000	353.000000	135.000000
1381.000000	1003.000000	373.000000	225.000000	691.000000	406.000000	1.000000	193.000000	1834.000000	310.000000	1.000000	891.000000	247.000000	1.000000	351.000000	475.000000	971.000000	1647.000000	669.000000	183.000000	306.000000
1143.000000	351.000000	523.000000	885.000000	217.000000	241.000000	1.000000	275.000000	2120.000000	283.000000	253.000000	313.000000	1.000000	299.000000	579.000000	497.000000	757.000000	1534.000000	669.000000	185.000000	607.000000
619.000000	1.000000	299.000000	1581.000000	309.000000	625.000000	1.000000	297.000000	1093.000000	739.000000	1.000000	154.000000	503.000000	960.000000	1029.000000	231.000000	1286.000000	643.000000	1.000000	215.000000	632.000000
454.000000	1.000000	281.000000	1432.000000	692.000000	733.000000	471.000000	437.000000	745.000000	763.000000	1.000000	287.000000	1035.000000	1392.000000	157.000000	233.000000	965.000000	770.000000	129.000000	698.000000	303.000000
127.000000	582.000000	1.000000	448.000000	1430.000000	401.000000	825.000000	293.000000	791.000000	1.000000	253.000000	287.000000	687.000000	550.000000	1.000000	458.000000	967.000000	587.000000	828.000000	1095.000000	1127.000000
1.000000	393.000000	1.000000	1.000000	904.000000	629.000000	873.000000	129.000000	391.000000	1.000000	1.000000	1.000000	1.000000	1.000000	1.000000	328.000000	693.000000	339.000000	718.000000	707.000000	577.000000
1.000000	1.000000	1.000000	1.000000	1.000000	1.000000	1.000000	1.000000	1.000000	1.000000	1.000000	1.000000	1.000000	1.000000	1.000000	1.000000	1.000000	1.000000	1.000000	1.000000	1.000000
1.000000	1.000000	1.000000	1.000000	1.000000	1.000000	1.000000	1.000000	1.000000	1.000000	1.000000	1.000000	1.000000	1.000000	1.000000	1.000000	1.000000	1.000000	1.000000	1.000000	1.000000
