21 25 0
287.000000	614.000000	322.000000	1360.000000	2299.000000	1387.000000	443.000000	1.000000	1.000000	151.000000	1.000000	1.000000	1.000000	1.000000	155.000000	1.000000	874.000000	453.000000	337.000000	313.000000	1471.000000
135.000000	781.000000	1088.000000	1354.000000	1579.000000	1253.000000	1.000000	1.000000	1.000000	306.000000	1.000000	1.000000	1.000000	1.000000	155.000000	211.000000	1108.000000	1042.000000	555.000000	1.000000	715.000000
1.000000	571.000000	1521.000000	1010.000000	1149.000000	849.000000	1.000000	1.000000	1.000000	161.000000	1.000000	155.000000	259.000000	182.000000	1.000000	215.000000	1130.000000	1154.000000	1047.000000	1.000000	601.000000
1.000000	706.000000	1866.000000	997.000000	1503.000000	847.000000	149.000000	1.000000	1.000000	1.000000	1.000000	479.000000	1.000000	501.000000	1.000000	215.000000	1022.000000	1003.000000	739.000000	153.000000	616.000000
1.000000	1210.000000	1968.000000	1297.000000	1523.000000	851.000000	1.000000	1.000000	1.000000	1.000000	1.000000	327.000000	1.000000	139.000000	1.000000	175.000000	642.000000	487.000000	311.000000	223.000000	396.000000
1.000000	1415.000000	1837.000000	1337.000000	1073.000000	369.000000	1.000000	1.000000	663.000000	1.000000	1.000000	1.000000	1.000000	299.000000	307.000000	299.000000	415.000000	1.000000	287.000000	291.000000	1037.000000
1.000000	1198.000000	1103.000000	419.000000	197.000000	1.000000	1.000000	1.000000	1061.000000	1763.000000	307.000000	1.000000	1.000000	1.000000	309.000000	1700.000000	784.000000	63.000000	423.000000	397.000000	1283.000000
1.000000	1081.000000	913.000000	343.000000	1.000000	1.000000	1.000000	1.000000	1777.000000	3245.000000	1661.000000	1.000000	1.000000	1.000000	1.000000	649.000000	850.000000	261.000000	771.000000	677.000000	851.000000
1.000000	704.000000	1014.000000	397.000000	1.000000	1.000000	1.000000	1.000000	1207.000000	3452.000000	1680.000000	1.000000	183.000000	304.000000	1.000000	1.000000	519.000000	697.000000	1671.000000	455.000000	779.000000
1.000000	333.000000	1885.000000	983.000000	547.000000	263.000000	1.000000	1.000000	1269.000000	3317.000000	1254.000000	1.000000	239.000000	1427.000000	1.000000	1.000000	1.000000	1013.000000	1577.000000	772.000000	577.000000
1.000000	309.000000	1512.000000	1113.000000	549.000000	279.000000	1.000000	1.000000	775.000000	1221.000000	442.000000	355.000000	1313.000000	2180.000000	1.000000	1.000000	1.000000	541.000000	383.000000	663.000000	617.000000
1.000000	285.000000	1319.000000	923.000000	723.000000	285.000000	1.000000	1.000000	699.000000	577.000000	323.000000	595.000000	1459.000000	2321.000000	269.000000	1.000000	1.000000	1.000000	1.000000	492.000000	561.000000
279.000000	812.000000	1182.000000	629.000000	1239.000000	261.000000	1.000000	1003.000000	1846.000000	523.000000	211.000000	1.000000	1373.000000	2000.000000	907.000000	1.000000	1.000000	1.000000	1.000000	202.000000	909.000000
245.000000	1011.000000	793.000000	321.000000	527.000000	1.000000	433.000000	2508.000000	1729.000000	175.000000	1016.000000	1.000000	657.000000	2192.000000	875.000000	1.000000	1.000000	1.000000	1.000000	425.000000	1007.000000
314.000000	1261.000000	1164.000000	583.000000	1.000000	1.000000	1851.000000	1720.000000	1.000000	183.000000	1017.000000	1.000000	1025.000000	1511.000000	336.000000	245.000000	315.000000	1.000000	1.000000	381.000000	591.000000
1.000000	684.000000	1836.000000	859.000000	1.000000	1.000000	2003.000000	968.000000	1.000000	1.000000	457.000000	1.000000	1569.000000	909.000000	1.000000	1256.000000	614.000000	1.000000	477.000000	407.000000	251.000000
487.000000	167.000000	2088.000000	949.000000	503.000000	1.000000	1109.000000	784.000000	1.000000	1.000000	451.000000	1.000000	791.000000	131.000000	573.000000	1993.000000	611.000000	1.000000	189.000000	609.000000	135.000000
299.000000	1.000000	1755.000000	657.000000	740.000000	1.000000	850.000000	540.000000	1.000000	295.000000	118.000000	127.000000	1341.000000	244.000000	933.000000	1509.000000	227.000000	1.000000	1.000000	568.000000	315.000000
299.000000	1.000000	1225.000000	541.000000	569.000000	413.000000	2325.000000	836.000000	1.000000	1.000000	1.000000	461.000000	1137.000000	297.000000	461.000000	442.000000	1.000000	245.000000	385.000000	1395.000000	525.000000
299.000000	453.000000	802.000000	493.000000	625.000000	1618.000000	2399.000000	1255.000000	1.000000	1.000000	1.000000	681.000000	715.000000	1.000000	1.000000	149.000000	1.000000	522.000000	705.000000	1146.000000	1011.000000
225.000000	1.000000	864.000000	1.000000	419.000000	1144.000000	1737.000000	1384.000000	1.000000	1.000000	1.000000	234.000000	1.000000	1.000000	1.000000	361.000000	259.000000	965.000000	1035.000000	807.000000	1146.000000
225.000000	231.000000	677.000000	1.000000	225.000000	225.000000	874.000000	853.000000	239.000000	1.000000	1.000000	234.000000	1.000000	1.000000	762.000000	775.000000	259.000000	1266.000000	1425.000000	519.000000	1362.000000
1.000000	1.000000	413.000000	195.000000	699.000000	1.000000	397.000000	563.000000	325.000000	1.000000	1.000000	223.000000	1.000000	1.000000	453.000000	379.000000	478.000000	1311.000000	721.000000	254.000000	525.000000
1.000000	1.000000	1.000000	1.000000	1.000000	1.000000	1.000000	1.000000	1.000000	1.000000	1.000000	1.000000	1.000000	1.000000	1.000000	1.000000	1.000000	1.000000	1.000000	1.000000	1.000000
1.000000	1.000000	1.000000	1.000000	1.000000	1.000000	1.000000	1.000000	1.000000	1.000000	1.000000	1.000000	1.000000	1.000000	1.000000	1.000000	1.000000	1.000000	1.000000	1.000000	1.000000
