21 25 0
1086.000000	217.000000	1.000000	148.000000	203.000000	407.000000	1.000000	369.000000	1.000000	1.000000	1075.000000	375.000000	1.000000	918.000000	1169.000000	582.000000	1.000000	253.000000	731.000000	754.000000	313.000000
457.000000	416.000000	1.000000	407.000000	152.000000	1.000000	1.000000	1.000000	1.000000	1.000000	1.000000	1.000000	1.000000	870.000000	1619.000000	1017.000000	1.000000	1.000000	459.000000	202.000000	414.000000
1114.000000	861.000000	1.000000	737.000000	240.000000	1.000000	1.000000	157.000000	1.000000	1.000000	1.000000	1.000000	1.000000	1.000000	753.000000	1259.000000	185.000000	273.000000	661.000000	281.000000	1.000000
774.000000	725.000000	482.000000	542.000000	489.000000	449.000000	82.000000	157.000000	1.000000	1.000000	1.000000	1.000000	1.000000	1.000000	387.000000	1232.000000	285.000000	141.000000	843.000000	283.000000	238.000000
1.000000	468.000000	657.000000	656.000000	298.000000	199.000000	163.000000	1.000000	1.000000	1.000000	1.000000	1.000000	1.000000	310.000000	293.000000	1055.000000	746.000000	141.000000	253.000000	331.000000	317.000000
475.000000	207.000000	403.000000	815.000000	1.000000	1.000000	1.000000	1.000000	1.000000	1.000000	1.000000	1.000000	1.000000	311.000000	1.000000	1459.000000	1137.000000	231.000000	1.000000	643.000000	711.000000
1084.000000	890.000000	474.000000	1094.000000	1.000000	243.000000	569.000000	1.000000	449.000000	1.000000	1.000000	534.000000	482.000000	1.000000	1.000000	748.000000	1125.000000	290.000000	393.000000	864.000000	1241.000000
2322.000000	924.000000	507.000000	1254.000000	1.000000	1.000000	1190.000000	923.000000	1281.000000	1.000000	1.000000	2726.000000	953.000000	1.000000	1.000000	451.000000	1.000000	204.000000	433.000000	941.000000	1267.000000
1686.000000	735.000000	906.000000	1078.000000	341.000000	1.000000	1211.000000	283.000000	505.000000	1.000000	153.000000	3241.000000	928.000000	1.000000	1.000000	429.000000	1.000000	1.000000	1.000000	1114.000000	1213.000000
1169.000000	1.000000	587.000000	667.000000	343.000000	1009.000000	723.000000	1.000000	151.000000	1.000000	491.000000	3273.000000	1869.000000	1.000000	343.000000	389.000000	1.000000	1.000000	1.000000	1217.000000	1319.000000
1119.000000	1.000000	323.000000	315.000000	1.000000	1107.000000	329.000000	383.000000	360.000000	333.000000	405.000000	2356.000000	1793.000000	1.000000	278.000000	1399.000000	1736.000000	324.000000	481.000000	1270.000000	845.000000
1721.000000	409.000000	470.000000	1.000000	1.000000	1.000000	1.000000	582.000000	1078.000000	612.000000	1005.000000	1620.000000	1590.000000	1.000000	1.000000	1343.000000	1769.000000	372.000000	417.000000	1370.000000	607.000000
1052.000000	906.000000	543.000000	190.000000	1.000000	1.000000	1.000000	594.000000	1220.000000	170.000000	1011.000000	1595.000000	1127.000000	1.000000	131.000000	1515.000000	1159.000000	250.000000	587.000000	1279.000000	266.000000
177.000000	387.000000	545.000000	198.000000	1.000000	1.000000	1.000000	1478.000000	1388.000000	399.000000	507.000000	1291.000000	171.000000	1.000000	286.000000	1358.000000	1068.000000	1.000000	543.000000	1134.000000	265.000000
435.000000	1.000000	1.000000	1.000000	787.000000	575.000000	1.000000	550.000000	1286.000000	1.000000	609.000000	171.000000	1.000000	1.000000	137.000000	1145.000000	988.000000	177.000000	847.000000	827.000000	266.000000
797.000000	1.000000	1.000000	311.000000	863.000000	1690.000000	1.000000	1.000000	1.000000	1.000000	404.000000	1.000000	1.000000	1.000000	1.000000	1081.000000	769.000000	881.000000	883.000000	712.000000	1.000000
799.000000	198.000000	1.000000	1.000000	1041.000000	2005.000000	357.000000	250.000000	1.000000	1.000000	483.000000	414.000000	1.000000	203.000000	285.000000	632.000000	718.000000	886.000000	799.000000	554.000000	1.000000
618.000000	435.000000	1.000000	1.000000	365.000000	401.000000	319.000000	441.000000	1.000000	367.000000	483.000000	416.000000	271.000000	1296.000000	562.000000	1.000000	523.000000	1218.000000	615.000000	149.000000	171.000000
607.000000	437.000000	1.000000	225.000000	259.000000	1.000000	1.000000	1.000000	461.000000	1121.000000	1.000000	333.000000	559.000000	2094.000000	402.000000	1.000000	617.000000	557.000000	465.000000	1.000000	179.000000
963.000000	171.000000	143.000000	184.000000	1.000000	1.000000	1.000000	225.000000	707.000000	313.000000	1.000000	335.000000	847.000000	1922.000000	440.000000	1.000000	816.000000	354.000000	199.000000	1.000000	177.000000
909.000000	199.000000	507.000000	247.000000	912.000000	263.000000	1.000000	609.000000	250.000000	556.000000	1.000000	1.000000	1165.000000	536.000000	400.000000	1.000000	283.000000	219.000000	199.000000	215.000000	577.000000
269.000000	249.000000	501.000000	446.000000	523.000000	381.000000	1.000000	714.000000	475.000000	435.000000	1.000000	515.000000	742.000000	285.000000	248.000000	1185.000000	139.000000	505.000000	1.000000	287.000000	615.000000
1.000000	255.000000	357.000000	447.000000	269.000000	1.000000	1.000000	453.000000	442.000000	1.000000	1.000000	515.000000	253.000000	286.000000	349.000000	323.000000	1.000000	332.000000	1.000000	289.000000	621.000000
1.000000	1.000000	225.000000	1.000000	1.000000	1.000000	1.000000	181.000000	163.000000	1.000000	1.000000	211.000000	1.000000	1.000000	1.000000	1.000000	1.000000	1.000000	1.000000	1.000000	165.000000
1.000000	1.000000	419.000000	167.000000	1.000000	1.000000	1.000000	1.000000	273.000000	1.000000	1.000000	1.000000	1.000000	1.000000	1.000000	1.000000	1.000000	1.000000	1.000000	1.000000	167.000000
