21 25 0
255.000000	365.000000	1.000000	1.000000	1.000000	443.000000	1765.000000	1186.000000	552.000000	375.000000	1063.000000	1128.000000	1338.000000	1493.000000	1651.000000	841.000000	349.000000	327.000000	487.000000	940.000000	491.000000
1.000000	1.000000	1.000000	1.000000	1.000000	1.000000	1.000000	1.000000	1.000000	1.000000	1.000000	1.000000	1.000000	839.000000	1247.000000	980.000000	405.000000	489.000000	313.000000	343.000000	582.000000
645.000000	469.000000	1.000000	75.000000	163.000000	151.000000	1.000000	1.000000	1.000000	1.000000	1.000000	1.000000	1.000000	1.000000	398.000000	1390.000000	378.000000	273.000000	483.000000	313.000000	237.000000
418.000000	903.000000	671.000000	269.000000	163.000000	1.000000	244.000000	230.000000	200.000000	201.000000	157.000000	156.000000	175.000000	183.000000	182.000000	671.000000	1.000000	1.000000	301.000000	235.000000	237.000000
175.000000	302.000000	426.000000	764.000000	498.000000	982.000000	847.000000	842.000000	539.000000	393.000000	1.000000	577.000000	621.000000	901.000000	493.000000	1123.000000	397.000000	1.000000	174.000000	307.000000	1.000000
274.000000	1.000000	1.000000	1.000000	1.000000	219.000000	398.000000	195.000000	628.000000	340.000000	157.000000	159.000000	197.000000	185.000000	460.000000	1605.000000	1431.000000	385.000000	164.000000	177.000000	269.000000
744.000000	410.000000	1.000000	1.000000	1.000000	1.000000	1.000000	355.000000	1.000000	1.000000	1.000000	181.000000	1.000000	1.000000	1.000000	447.000000	1140.000000	1.000000	357.000000	377.000000	224.000000
454.000000	422.000000	239.000000	249.000000	1.000000	1.000000	1.000000	1.000000	356.000000	1.000000	1.000000	489.000000	359.000000	493.000000	207.000000	1.000000	1.000000	1.000000	427.000000	648.000000	852.000000
189.000000	964.000000	524.000000	1654.000000	628.000000	1.000000	423.000000	441.000000	958.000000	1.000000	445.000000	2981.000000	453.000000	329.000000	499.000000	455.000000	1.000000	1.000000	1.000000	649.000000	843.000000
1.000000	1.000000	619.000000	2182.000000	2374.000000	1757.000000	1429.000000	1330.000000	1.000000	1.000000	1.000000	2098.000000	1369.000000	411.000000	1179.000000	1601.000000	822.000000	415.000000	1.000000	281.000000	245.000000
491.000000	1.000000	1.000000	515.000000	1262.000000	2010.000000	1878.000000	578.000000	724.000000	1.000000	317.000000	1060.000000	1405.000000	1.000000	1135.000000	2746.000000	2085.000000	753.000000	1.000000	373.000000	1.000000
872.000000	189.000000	321.000000	1.000000	1.000000	1.000000	1.000000	133.000000	289.000000	164.000000	401.000000	669.000000	949.000000	1.000000	1.000000	1272.000000	828.000000	1.000000	1.000000	769.000000	1.000000
585.000000	921.000000	407.000000	210.000000	1.000000	1.000000	1.000000	230.000000	1.000000	1.000000	1.000000	1.000000	564.000000	1.000000	1.000000	1.000000	667.000000	1.000000	1.000000	1.000000	1.000000
1.000000	492.000000	644.000000	476.000000	176.000000	1.000000	1.000000	1213.000000	1048.000000	861.000000	505.000000	1.000000	1.000000	1.000000	1.000000	299.000000	227.000000	1.000000	1.000000	1.000000	1.000000
179.000000	1.000000	514.000000	1433.000000	1275.000000	161.000000	1.000000	1.000000	1377.000000	959.000000	1575.000000	1384.000000	269.000000	1.000000	1.000000	1410.000000	183.000000	1.000000	1.000000	1.000000	1.000000
691.000000	1.000000	1.000000	376.000000	279.000000	652.000000	1.000000	1.000000	1.000000	1.000000	463.000000	1.000000	1.000000	1.000000	1.000000	1036.000000	1419.000000	274.000000	124.000000	1.000000	1.000000
663.000000	194.000000	1.000000	1.000000	135.000000	1.000000	180.000000	1449.000000	618.000000	853.000000	1.000000	383.000000	1254.000000	667.000000	1.000000	1.000000	437.000000	295.000000	1.000000	1.000000	1.000000
496.000000	337.000000	217.000000	1.000000	1.000000	1.000000	257.000000	765.000000	1736.000000	973.000000	749.000000	724.000000	1668.000000	2292.000000	1479.000000	1.000000	244.000000	1.000000	1.000000	1.000000	1.000000
615.000000	143.000000	1.000000	837.000000	295.000000	1.000000	1.000000	508.000000	396.000000	310.000000	310.000000	332.000000	554.000000	750.000000	724.000000	1.000000	1.000000	244.000000	1.000000	1.000000	1.000000
199.000000	1.000000	1.000000	145.000000	455.000000	1.000000	1.000000	1.000000	396.000000	1.000000	1.000000	292.000000	276.000000	452.000000	227.000000	1.000000	536.000000	141.000000	1.000000	1.000000	1.000000
826.000000	191.000000	333.000000	1.000000	337.000000	231.000000	1.000000	1.000000	1.000000	1.000000	245.000000	191.000000	1.000000	1.000000	478.000000	473.000000	83.000000	1.000000	1.000000	177.000000	395.000000
1139.000000	814.000000	781.000000	242.000000	1.000000	1.000000	329.000000	181.000000	1.000000	1.000000	1.000000	163.000000	193.000000	1.000000	191.000000	377.000000	191.000000	529.000000	1.000000	203.000000	315.000000
1051.000000	1106.000000	318.000000	995.000000	337.000000	1.000000	1.000000	221.000000	1.000000	1.000000	1.000000	1.000000	1.000000	1.000000	349.000000	502.000000	1.000000	1.000000	1.000000	1.000000	175.000000
1.000000	1.000000	417.000000	1.000000	1.000000	1.000000	1.000000	1.000000	1.000000	1.000000	1.000000	1.000000	1.000000	1.000000	1.000000	1.000000	1.000000	181.000000	1.000000	1.000000	1.000000
1.000000	1.000000	1.000000	417.000000	1.000000	1.000000	1.000000	1.000000	1.000000	1.000000	1.000000	1.000000	1.000000	1.000000	1.000000	1.000000	1.000000	1.000000	1.000000	1.000000	1.000000
