21 25 0
411.000000	555.000000	271.000000	327.000000	448.000000	493.000000	151.000000	328.000000	341.000000	498.000000	488.000000	522.000000	151.000000	366.000000	377.000000	144.000000	527.000000	813.000000	377.000000	1.000000	1.000000
1.000000	1077.000000	918.000000	1055.000000	1657.000000	1999.000000	2206.000000	1874.000000	1611.000000	2450.000000	2772.000000	1486.000000	1589.000000	1570.000000	1137.000000	488.000000	913.000000	637.000000	431.000000	1.000000	1.000000
239.000000	364.000000	436.000000	1049.000000	1519.000000	1647.000000	1700.000000	1721.000000	1660.000000	1569.000000	1371.000000	1557.000000	2053.000000	2267.000000	1424.000000	701.000000	520.000000	543.000000	225.000000	1.000000	1.000000
509.000000	1.000000	1.000000	1.000000	577.000000	998.000000	1289.000000	1438.000000	1426.000000	992.000000	848.000000	870.000000	1307.000000	1720.000000	1407.000000	886.000000	614.000000	181.000000	1.000000	1.000000	1.000000
1096.000000	694.000000	236.000000	236.000000	1.000000	184.000000	450.000000	623.000000	443.000000	159.000000	1.000000	1.000000	1.000000	155.000000	465.000000	601.000000	1.000000	1.000000	1.000000	1.000000	344.000000
396.000000	661.000000	394.000000	1.000000	1.000000	1.000000	794.000000	915.000000	626.000000	754.000000	463.000000	405.000000	766.000000	1175.000000	888.000000	729.000000	373.000000	263.000000	1.000000	1.000000	649.000000
1.000000	1.000000	1.000000	300.000000	714.000000	601.000000	1551.000000	2158.000000	2867.000000	2153.000000	1552.000000	1729.000000	2274.000000	2388.000000	1951.000000	891.000000	648.000000	1.000000	1.000000	1.000000	1.000000
1.000000	1.000000	946.000000	1426.000000	1882.000000	1874.000000	2281.000000	2407.000000	2019.000000	1166.000000	329.000000	253.000000	1011.000000	1099.000000	1504.000000	1623.000000	491.000000	437.000000	178.000000	279.000000	183.000000
1.000000	1.000000	1.000000	901.000000	1110.000000	1003.000000	955.000000	1.000000	1.000000	1.000000	1.000000	1.000000	183.000000	183.000000	151.000000	437.000000	900.000000	384.000000	1.000000	1.000000	1.000000
351.000000	1.000000	1.000000	1.000000	1.000000	1.000000	1.000000	1.000000	1.000000	1.000000	403.000000	606.000000	187.000000	201.000000	201.000000	503.000000	287.000000	1.000000	1.000000	451.000000	449.000000
1.000000	372.000000	472.000000	907.000000	487.000000	1.000000	1.000000	1.000000	1.000000	1.000000	262.000000	820.000000	461.000000	1.000000	1.000000	1.000000	1.000000	1.000000	469.000000	887.000000	699.000000
316.000000	632.000000	1280.000000	2008.000000	1472.000000	791.000000	659.000000	1107.000000	691.000000	480.000000	481.000000	481.000000	1.000000	1.000000	1.000000	603.000000	684.000000	311.000000	578.000000	243.000000	1.000000
847.000000	847.000000	389.000000	499.000000	1227.000000	1771.000000	1710.000000	1199.000000	1308.000000	1948.000000	2867.000000	2807.000000	1936.000000	1466.000000	2593.000000	2271.000000	1815.000000	1788.000000	719.000000	1.000000	1.000000
255.000000	1.000000	1.000000	616.000000	1360.000000	1508.000000	281.000000	1.000000	1.000000	1579.000000	1607.000000	2376.000000	1526.000000	1.000000	586.000000	1210.000000	703.000000	789.000000	255.000000	1.000000	1.000000
1046.000000	1092.000000	197.000000	1.000000	1.000000	1.000000	1.000000	649.000000	648.000000	1.000000	1.000000	505.000000	177.000000	1.000000	203.000000	139.000000	189.000000	1.000000	1.000000	266.000000	1.000000
381.000000	1599.000000	1458.000000	907.000000	347.000000	961.000000	2153.000000	3118.000000	2859.000000	2499.000000	2299.000000	2071.000000	1336.000000	1934.000000	1766.000000	665.000000	1.000000	1.000000	199.000000	168.000000	1.000000
181.000000	215.000000	1032.000000	1928.000000	2116.000000	1530.000000	703.000000	839.000000	442.000000	546.000000	415.000000	277.000000	276.000000	691.000000	327.000000	1406.000000	729.000000	675.000000	258.000000	1.000000	1.000000
205.000000	213.000000	261.000000	525.000000	738.000000	176.000000	1.000000	1.000000	1.000000	1.000000	1.000000	1.000000	269.000000	285.000000	208.000000	839.000000	1063.000000	834.000000	366.000000	1.000000	1.000000
348.000000	579.000000	365.000000	233.000000	205.000000	1.000000	1.000000	1817.000000	2146.000000	2343.000000	1600.000000	1487.000000	2004.000000	1249.000000	189.000000	562.000000	474.000000	1.000000	1.000000	1.000000	1.000000
616.000000	1169.000000	217.000000	1.000000	1.000000	1.000000	228.000000	511.000000	925.000000	483.000000	131.000000	193.000000	1188.000000	956.000000	1.000000	1.000000	233.000000	201.000000	1.000000	1.000000	145.000000
1.000000	171.000000	242.000000	444.000000	952.000000	885.000000	1323.000000	1177.000000	1414.000000	1474.000000	1433.000000	975.000000	1124.000000	882.000000	635.000000	422.000000	197.000000	1.000000	1.000000	1.000000	159.000000
1.000000	1.000000	1.000000	263.000000	481.000000	148.000000	587.000000	1304.000000	1617.000000	1528.000000	1451.000000	1533.000000	1316.000000	851.000000	436.000000	285.000000	205.000000	1.000000	1.000000	1.000000	1.000000
1.000000	1.000000	1.000000	1.000000	1.000000	1.000000	1.000000	1.000000	1.000000	271.000000	1.000000	1.000000	1.000000	1.000000	1.000000	1.000000	1.000000	1.000000	1.000000	1.000000	1.000000
1.000000	1.000000	1.000000	1.000000	179.000000	203.000000	223.000000	221.000000	185.000000	307.000000	239.000000	231.000000	315.000000	287.000000	287.000000	269.000000	1.000000	1.000000	1.000000	1.000000	147.000000
1.000000	1.000000	1.000000	1.000000	1.000000	1.000000	163.000000	153.000000	1.000000	1.000000	1.000000	1.000000	1.000000	1.000000	1.000000	1.000000	1.000000	1.000000	1.000000	1.000000	1.000000
