21 25 0
1348.000000	881.000000	465.000000	1.000000	1.000000	1.000000	1.000000	1.000000	868.000000	761.000000	347.000000	1.000000	792.000000	156.000000	363.000000	329.000000	811.000000	625.000000	1.000000	1.000000	639.000000
447.000000	1097.000000	729.000000	1.000000	419.000000	1.000000	74.000000	1.000000	1.000000	1.000000	1.000000	1.000000	578.000000	1.000000	1.000000	1.000000	1007.000000	1071.000000	1.000000	1.000000	361.000000
175.000000	1146.000000	672.000000	1.000000	1.000000	1.000000	153.000000	1.000000	1.000000	1.000000	1.000000	1.000000	315.000000	1.000000	1.000000	1.000000	660.000000	962.000000	1.000000	371.000000	1.000000
191.000000	1390.000000	733.000000	1.000000	1.000000	1.000000	1.000000	1.000000	1.000000	347.000000	113.000000	1.000000	147.000000	1.000000	418.000000	151.000000	1.000000	475.000000	1.000000	1015.000000	251.000000
1.000000	1357.000000	838.000000	1.000000	409.000000	1.000000	1.000000	1.000000	1.000000	191.000000	1.000000	1.000000	1.000000	1.000000	386.000000	191.000000	345.000000	339.000000	1.000000	508.000000	252.000000
271.000000	1213.000000	975.000000	189.000000	405.000000	1.000000	1.000000	1.000000	1.000000	231.000000	1.000000	339.000000	327.000000	1.000000	641.000000	231.000000	657.000000	747.000000	211.000000	164.000000	475.000000
472.000000	1663.000000	824.000000	1.000000	760.000000	1.000000	1.000000	1.000000	1.000000	582.000000	369.000000	1.000000	1.000000	449.000000	654.000000	215.000000	1.000000	485.000000	541.000000	1.000000	485.000000
505.000000	1876.000000	641.000000	1.000000	199.000000	231.000000	1.000000	1.000000	1.000000	2763.000000	2341.000000	1.000000	1.000000	869.000000	654.000000	863.000000	317.000000	429.000000	449.000000	1.000000	485.000000
142.000000	1593.000000	340.000000	1.000000	1.000000	443.000000	1.000000	1.000000	1.000000	3109.000000	2364.000000	1.000000	619.000000	1097.000000	1.000000	965.000000	193.000000	791.000000	831.000000	445.000000	383.000000
142.000000	1357.000000	341.000000	165.000000	1.000000	407.000000	1.000000	714.000000	432.000000	1771.000000	2317.000000	1.000000	900.000000	948.000000	1.000000	243.000000	1.000000	1623.000000	455.000000	489.000000	343.000000
500.000000	1675.000000	373.000000	246.000000	1.000000	351.000000	1.000000	1197.000000	1.000000	1023.000000	1909.000000	1.000000	1015.000000	1363.000000	893.000000	1.000000	1.000000	1426.000000	169.000000	1.000000	477.000000
767.000000	1437.000000	373.000000	631.000000	399.000000	1.000000	1.000000	349.000000	1.000000	1181.000000	2158.000000	1.000000	636.000000	1589.000000	1719.000000	1.000000	243.000000	627.000000	1.000000	1.000000	489.000000
676.000000	1439.000000	322.000000	562.000000	479.000000	1.000000	353.000000	341.000000	501.000000	1239.000000	1777.000000	507.000000	873.000000	1687.000000	1047.000000	1.000000	1.000000	604.000000	1.000000	1.000000	545.000000
952.000000	1500.000000	202.000000	165.000000	141.000000	133.000000	1647.000000	1187.000000	1.000000	929.000000	1519.000000	507.000000	908.000000	2076.000000	645.000000	1.000000	1.000000	814.000000	1.000000	1.000000	865.000000
873.000000	1133.000000	410.000000	1.000000	1.000000	141.000000	1794.000000	749.000000	1.000000	1.000000	513.000000	1.000000	665.000000	2143.000000	768.000000	177.000000	1.000000	436.000000	274.000000	1.000000	1077.000000
585.000000	1128.000000	750.000000	369.000000	1.000000	1.000000	1.000000	1.000000	1.000000	1.000000	1.000000	1.000000	265.000000	986.000000	1028.000000	1060.000000	269.000000	467.000000	1.000000	291.000000	963.000000
793.000000	686.000000	919.000000	168.000000	299.000000	1.000000	1.000000	375.000000	1.000000	1.000000	1.000000	1.000000	801.000000	1.000000	1355.000000	1552.000000	271.000000	373.000000	1.000000	435.000000	750.000000
492.000000	661.000000	317.000000	145.000000	479.000000	177.000000	699.000000	1269.000000	1.000000	438.000000	1.000000	237.000000	803.000000	167.000000	507.000000	1177.000000	995.000000	1.000000	1.000000	528.000000	767.000000
726.000000	501.000000	257.000000	1.000000	182.000000	502.000000	904.000000	895.000000	1.000000	1.000000	457.000000	552.000000	1.000000	1.000000	1.000000	799.000000	525.000000	184.000000	297.000000	581.000000	645.000000
1183.000000	441.000000	526.000000	535.000000	296.000000	873.000000	1109.000000	237.000000	1.000000	1.000000	459.000000	476.000000	1.000000	1.000000	1.000000	381.000000	97.000000	184.000000	317.000000	408.000000	161.000000
507.000000	1367.000000	1390.000000	1287.000000	403.000000	940.000000	913.000000	383.000000	1.000000	1.000000	411.000000	1.000000	1.000000	1.000000	1.000000	484.000000	1.000000	633.000000	455.000000	456.000000	155.000000
501.000000	1173.000000	979.000000	1245.000000	646.000000	713.000000	411.000000	1.000000	289.000000	474.000000	1036.000000	1.000000	343.000000	267.000000	493.000000	300.000000	192.000000	670.000000	627.000000	647.000000	1.000000
139.000000	677.000000	1.000000	527.000000	1.000000	493.000000	1.000000	1.000000	1.000000	823.000000	539.000000	1.000000	395.000000	652.000000	445.000000	199.000000	504.000000	297.000000	359.000000	583.000000	1.000000
1.000000	1.000000	1.000000	1.000000	161.000000	1.000000	163.000000	1.000000	1.000000	237.000000	1.000000	1.000000	1.000000	1.000000	1.000000	1.000000	1.000000	1.000000	187.000000	1.000000	1.000000
1.000000	1.000000	1.000000	1.000000	419.000000	1.000000	1.000000	1.000000	1.000000	1.000000	271.000000	1.000000	1.000000	1.000000	1.000000	1.000000	1.000000	175.000000	1.000000	1.000000	1.000000
