21 25 0
335.000000	637.000000	1.000000	406.000000	148.000000	1.000000	1.000000	1.000000	150.000000	155.000000	160.000000	78.000000	1.000000	477.000000	387.000000	1.000000	140.000000	1.000000	1.000000	1.000000	1.000000
605.000000	1041.000000	1.000000	203.000000	455.000000	343.000000	355.000000	1.000000	158.000000	836.000000	504.000000	148.000000	1.000000	1.000000	333.000000	490.000000	144.000000	1.000000	499.000000	423.000000	1.000000
1154.000000	602.000000	82.000000	581.000000	170.000000	736.000000	763.000000	731.000000	1388.000000	1372.000000	663.000000	161.000000	161.000000	699.000000	860.000000	697.000000	152.000000	1.000000	310.000000	1.000000	165.000000
942.000000	1.000000	1.000000	1.000000	475.000000	611.000000	738.000000	777.000000	590.000000	165.000000	159.000000	1.000000	181.000000	446.000000	1038.000000	664.000000	203.000000	1.000000	165.000000	1.000000	1.000000
285.000000	1.000000	195.000000	1.000000	181.000000	1.000000	1.000000	462.000000	451.000000	1.000000	1.000000	1.000000	1.000000	1.000000	1.000000	1.000000	1.000000	159.000000	1.000000	339.000000	317.000000
1.000000	208.000000	422.000000	183.000000	1.000000	1.000000	463.000000	469.000000	1.000000	188.000000	1.000000	1.000000	249.000000	827.000000	469.000000	339.000000	1.000000	1.000000	1.000000	457.000000	960.000000
176.000000	207.000000	250.000000	304.000000	1.000000	166.000000	469.000000	647.000000	2069.000000	1666.000000	1.000000	165.000000	1892.000000	1019.000000	1.000000	788.000000	207.000000	1.000000	1.000000	325.000000	628.000000
1.000000	437.000000	755.000000	963.000000	1580.000000	1345.000000	1810.000000	2562.000000	1778.000000	371.000000	241.000000	1128.000000	1182.000000	786.000000	381.000000	748.000000	1.000000	1.000000	471.000000	223.000000	251.000000
1040.000000	703.000000	582.000000	1058.000000	393.000000	825.000000	1122.000000	1.000000	1.000000	1.000000	1.000000	1368.000000	525.000000	1.000000	449.000000	315.000000	193.000000	445.000000	1.000000	159.000000	1.000000
239.000000	1.000000	1.000000	1.000000	1.000000	143.000000	1.000000	1.000000	1.000000	1.000000	1.000000	1463.000000	593.000000	1.000000	1.000000	1.000000	1.000000	202.000000	1.000000	831.000000	911.000000
1.000000	1.000000	1.000000	323.000000	286.000000	1.000000	1.000000	1.000000	1.000000	293.000000	1.000000	227.000000	463.000000	1.000000	1.000000	1.000000	1.000000	1.000000	771.000000	1179.000000	462.000000
197.000000	546.000000	221.000000	1.000000	1.000000	1.000000	1.000000	528.000000	1775.000000	363.000000	907.000000	508.000000	1.000000	1.000000	1.000000	1256.000000	827.000000	354.000000	1086.000000	884.000000	113.000000
1.000000	1.000000	159.000000	135.000000	1.000000	1226.000000	1432.000000	477.000000	762.000000	952.000000	1007.000000	1564.000000	1969.000000	1.000000	72.000000	1941.000000	1101.000000	970.000000	995.000000	600.000000	1.000000
1.000000	1.000000	149.000000	1.000000	1126.000000	1597.000000	147.000000	395.000000	422.000000	480.000000	435.000000	1415.000000	507.000000	1.000000	149.000000	1589.000000	941.000000	466.000000	511.000000	460.000000	1.000000
1.000000	1.000000	1.000000	1.000000	1.000000	1.000000	1.000000	418.000000	1.000000	1.000000	1.000000	1.000000	1.000000	1.000000	146.000000	687.000000	391.000000	1.000000	284.000000	467.000000	309.000000
1.000000	1.000000	1.000000	1.000000	506.000000	964.000000	2010.000000	1861.000000	532.000000	394.000000	594.000000	157.000000	1.000000	1.000000	1.000000	943.000000	688.000000	509.000000	796.000000	309.000000	1.000000
224.000000	1.000000	1.000000	335.000000	1648.000000	1546.000000	736.000000	650.000000	428.000000	1.000000	1.000000	1.000000	1.000000	1.000000	285.000000	632.000000	599.000000	933.000000	936.000000	229.000000	1.000000
183.000000	1.000000	1.000000	519.000000	363.000000	441.000000	385.000000	1.000000	1.000000	1.000000	1.000000	1.000000	1.000000	313.000000	772.000000	555.000000	788.000000	1300.000000	526.000000	1.000000	1.000000
237.000000	353.000000	417.000000	1.000000	1.000000	1.000000	1.000000	1.000000	275.000000	1324.000000	139.000000	1.000000	505.000000	1714.000000	424.000000	1.000000	585.000000	327.000000	223.000000	1.000000	187.000000
935.000000	171.000000	1.000000	1.000000	1.000000	1.000000	1.000000	1.000000	1018.000000	731.000000	1.000000	1.000000	818.000000	1302.000000	284.000000	1.000000	1.000000	189.000000	189.000000	1.000000	277.000000
559.000000	171.000000	1.000000	1.000000	905.000000	263.000000	1.000000	233.000000	692.000000	794.000000	345.000000	500.000000	1464.000000	1219.000000	109.000000	215.000000	346.000000	1.000000	1.000000	175.000000	324.000000
1.000000	1.000000	1.000000	263.000000	519.000000	1.000000	525.000000	875.000000	961.000000	1075.000000	719.000000	1378.000000	1285.000000	362.000000	292.000000	518.000000	1.000000	143.000000	1.000000	195.000000	169.000000
1.000000	1.000000	1.000000	1.000000	1.000000	1.000000	1.000000	418.000000	418.000000	1.000000	1.000000	522.000000	1.000000	1.000000	490.000000	493.000000	141.000000	1.000000	1.000000	175.000000	370.000000
1.000000	1.000000	1.000000	1.000000	1.000000	1.000000	223.000000	185.000000	1.000000	1.000000	1.000000	1.000000	1.000000	217.000000	269.000000	1.000000	135.000000	1.000000	1.000000	1.000000	157.000000
1.000000	1.000000	1.000000	1.000000	1.000000	1.000000	1.000000	1.000000	1.000000	1.000000	1.000000	1.000000	137.000000	1.000000	1.000000	1.000000	1.000000	1.000000	1.000000	1.000000	1.000000
