21 25 0
389.000000	365.000000	563.000000	1040.000000	1580.000000	1794.000000	2132.000000	2168.000000	2078.000000	1636.000000	1722.000000	1993.000000	2147.000000	2348.000000	1941.000000	677.000000	489.000000	199.000000	315.000000	1.000000	203.000000
1.000000	1.000000	259.000000	439.000000	439.000000	377.000000	1.000000	1.000000	1.000000	1.000000	1.000000	1.000000	1.000000	333.000000	759.000000	332.000000	487.000000	487.000000	1.000000	1.000000	1.000000
1.000000	1.000000	297.000000	1.000000	146.000000	146.000000	1.000000	1.000000	1.000000	1.000000	1.000000	1.000000	1.000000	1.000000	1.000000	1.000000	1.000000	1.000000	1.000000	1.000000	316.000000
164.000000	646.000000	668.000000	314.000000	187.000000	253.000000	449.000000	459.000000	396.000000	230.000000	213.000000	195.000000	194.000000	194.000000	490.000000	493.000000	373.000000	164.000000	1.000000	1.000000	1.000000
1.000000	189.000000	590.000000	289.000000	727.000000	1271.000000	1337.000000	1484.000000	1782.000000	1684.000000	1295.000000	1419.000000	1462.000000	1610.000000	1475.000000	1246.000000	869.000000	76.000000	1.000000	1.000000	1.000000
313.000000	1.000000	1.000000	1.000000	1384.000000	1662.000000	1304.000000	1619.000000	1773.000000	1120.000000	1031.000000	1018.000000	1063.000000	1300.000000	1575.000000	1165.000000	944.000000	604.000000	354.000000	209.000000	177.000000
1414.000000	1614.000000	864.000000	173.000000	263.000000	181.000000	1.000000	471.000000	448.000000	1.000000	1.000000	153.000000	153.000000	153.000000	155.000000	583.000000	153.000000	406.000000	1.000000	1.000000	1.000000
229.000000	1.000000	1.000000	1.000000	1.000000	1.000000	1.000000	1.000000	356.000000	438.000000	999.000000	344.000000	812.000000	854.000000	1329.000000	499.000000	1.000000	1.000000	1.000000	1.000000	853.000000
1.000000	1.000000	468.000000	930.000000	862.000000	180.000000	1.000000	1.000000	2530.000000	2579.000000	2001.000000	1628.000000	1290.000000	466.000000	705.000000	729.000000	435.000000	1.000000	467.000000	465.000000	1.000000
1.000000	406.000000	1200.000000	1866.000000	2228.000000	1788.000000	1976.000000	2430.000000	2515.000000	1082.000000	327.000000	449.000000	449.000000	1453.000000	1122.000000	1668.000000	1154.000000	647.000000	578.000000	263.000000	1.000000
1275.000000	781.000000	265.000000	834.000000	1014.000000	1743.000000	2640.000000	2639.000000	1035.000000	318.000000	499.000000	498.000000	1382.000000	1782.000000	2905.000000	3030.000000	2558.000000	1425.000000	718.000000	331.000000	1.000000
1.000000	1.000000	1.000000	1.000000	1.000000	543.000000	693.000000	627.000000	379.000000	778.000000	1174.000000	1865.000000	1257.000000	171.000000	674.000000	1235.000000	749.000000	1.000000	1.000000	1.000000	1.000000
287.000000	471.000000	672.000000	491.000000	1.000000	1.000000	1.000000	1.000000	1.000000	1.000000	461.000000	503.000000	461.000000	1.000000	1.000000	1.000000	1.000000	1.000000	1.000000	1.000000	1.000000
1.000000	727.000000	1.000000	220.000000	198.000000	1.000000	593.000000	1612.000000	1079.000000	925.000000	927.000000	657.000000	331.000000	1.000000	1.000000	1.000000	1.000000	197.000000	1.000000	1.000000	509.000000
1.000000	1.000000	219.000000	779.000000	2088.000000	1829.000000	641.000000	743.000000	1447.000000	2039.000000	2480.000000	2837.000000	1001.000000	493.000000	740.000000	520.000000	391.000000	238.000000	1.000000	1.000000	1.000000
311.000000	1.000000	165.000000	499.000000	443.000000	158.000000	1.000000	1.000000	1.000000	1007.000000	465.000000	139.000000	1.000000	89.000000	201.000000	582.000000	1029.000000	412.000000	1.000000	258.000000	1.000000
225.000000	1.000000	1.000000	1.000000	1.000000	1.000000	331.000000	2025.000000	2269.000000	1863.000000	1853.000000	1832.000000	2198.000000	1607.000000	1.000000	1.000000	189.000000	1.000000	1.000000	1.000000	1.000000
515.000000	548.000000	218.000000	1.000000	1.000000	192.000000	1386.000000	2947.000000	3048.000000	2369.000000	2279.000000	2302.000000	2526.000000	2089.000000	1112.000000	205.000000	279.000000	1.000000	1.000000	1.000000	150.000000
171.000000	1.000000	1.000000	275.000000	700.000000	157.000000	742.000000	640.000000	497.000000	382.000000	340.000000	311.000000	644.000000	475.000000	272.000000	446.000000	195.000000	1.000000	229.000000	103.000000	1.000000
1.000000	1.000000	1.000000	366.000000	550.000000	1.000000	1.000000	1.000000	1.000000	426.000000	981.000000	564.000000	552.000000	480.000000	297.000000	382.000000	219.000000	313.000000	539.000000	281.000000	1.000000
253.000000	970.000000	708.000000	1.000000	1.000000	1.000000	1.000000	1.000000	225.000000	689.000000	825.000000	273.000000	201.000000	364.000000	364.000000	475.000000	1.000000	184.000000	285.000000	1.000000	1.000000
1269.000000	1528.000000	469.000000	1.000000	1.000000	1.000000	1.000000	1.000000	1.000000	205.000000	1.000000	1.000000	1.000000	401.000000	181.000000	174.000000	174.000000	1.000000	1.000000	195.000000	167.000000
930.000000	1240.000000	357.000000	97.000000	437.000000	161.000000	323.000000	153.000000	1.000000	306.000000	305.000000	305.000000	499.000000	636.000000	587.000000	1.000000	269.000000	261.000000	1.000000	185.000000	1.000000
1.000000	1.000000	1.000000	1.000000	1.000000	1.000000	1.000000	1.000000	1.000000	1.000000	1.000000	1.000000	1.000000	1.000000	1.000000	1.000000	1.000000	175.000000	173.000000	1.000000	1.000000
1.000000	1.000000	1.000000	1.000000	1.000000	1.000000	1.000000	1.000000	1.000000	1.000000	1.000000	1.000000	1.000000	1.000000	1.000000	1.000000	1.000000	169.000000	1.000000	1.000000	1.000000
