21 25 0
1057.000000	891.000000	234.000000	857.000000	607.000000	1157.000000	379.000000	1203.000000	1912.000000	927.000000	279.000000	383.000000	1386.000000	701.000000	329.000000	491.000000	1.000000	319.000000	1.000000	1.000000	251.000000
1.000000	851.000000	541.000000	315.000000	483.000000	1.000000	1.000000	1.000000	1.000000	1.000000	1.000000	1.000000	1.000000	1.000000	1.000000	1.000000	1.000000	319.000000	1.000000	1.000000	77.000000
1.000000	701.000000	585.000000	315.000000	1.000000	1.000000	1.000000	1.000000	1.000000	1.000000	1.000000	1.000000	1.000000	1.000000	1.000000	1.000000	1.000000	295.000000	1.000000	1.000000	110.000000
1.000000	903.000000	237.000000	1.000000	1.000000	184.000000	200.000000	244.000000	1.000000	1.000000	175.000000	78.000000	195.000000	1.000000	1.000000	1.000000	208.000000	1.000000	1.000000	405.000000	319.000000
1.000000	737.000000	1.000000	1.000000	183.000000	1.000000	1.000000	438.000000	982.000000	1317.000000	982.000000	588.000000	439.000000	253.000000	403.000000	149.000000	338.000000	277.000000	211.000000	594.000000	1.000000
1.000000	823.000000	485.000000	453.000000	686.000000	914.000000	844.000000	1091.000000	850.000000	189.000000	1.000000	337.000000	523.000000	563.000000	203.000000	464.000000	448.000000	185.000000	169.000000	160.000000	1.000000
683.000000	1283.000000	950.000000	190.000000	181.000000	1.000000	1.000000	511.000000	1.000000	1.000000	439.000000	1.000000	1.000000	1.000000	1.000000	213.000000	1.000000	794.000000	1.000000	1.000000	483.000000
513.000000	1375.000000	367.000000	1.000000	1.000000	1.000000	1.000000	1.000000	1.000000	439.000000	1897.000000	1.000000	1.000000	1369.000000	387.000000	510.000000	493.000000	331.000000	1.000000	1.000000	449.000000
1.000000	973.000000	1.000000	143.000000	1.000000	1.000000	1.000000	1.000000	1462.000000	3128.000000	2014.000000	1.000000	463.000000	1088.000000	511.000000	493.000000	193.000000	1.000000	416.000000	346.000000	1.000000
1.000000	435.000000	813.000000	1169.000000	1145.000000	1.000000	1.000000	1843.000000	2361.000000	2137.000000	898.000000	1.000000	1.000000	190.000000	379.000000	251.000000	253.000000	1109.000000	629.000000	323.000000	1.000000
435.000000	784.000000	541.000000	303.000000	583.000000	1.000000	1385.000000	2427.000000	191.000000	462.000000	1.000000	1.000000	1.000000	1155.000000	1595.000000	998.000000	1389.000000	1454.000000	454.000000	1.000000	283.000000
275.000000	423.000000	1.000000	1.000000	1.000000	1.000000	233.000000	1.000000	1.000000	1.000000	760.000000	1.000000	1.000000	839.000000	392.000000	208.000000	433.000000	279.000000	1.000000	1.000000	632.000000
1.000000	691.000000	469.000000	1.000000	190.000000	1.000000	1.000000	1.000000	1.000000	574.000000	289.000000	1.000000	229.000000	1.000000	1.000000	1.000000	1.000000	243.000000	1.000000	1.000000	430.000000
1.000000	672.000000	243.000000	1.000000	1.000000	1.000000	825.000000	746.000000	1.000000	1.000000	1.000000	1.000000	602.000000	517.000000	1.000000	1.000000	1.000000	499.000000	1.000000	1.000000	651.000000
1.000000	251.000000	1.000000	1.000000	1.000000	1440.000000	1373.000000	201.000000	1.000000	322.000000	1.000000	1.000000	788.000000	632.000000	1.000000	1.000000	218.000000	467.000000	116.000000	1.000000	918.000000
1.000000	1.000000	169.000000	149.000000	341.000000	1.000000	1.000000	1.000000	1.000000	1.000000	1.000000	1.000000	1.000000	363.000000	1.000000	457.000000	465.000000	379.000000	1.000000	219.000000	835.000000
1.000000	1.000000	1.000000	1.000000	1.000000	1.000000	1.000000	366.000000	2089.000000	1328.000000	716.000000	1175.000000	1768.000000	1642.000000	1.000000	891.000000	309.000000	231.000000	1.000000	241.000000	709.000000
176.000000	1.000000	1.000000	1.000000	1.000000	568.000000	2013.000000	2865.000000	886.000000	605.000000	1.000000	902.000000	1341.000000	1312.000000	1.000000	309.000000	618.000000	174.000000	1.000000	453.000000	546.000000
1.000000	205.000000	1.000000	1.000000	733.000000	440.000000	910.000000	1191.000000	384.000000	280.000000	205.000000	1.000000	227.000000	1.000000	1.000000	537.000000	427.000000	1.000000	443.000000	468.000000	372.000000
1.000000	435.000000	451.000000	815.000000	558.000000	481.000000	668.000000	1.000000	1.000000	1.000000	1.000000	263.000000	1.000000	1.000000	1.000000	221.000000	1.000000	1.000000	489.000000	435.000000	175.000000
367.000000	1350.000000	541.000000	452.000000	1.000000	321.000000	1.000000	1.000000	1.000000	337.000000	265.000000	1.000000	1.000000	1.000000	339.000000	1.000000	195.000000	737.000000	287.000000	412.000000	179.000000
1397.000000	896.000000	530.000000	155.000000	1.000000	1.000000	1.000000	1.000000	289.000000	1.000000	155.000000	1.000000	201.000000	766.000000	731.000000	182.000000	379.000000	689.000000	426.000000	581.000000	1.000000
1.000000	1.000000	1.000000	1.000000	1.000000	230.000000	1.000000	1.000000	1.000000	349.000000	1.000000	1.000000	395.000000	885.000000	412.000000	397.000000	264.000000	283.000000	195.000000	185.000000	1.000000
1.000000	1.000000	1.000000	1.000000	1.000000	1.000000	1.000000	1.000000	1.000000	1.000000	1.000000	1.000000	1.000000	1.000000	1.000000	1.000000	1.000000	193.000000	187.000000	1.000000	1.000000
1.000000	1.000000	1.000000	1.000000	1.000000	1.000000	1.000000	1.000000	1.000000	271.000000	1.000000	1.000000	1.000000	1.000000	1.000000	1.000000	233.000000	233.000000	1.000000	1.000000	1.000000
