21 25 0
523.000000	801.000000	338.000000	1.000000	1.000000	148.000000	1.000000	97.000000	1.000000	1.000000	1.000000	1.000000	167.000000	157.000000	199.000000	899.000000	784.000000	1236.000000	817.000000	1.000000	1.000000
1.000000	1157.000000	758.000000	329.000000	361.000000	338.000000	470.000000	353.000000	1.000000	222.000000	667.000000	526.000000	813.000000	622.000000	176.000000	180.000000	753.000000	793.000000	227.000000	143.000000	275.000000
135.000000	889.000000	889.000000	892.000000	780.000000	889.000000	712.000000	932.000000	1153.000000	837.000000	911.000000	1343.000000	1508.000000	1614.000000	337.000000	330.000000	670.000000	857.000000	1.000000	654.000000	1.000000
1.000000	1021.000000	564.000000	1.000000	1.000000	373.000000	542.000000	318.000000	315.000000	566.000000	179.000000	371.000000	716.000000	977.000000	528.000000	539.000000	651.000000	513.000000	1.000000	1.000000	309.000000
708.000000	1304.000000	606.000000	1.000000	164.000000	1.000000	471.000000	182.000000	1.000000	1.000000	1.000000	1.000000	1.000000	1.000000	294.000000	1.000000	1.000000	1.000000	1.000000	1.000000	316.000000
380.000000	1188.000000	254.000000	1.000000	1.000000	1.000000	453.000000	227.000000	451.000000	397.000000	150.000000	1.000000	1.000000	493.000000	1.000000	433.000000	432.000000	270.000000	1.000000	1.000000	337.000000
1.000000	325.000000	1.000000	249.000000	1133.000000	1.000000	431.000000	1176.000000	1577.000000	1160.000000	103.000000	976.000000	819.000000	1585.000000	1561.000000	317.000000	1.000000	1.000000	1.000000	1.000000	1.000000
1.000000	385.000000	399.000000	559.000000	1391.000000	1562.000000	1.000000	361.000000	1130.000000	2616.000000	217.000000	1.000000	567.000000	1172.000000	1096.000000	1017.000000	643.000000	181.000000	167.000000	1.000000	1.000000
1.000000	891.000000	332.000000	283.000000	689.000000	987.000000	221.000000	1.000000	1.000000	1.000000	462.000000	1.000000	1.000000	1.000000	1.000000	1199.000000	779.000000	832.000000	567.000000	1.000000	383.000000
1.000000	491.000000	333.000000	1.000000	1.000000	209.000000	1.000000	1.000000	1.000000	1.000000	331.000000	1.000000	1.000000	443.000000	1.000000	1.000000	1.000000	515.000000	1.000000	1.000000	1.000000
1.000000	416.000000	677.000000	879.000000	181.000000	1.000000	1.000000	1.000000	1.000000	1.000000	632.000000	1.000000	329.000000	126.000000	1.000000	1.000000	1.000000	313.000000	1.000000	1.000000	1.000000
485.000000	896.000000	961.000000	1633.000000	1160.000000	196.000000	1.000000	1.000000	351.000000	478.000000	497.000000	496.000000	133.000000	1561.000000	387.000000	1.000000	1.000000	183.000000	1.000000	1.000000	1.000000
467.000000	1063.000000	389.000000	805.000000	1005.000000	1028.000000	770.000000	1.000000	822.000000	2160.000000	2352.000000	1499.000000	926.000000	1478.000000	1865.000000	240.000000	402.000000	590.000000	1.000000	1.000000	1.000000
761.000000	760.000000	1.000000	1.000000	765.000000	393.000000	916.000000	367.000000	1.000000	1521.000000	1507.000000	1019.000000	1756.000000	815.000000	169.000000	163.000000	461.000000	1.000000	1.000000	1.000000	1.000000
1232.000000	2017.000000	571.000000	1.000000	1.000000	1.000000	860.000000	1128.000000	373.000000	1.000000	1009.000000	511.000000	355.000000	1674.000000	321.000000	1.000000	1.000000	1.000000	1.000000	1.000000	1.000000
815.000000	1806.000000	1865.000000	831.000000	1.000000	1.000000	1.000000	1715.000000	534.000000	369.000000	1.000000	1.000000	177.000000	1581.000000	2161.000000	491.000000	1.000000	1.000000	1.000000	1.000000	1.000000
471.000000	213.000000	1120.000000	1822.000000	1311.000000	1.000000	1.000000	221.000000	187.000000	407.000000	1.000000	275.000000	428.000000	562.000000	1574.000000	1629.000000	447.000000	1.000000	1.000000	1.000000	1.000000
714.000000	387.000000	401.000000	483.000000	682.000000	149.000000	1.000000	1.000000	1.000000	1.000000	1.000000	1.000000	1.000000	263.000000	523.000000	761.000000	683.000000	71.000000	1.000000	1.000000	1.000000
678.000000	450.000000	589.000000	351.000000	349.000000	478.000000	1.000000	538.000000	295.000000	1.000000	1.000000	431.000000	1.000000	1.000000	1.000000	466.000000	249.000000	1.000000	1.000000	1.000000	75.000000
1002.000000	927.000000	772.000000	497.000000	1.000000	764.000000	851.000000	233.000000	1.000000	1.000000	1.000000	602.000000	227.000000	1.000000	1.000000	1.000000	431.000000	87.000000	1.000000	1.000000	1.000000
1165.000000	933.000000	1096.000000	1185.000000	328.000000	407.000000	1428.000000	954.000000	391.000000	579.000000	1043.000000	750.000000	1.000000	1.000000	1.000000	203.000000	1.000000	145.000000	263.000000	1.000000	1.000000
1.000000	1.000000	515.000000	910.000000	492.000000	383.000000	215.000000	209.000000	842.000000	1015.000000	1269.000000	1215.000000	325.000000	517.000000	249.000000	306.000000	203.000000	1.000000	192.000000	286.000000	1.000000
1.000000	1.000000	1.000000	265.000000	1.000000	1.000000	88.000000	1.000000	1.000000	285.000000	1.000000	1.000000	715.000000	654.000000	1.000000	1.000000	307.000000	183.000000	149.000000	214.000000	1.000000
1.000000	1.000000	1.000000	1.000000	267.000000	1.000000	185.000000	1.000000	1.000000	239.000000	239.000000	1.000000	319.000000	285.000000	1.000000	1.000000	1.000000	1.000000	1.000000	1.000000	1.000000
1.000000	1.000000	1.000000	1.000000	1.000000	1.000000	1.000000	1.000000	1.000000	1.000000	211.000000	1.000000	1.000000	321.000000	1.000000	1.000000	135.000000	1.000000	1.000000	1.000000	1.000000
