21 25 0
1.000000	1.000000	1.000000	1.000000	309.000000	1.000000	353.000000	312.000000	159.000000	1.000000	745.000000	623.000000	374.000000	477.000000	1093.000000	1142.000000	795.000000	472.000000	213.000000	1.000000	964.000000
1.000000	1.000000	1.000000	1.000000	1.000000	1.000000	1.000000	195.000000	1.000000	147.000000	878.000000	1230.000000	470.000000	625.000000	794.000000	1064.000000	1233.000000	1379.000000	207.000000	1.000000	1.000000
1.000000	251.000000	289.000000	1.000000	1.000000	1.000000	1.000000	1.000000	1.000000	1.000000	167.000000	892.000000	143.000000	1.000000	158.000000	488.000000	1024.000000	754.000000	145.000000	1.000000	1.000000
1.000000	252.000000	1048.000000	213.000000	1.000000	423.000000	766.000000	1.000000	1.000000	1.000000	1.000000	167.000000	1.000000	1.000000	1.000000	1.000000	161.000000	287.000000	1.000000	1.000000	1.000000
921.000000	490.000000	1534.000000	687.000000	1.000000	175.000000	975.000000	2371.000000	686.000000	1.000000	1.000000	1.000000	1.000000	1.000000	466.000000	449.000000	1.000000	1.000000	1.000000	1.000000	1.000000
991.000000	1387.000000	895.000000	489.000000	1.000000	1.000000	274.000000	1288.000000	2228.000000	1209.000000	1.000000	267.000000	521.000000	603.000000	683.000000	1274.000000	1036.000000	1434.000000	814.000000	1.000000	1.000000
1.000000	1498.000000	1373.000000	968.000000	1.000000	1.000000	1.000000	384.000000	924.000000	1638.000000	165.000000	1.000000	780.000000	1.000000	288.000000	356.000000	749.000000	1108.000000	2200.000000	209.000000	1.000000
431.000000	185.000000	1.000000	497.000000	1.000000	1.000000	1.000000	1.000000	1.000000	684.000000	1.000000	1.000000	1.000000	1.000000	1.000000	856.000000	295.000000	1.000000	419.000000	333.000000	1.000000
431.000000	472.000000	225.000000	191.000000	1.000000	1.000000	1.000000	1.000000	1.000000	177.000000	1.000000	1.000000	183.000000	1.000000	1.000000	361.000000	1133.000000	1.000000	1.000000	1.000000	861.000000
1359.000000	232.000000	376.000000	445.000000	1.000000	1.000000	1.000000	1.000000	1.000000	321.000000	352.000000	1.000000	1016.000000	76.000000	1.000000	1.000000	1.000000	1.000000	1.000000	1.000000	1.000000
1387.000000	511.000000	368.000000	241.000000	536.000000	207.000000	297.000000	594.000000	1.000000	1.000000	143.000000	1.000000	351.000000	2733.000000	212.000000	1.000000	1.000000	1.000000	1.000000	1.000000	1.000000
1478.000000	1475.000000	1.000000	1.000000	245.000000	1.000000	207.000000	495.000000	643.000000	1.000000	1.000000	1.000000	1.000000	1017.000000	1471.000000	1105.000000	1226.000000	198.000000	1.000000	1.000000	1.000000
429.000000	1125.000000	941.000000	1.000000	1.000000	1.000000	1.000000	1.000000	1750.000000	1384.000000	237.000000	1.000000	1.000000	1.000000	1.000000	1.000000	1561.000000	1577.000000	363.000000	1411.000000	1.000000
1.000000	497.000000	409.000000	1.000000	1.000000	1.000000	323.000000	1.000000	169.000000	2094.000000	3139.000000	774.000000	1657.000000	1.000000	1.000000	1.000000	1.000000	560.000000	1.000000	1441.000000	1659.000000
1011.000000	520.000000	908.000000	1.000000	316.000000	770.000000	1207.000000	697.000000	1.000000	1.000000	497.000000	864.000000	1436.000000	979.000000	1.000000	1.000000	1.000000	169.000000	1.000000	1.000000	1443.000000
664.000000	1604.000000	2292.000000	700.000000	1.000000	536.000000	2318.000000	2389.000000	960.000000	1.000000	1.000000	1.000000	196.000000	786.000000	1.000000	1.000000	1.000000	1.000000	1.000000	1.000000	1.000000
1.000000	1307.000000	2035.000000	1443.000000	1.000000	1.000000	305.000000	1304.000000	1265.000000	1.000000	1.000000	423.000000	644.000000	655.000000	807.000000	1.000000	1.000000	1.000000	1.000000	1.000000	1.000000
1.000000	962.000000	1234.000000	1497.000000	1.000000	219.000000	1.000000	1.000000	1.000000	437.000000	343.000000	1.000000	133.000000	1.000000	1.000000	381.000000	1.000000	379.000000	1.000000	1.000000	1.000000
1.000000	1.000000	1.000000	267.000000	1.000000	373.000000	302.000000	1.000000	768.000000	2278.000000	210.000000	1.000000	285.000000	1.000000	1.000000	1.000000	1.000000	413.000000	1.000000	1.000000	163.000000
1.000000	1.000000	1.000000	1.000000	519.000000	594.000000	496.000000	1.000000	1.000000	465.000000	1622.000000	417.000000	1.000000	353.000000	1.000000	1.000000	1.000000	1.000000	1.000000	67.000000	1.000000
1.000000	476.000000	489.000000	1.000000	663.000000	810.000000	1272.000000	770.000000	1.000000	1.000000	1.000000	1.000000	1.000000	139.000000	137.000000	1.000000	304.000000	169.000000	1.000000	1.000000	662.000000
737.000000	1.000000	1696.000000	1007.000000	1.000000	781.000000	1585.000000	2100.000000	1107.000000	718.000000	581.000000	315.000000	223.000000	1.000000	1.000000	1.000000	321.000000	1033.000000	163.000000	1.000000	147.000000
1.000000	739.000000	257.000000	796.000000	1.000000	1.000000	261.000000	797.000000	1162.000000	632.000000	1.000000	1.000000	1.000000	873.000000	1.000000	1.000000	1.000000	318.000000	1036.000000	1.000000	1.000000
1.000000	222.000000	1.000000	1.000000	1.000000	1.000000	1.000000	1.000000	162.000000	151.000000	1.000000	1.000000	1.000000	1.000000	1.000000	1.000000	1.000000	1.000000	367.000000	1.000000	1.000000
1.000000	1.000000	1.000000	1.000000	1.000000	1.000000	1.000000	1.000000	1.000000	1.000000	1.000000	1.000000	1.000000	1.000000	1.000000	1.000000	1.000000	1.000000	1.000000	1.000000	1.000000
