21 25 0
505.000000	774.000000	149.000000	1.000000	470.000000	998.000000	1548.000000	1029.000000	802.000000	851.000000	506.000000	71.000000	157.000000	324.000000	1.000000	75.000000	1.000000	1.000000	1.000000	1.000000	1.000000
706.000000	313.000000	1.000000	134.000000	539.000000	1351.000000	901.000000	692.000000	70.000000	522.000000	690.000000	167.000000	316.000000	559.000000	319.000000	1.000000	1.000000	1.000000	1.000000	1.000000	1.000000
405.000000	1.000000	1.000000	1.000000	302.000000	697.000000	514.000000	1.000000	1.000000	152.000000	166.000000	1.000000	1.000000	231.000000	316.000000	1.000000	1.000000	1.000000	1.000000	1.000000	522.000000
1.000000	283.000000	1.000000	166.000000	536.000000	152.000000	1.000000	245.000000	1.000000	1.000000	1.000000	1.000000	1.000000	1.000000	1.000000	1.000000	1.000000	1.000000	181.000000	694.000000	1461.000000
135.000000	1.000000	307.000000	1046.000000	1712.000000	973.000000	1.000000	1.000000	1.000000	1.000000	1.000000	1.000000	1.000000	1.000000	1.000000	1.000000	1.000000	1.000000	257.000000	1110.000000	1470.000000
1.000000	1.000000	498.000000	894.000000	1679.000000	761.000000	456.000000	1.000000	1.000000	256.000000	1.000000	1.000000	731.000000	1038.000000	1225.000000	745.000000	1.000000	189.000000	1.000000	871.000000	983.000000
1.000000	1.000000	1.000000	275.000000	792.000000	766.000000	1326.000000	385.000000	327.000000	395.000000	1.000000	503.000000	1844.000000	1403.000000	613.000000	1.000000	1.000000	1.000000	1.000000	261.000000	1400.000000
1.000000	1.000000	1.000000	1.000000	221.000000	1260.000000	1037.000000	1.000000	1.000000	1.000000	1.000000	741.000000	1100.000000	261.000000	1.000000	1.000000	1.000000	1.000000	193.000000	978.000000	2347.000000
477.000000	1.000000	381.000000	1.000000	1.000000	1.000000	1.000000	1.000000	1.000000	1.000000	1.000000	1564.000000	1.000000	1.000000	1.000000	183.000000	1.000000	1.000000	1.000000	1658.000000	638.000000
422.000000	381.000000	1.000000	1.000000	283.000000	147.000000	1.000000	667.000000	1.000000	1.000000	385.000000	1888.000000	317.000000	1.000000	1.000000	1.000000	1.000000	1.000000	241.000000	1254.000000	1.000000
727.000000	513.000000	1.000000	150.000000	530.000000	1015.000000	1279.000000	1536.000000	425.000000	1.000000	466.000000	1294.000000	1.000000	1.000000	1.000000	1.000000	1.000000	243.000000	891.000000	228.000000	451.000000
507.000000	649.000000	458.000000	698.000000	1006.000000	1874.000000	1045.000000	638.000000	1.000000	1.000000	1.000000	1.000000	1.000000	1.000000	1.000000	641.000000	1.000000	1.000000	806.000000	1.000000	365.000000
744.000000	1346.000000	1.000000	1.000000	571.000000	670.000000	215.000000	1.000000	1.000000	419.000000	555.000000	1142.000000	429.000000	1.000000	400.000000	347.000000	1.000000	1.000000	1.000000	365.000000	995.000000
1.000000	1.000000	395.000000	1.000000	373.000000	185.000000	1.000000	1.000000	897.000000	2782.000000	2702.000000	1777.000000	307.000000	1.000000	1.000000	1.000000	1.000000	1.000000	361.000000	1079.000000	1541.000000
173.000000	1.000000	1.000000	1.000000	644.000000	567.000000	1.000000	1.000000	663.000000	1029.000000	571.000000	1.000000	1.000000	1.000000	141.000000	1.000000	1.000000	361.000000	817.000000	1897.000000	367.000000
329.000000	1.000000	1.000000	953.000000	1052.000000	1508.000000	1.000000	1.000000	143.000000	767.000000	493.000000	1.000000	395.000000	1095.000000	1421.000000	1.000000	1.000000	367.000000	2138.000000	718.000000	1.000000
175.000000	1.000000	1.000000	1067.000000	1826.000000	1.000000	429.000000	389.000000	673.000000	495.000000	1.000000	1.000000	812.000000	2584.000000	756.000000	1.000000	291.000000	563.000000	2512.000000	330.000000	1.000000
309.000000	1.000000	1.000000	1.000000	247.000000	1.000000	1.000000	365.000000	196.000000	345.000000	260.000000	254.000000	1.000000	1.000000	1.000000	265.000000	634.000000	2009.000000	1820.000000	1.000000	1.000000
150.000000	318.000000	1.000000	1.000000	1.000000	193.000000	300.000000	170.000000	1.000000	771.000000	160.000000	1.000000	1.000000	1.000000	267.000000	327.000000	1619.000000	2185.000000	251.000000	1.000000	1.000000
1.000000	1.000000	1.000000	537.000000	172.000000	1.000000	1.000000	1.000000	445.000000	407.000000	1.000000	1.000000	1.000000	1.000000	538.000000	2073.000000	1935.000000	461.000000	1.000000	1.000000	1.000000
146.000000	1.000000	1.000000	350.000000	353.000000	215.000000	1.000000	1.000000	1.000000	1.000000	1.000000	251.000000	736.000000	777.000000	980.000000	1395.000000	883.000000	1.000000	1.000000	146.000000	1.000000
384.000000	442.000000	1.000000	1085.000000	914.000000	1.000000	274.000000	831.000000	587.000000	1.000000	565.000000	948.000000	1842.000000	775.000000	385.000000	539.000000	1.000000	1.000000	1.000000	235.000000	1.000000
237.000000	1.000000	741.000000	871.000000	552.000000	195.000000	491.000000	172.000000	1.000000	313.000000	943.000000	1688.000000	946.000000	1.000000	890.000000	1434.000000	1.000000	1.000000	1.000000	1.000000	302.000000
1.000000	1.000000	1.000000	217.000000	231.000000	1.000000	75.000000	355.000000	1.000000	221.000000	1.000000	1.000000	1.000000	1.000000	1.000000	669.000000	1.000000	1.000000	1.000000	1.000000	215.000000
1.000000	1.000000	1.000000	1.000000	1.000000	1.000000	1.000000	1.000000	1.000000	1.000000	1.000000	1.000000	1.000000	1.000000	1.000000	1.000000	1.000000	1.000000	1.000000	1.000000	1.000000
