21 25 0
1541.000000	1030.000000	807.000000	394.000000	766.000000	822.000000	155.000000	1.000000	1.000000	169.000000	1.000000	1.000000	1.000000	1.000000	1.000000	1.000000	1.000000	199.000000	1829.000000	2514.000000	519.000000
1493.000000	1156.000000	261.000000	922.000000	569.000000	1673.000000	648.000000	1.000000	362.000000	924.000000	150.000000	1.000000	83.000000	315.000000	1.000000	1.000000	1.000000	1.000000	590.000000	2764.000000	1225.000000
657.000000	1041.000000	1.000000	612.000000	1128.000000	1101.000000	361.000000	1.000000	373.000000	1177.000000	582.000000	1.000000	84.000000	238.000000	1.000000	85.000000	1.000000	1.000000	257.000000	2123.000000	1717.000000
441.000000	1043.000000	1.000000	810.000000	1547.000000	1149.000000	1.000000	1.000000	1.000000	904.000000	677.000000	1.000000	1.000000	318.000000	1.000000	1.000000	1.000000	1.000000	259.000000	1864.000000	2123.000000
442.000000	1527.000000	777.000000	683.000000	1728.000000	867.000000	1.000000	1.000000	1.000000	213.000000	373.000000	1.000000	1.000000	1.000000	1.000000	1.000000	1.000000	1.000000	257.000000	2032.000000	2318.000000
612.000000	1010.000000	896.000000	793.000000	1932.000000	239.000000	1.000000	1.000000	1.000000	1.000000	1.000000	315.000000	480.000000	1.000000	1.000000	1.000000	1.000000	1.000000	191.000000	1448.000000	1980.000000
1374.000000	1129.000000	652.000000	885.000000	1019.000000	993.000000	457.000000	1.000000	343.000000	1.000000	169.000000	917.000000	1411.000000	233.000000	1.000000	1.000000	423.000000	1.000000	1.000000	1320.000000	2035.000000
1431.000000	1715.000000	652.000000	723.000000	1329.000000	1139.000000	951.000000	1.000000	1.000000	1.000000	196.000000	2595.000000	1590.000000	1.000000	1.000000	1.000000	425.000000	1.000000	177.000000	1078.000000	1777.000000
1407.000000	1003.000000	1153.000000	681.000000	1115.000000	1142.000000	674.000000	1.000000	806.000000	1.000000	439.000000	2983.000000	707.000000	1.000000	1.000000	1.000000	1.000000	1.000000	245.000000	1989.000000	642.000000
423.000000	641.000000	609.000000	484.000000	835.000000	679.000000	205.000000	424.000000	1764.000000	1.000000	921.000000	3113.000000	567.000000	1.000000	1089.000000	1.000000	1.000000	295.000000	554.000000	2547.000000	215.000000
181.000000	241.000000	1021.000000	297.000000	645.000000	976.000000	1.000000	428.000000	1.000000	1.000000	1116.000000	3329.000000	572.000000	1.000000	891.000000	463.000000	1.000000	295.000000	1320.000000	1271.000000	301.000000
1.000000	1.000000	669.000000	989.000000	1694.000000	1093.000000	1.000000	209.000000	1.000000	1.000000	653.000000	2685.000000	737.000000	1.000000	1523.000000	493.000000	1.000000	245.000000	1935.000000	378.000000	451.000000
503.000000	1.000000	352.000000	1039.000000	2408.000000	1066.000000	1.000000	1.000000	371.000000	1.000000	1.000000	1935.000000	584.000000	1.000000	1939.000000	348.000000	1.000000	229.000000	1513.000000	1.000000	167.000000
1266.000000	323.000000	763.000000	1163.000000	1901.000000	1143.000000	1.000000	1.000000	425.000000	413.000000	1.000000	842.000000	1.000000	1.000000	2085.000000	1.000000	73.000000	319.000000	1966.000000	507.000000	1.000000
667.000000	331.000000	1524.000000	1417.000000	2040.000000	1316.000000	1.000000	201.000000	2221.000000	2646.000000	833.000000	1.000000	1.000000	1.000000	1723.000000	1.000000	483.000000	369.000000	2926.000000	1920.000000	1.000000
526.000000	517.000000	1023.000000	1995.000000	2272.000000	1466.000000	1.000000	1.000000	1249.000000	2596.000000	834.000000	1.000000	1.000000	324.000000	738.000000	1.000000	364.000000	369.000000	2577.000000	1838.000000	1.000000
622.000000	1336.000000	1.000000	1483.000000	2143.000000	377.000000	1.000000	196.000000	1.000000	1210.000000	750.000000	1.000000	1.000000	337.000000	191.000000	1.000000	291.000000	648.000000	2449.000000	331.000000	1.000000
633.000000	1121.000000	1.000000	820.000000	639.000000	1.000000	636.000000	1082.000000	1.000000	1.000000	1.000000	465.000000	1.000000	1.000000	1.000000	1.000000	255.000000	1637.000000	2223.000000	1.000000	1.000000
845.000000	1002.000000	1.000000	593.000000	743.000000	1.000000	656.000000	1008.000000	546.000000	1.000000	1.000000	467.000000	1.000000	1.000000	535.000000	377.000000	513.000000	1786.000000	565.000000	1.000000	1.000000
887.000000	1018.000000	1.000000	1667.000000	1255.000000	142.000000	1.000000	399.000000	671.000000	298.000000	1.000000	1.000000	1.000000	1.000000	1219.000000	1520.000000	1179.000000	434.000000	1.000000	1.000000	1.000000
792.000000	1320.000000	537.000000	1812.000000	2056.000000	715.000000	1.000000	1.000000	1.000000	598.000000	1.000000	1.000000	158.000000	1.000000	1050.000000	2624.000000	965.000000	1.000000	169.000000	657.000000	1.000000
887.000000	1161.000000	743.000000	1578.000000	1968.000000	947.000000	1.000000	1.000000	1.000000	1.000000	1.000000	890.000000	1275.000000	1.000000	1024.000000	2878.000000	500.000000	1.000000	1.000000	1220.000000	516.000000
167.000000	978.000000	743.000000	1007.000000	2238.000000	1123.000000	1.000000	1.000000	1.000000	156.000000	1.000000	281.000000	556.000000	1.000000	874.000000	2533.000000	382.000000	1.000000	1.000000	254.000000	1159.000000
383.000000	1.000000	1.000000	221.000000	615.000000	375.000000	150.000000	355.000000	1.000000	157.000000	1.000000	1.000000	1.000000	1.000000	1.000000	762.000000	1.000000	1.000000	1.000000	1.000000	416.000000
1.000000	1.000000	1.000000	1.000000	1.000000	1.000000	1.000000	1.000000	1.000000	1.000000	1.000000	1.000000	1.000000	1.000000	1.000000	1.000000	1.000000	1.000000	1.000000	1.000000	1.000000
