21 25 0
500.000000	561.000000	347.000000	510.000000	385.000000	1.000000	1.000000	1.000000	1.000000	1.000000	1.000000	1.000000	1.000000	1.000000	1.000000	1.000000	179.000000	424.000000	423.000000	225.000000	192.000000
272.000000	391.000000	914.000000	944.000000	429.000000	1.000000	156.000000	241.000000	1.000000	1.000000	1.000000	1.000000	1.000000	1.000000	1.000000	1.000000	1.000000	1.000000	1.000000	815.000000	707.000000
1.000000	261.000000	429.000000	428.000000	483.000000	614.000000	1123.000000	1432.000000	1142.000000	681.000000	585.000000	579.000000	544.000000	519.000000	709.000000	694.000000	354.000000	151.000000	1.000000	1415.000000	1671.000000
1.000000	1.000000	1.000000	375.000000	375.000000	459.000000	1079.000000	1575.000000	1558.000000	1231.000000	1432.000000	1434.000000	1328.000000	1317.000000	1685.000000	2003.000000	1514.000000	781.000000	1.000000	448.000000	448.000000
1.000000	1.000000	1.000000	1.000000	1.000000	137.000000	192.000000	297.000000	244.000000	626.000000	1348.000000	1472.000000	1340.000000	1058.000000	1038.000000	1258.000000	1115.000000	618.000000	1.000000	1.000000	1.000000
1.000000	1.000000	1.000000	1.000000	136.000000	604.000000	371.000000	1.000000	1.000000	1.000000	193.000000	328.000000	259.000000	201.000000	148.000000	143.000000	143.000000	140.000000	1.000000	1.000000	1.000000
739.000000	142.000000	523.000000	922.000000	405.000000	1.000000	330.000000	637.000000	242.000000	1.000000	132.000000	1.000000	1.000000	1.000000	467.000000	1453.000000	1529.000000	181.000000	242.000000	1.000000	1.000000
1.000000	479.000000	727.000000	632.000000	656.000000	1040.000000	544.000000	855.000000	1172.000000	1523.000000	1402.000000	1060.000000	1302.000000	1465.000000	1399.000000	617.000000	420.000000	334.000000	1.000000	1.000000	1.000000
503.000000	1455.000000	1281.000000	417.000000	620.000000	1568.000000	2320.000000	2218.000000	1194.000000	253.000000	449.000000	413.000000	554.000000	726.000000	716.000000	560.000000	464.000000	259.000000	1.000000	243.000000	243.000000
1.000000	511.000000	511.000000	1.000000	394.000000	681.000000	1091.000000	1004.000000	246.000000	337.000000	337.000000	254.000000	1.000000	906.000000	2009.000000	2126.000000	1834.000000	1736.000000	997.000000	514.000000	615.000000
122.000000	292.000000	1.000000	1.000000	1.000000	240.000000	1.000000	1.000000	1.000000	1.000000	1.000000	1.000000	1.000000	1.000000	346.000000	760.000000	1349.000000	1132.000000	454.000000	687.000000	441.000000
1.000000	1.000000	1.000000	1.000000	1.000000	1.000000	1.000000	247.000000	877.000000	1650.000000	1365.000000	1397.000000	1148.000000	417.000000	1.000000	1.000000	1.000000	1.000000	1.000000	904.000000	151.000000
1187.000000	1009.000000	505.000000	1.000000	736.000000	1077.000000	1218.000000	1074.000000	487.000000	133.000000	427.000000	894.000000	1213.000000	1308.000000	653.000000	1.000000	1.000000	1.000000	1.000000	1.000000	1.000000
1317.000000	1791.000000	487.000000	1.000000	528.000000	1327.000000	1809.000000	1010.000000	1.000000	1.000000	1.000000	1.000000	1.000000	1.000000	657.000000	1863.000000	979.000000	1.000000	1.000000	1.000000	1.000000
1.000000	507.000000	507.000000	1.000000	1.000000	1.000000	319.000000	1245.000000	1528.000000	1898.000000	1394.000000	1353.000000	1453.000000	1328.000000	541.000000	159.000000	1.000000	1.000000	910.000000	908.000000	159.000000
1.000000	1.000000	1.000000	1.000000	1.000000	1.000000	1.000000	1.000000	613.000000	1892.000000	2496.000000	1940.000000	1380.000000	383.000000	209.000000	339.000000	183.000000	159.000000	1.000000	387.000000	275.000000
149.000000	148.000000	1.000000	1.000000	797.000000	1206.000000	999.000000	675.000000	1.000000	1.000000	1.000000	1.000000	1.000000	149.000000	149.000000	157.000000	1.000000	180.000000	1.000000	1.000000	163.000000
1.000000	1.000000	497.000000	495.000000	424.000000	1095.000000	1851.000000	1452.000000	1377.000000	1403.000000	1852.000000	1294.000000	858.000000	1664.000000	1555.000000	735.000000	1.000000	1.000000	1.000000	73.000000	364.000000
306.000000	437.000000	1131.000000	477.000000	1.000000	1.000000	1.000000	1.000000	195.000000	195.000000	195.000000	224.000000	1447.000000	1618.000000	1429.000000	215.000000	1.000000	1.000000	165.000000	661.000000	730.000000
175.000000	478.000000	477.000000	1.000000	1.000000	1.000000	480.000000	1014.000000	1176.000000	1169.000000	696.000000	679.000000	1.000000	1.000000	1.000000	1.000000	1.000000	1.000000	385.000000	1.000000	149.000000
164.000000	159.000000	1.000000	377.000000	1.000000	1.000000	718.000000	1489.000000	2200.000000	3012.000000	2442.000000	1806.000000	989.000000	1.000000	277.000000	1.000000	1.000000	1.000000	389.000000	1.000000	1.000000
1.000000	1.000000	1.000000	476.000000	168.000000	1.000000	1.000000	1.000000	1.000000	1.000000	1.000000	1.000000	1.000000	1.000000	508.000000	277.000000	1.000000	1.000000	213.000000	1063.000000	1029.000000
1.000000	1.000000	1.000000	1.000000	296.000000	351.000000	1.000000	1.000000	1.000000	1.000000	1.000000	1.000000	1.000000	1.000000	719.000000	593.000000	721.000000	366.000000	1.000000	344.000000	996.000000
1.000000	1.000000	1.000000	1.000000	1.000000	1.000000	151.000000	1.000000	1.000000	1.000000	1.000000	1.000000	1.000000	1.000000	1.000000	1.000000	1.000000	164.000000	1.000000	1.000000	391.000000
1.000000	1.000000	1.000000	1.000000	1.000000	1.000000	1.000000	1.000000	1.000000	1.000000	1.000000	1.000000	1.000000	1.000000	1.000000	1.000000	1.000000	1.000000	1.000000	1.000000	1.000000
