21 25 0
305.000000	149.000000	1.000000	1.000000	179.000000	669.000000	1190.000000	1565.000000	1132.000000	1235.000000	1349.000000	1106.000000	1117.000000	1409.000000	1280.000000	1145.000000	951.000000	361.000000	1.000000	1.000000	1.000000
160.000000	1.000000	1.000000	1.000000	292.000000	306.000000	1042.000000	1059.000000	984.000000	1013.000000	1143.000000	1563.000000	998.000000	976.000000	1167.000000	1271.000000	1500.000000	1133.000000	1.000000	1.000000	1.000000
424.000000	171.000000	1.000000	1.000000	1.000000	137.000000	337.000000	163.000000	150.000000	342.000000	557.000000	676.000000	401.000000	330.000000	335.000000	511.000000	520.000000	288.000000	1.000000	1.000000	252.000000
1.000000	1.000000	1.000000	1.000000	672.000000	854.000000	582.000000	331.000000	1.000000	1.000000	1.000000	72.000000	1.000000	1.000000	1.000000	141.000000	145.000000	1.000000	1.000000	1.000000	1.000000
1.000000	1.000000	1.000000	881.000000	1077.000000	1621.000000	2063.000000	1882.000000	804.000000	1.000000	1.000000	1.000000	1.000000	1.000000	530.000000	897.000000	333.000000	216.000000	207.000000	1.000000	1.000000
511.000000	850.000000	341.000000	643.000000	706.000000	1013.000000	656.000000	1581.000000	2424.000000	2033.000000	1226.000000	1480.000000	1846.000000	2108.000000	2162.000000	2532.000000	2067.000000	1901.000000	923.000000	1.000000	1.000000
499.000000	497.000000	1358.000000	1358.000000	266.000000	1057.000000	578.000000	698.000000	1168.000000	748.000000	696.000000	834.000000	1881.000000	1667.000000	758.000000	289.000000	536.000000	862.000000	992.000000	427.000000	157.000000
1.000000	1.000000	1.000000	1.000000	1.000000	591.000000	993.000000	360.000000	1.000000	1.000000	1.000000	189.000000	476.000000	279.000000	260.000000	357.000000	357.000000	240.000000	314.000000	1481.000000	2076.000000
1.000000	1.000000	139.000000	196.000000	196.000000	1.000000	1.000000	1.000000	1.000000	499.000000	499.000000	158.000000	158.000000	1.000000	471.000000	1762.000000	1576.000000	1.000000	1.000000	443.000000	442.000000
1.000000	1.000000	1.000000	1.000000	1.000000	1.000000	189.000000	213.000000	1.000000	1.000000	352.000000	397.000000	396.000000	1.000000	1.000000	1.000000	1.000000	1.000000	1.000000	1.000000	1.000000
737.000000	513.000000	341.000000	685.000000	1180.000000	1474.000000	1413.000000	388.000000	283.000000	1.000000	1.000000	1.000000	565.000000	895.000000	363.000000	1.000000	1.000000	1.000000	1.000000	1.000000	1.000000
1190.000000	214.000000	1.000000	1.000000	974.000000	1507.000000	1203.000000	499.000000	1.000000	1.000000	1.000000	1.000000	1.000000	233.000000	1291.000000	2333.000000	1320.000000	890.000000	1.000000	1.000000	1.000000
1059.000000	712.000000	1.000000	1.000000	1.000000	159.000000	1.000000	1.000000	557.000000	1040.000000	1206.000000	928.000000	1.000000	1.000000	1.000000	66.000000	726.000000	572.000000	331.000000	657.000000	597.000000
1.000000	1.000000	1.000000	1.000000	1.000000	1.000000	1.000000	1.000000	1177.000000	3273.000000	3691.000000	2956.000000	1141.000000	1.000000	1.000000	1.000000	1.000000	1.000000	1.000000	1860.000000	1882.000000
511.000000	509.000000	1.000000	1.000000	307.000000	399.000000	397.000000	215.000000	1.000000	978.000000	1480.000000	1278.000000	205.000000	1.000000	169.000000	227.000000	278.000000	72.000000	1.000000	695.000000	1213.000000
511.000000	1009.000000	499.000000	1.000000	438.000000	1520.000000	2440.000000	2116.000000	1371.000000	407.000000	501.000000	501.000000	631.000000	1298.000000	688.000000	1.000000	1.000000	1.000000	381.000000	381.000000	1.000000
1.000000	767.000000	2106.000000	1659.000000	1.000000	1.000000	188.000000	1606.000000	2071.000000	1314.000000	732.000000	865.000000	2176.000000	2664.000000	1501.000000	1.000000	271.000000	271.000000	194.000000	1.000000	1.000000
1.000000	456.000000	934.000000	686.000000	1.000000	1.000000	211.000000	1.000000	572.000000	438.000000	438.000000	451.000000	191.000000	1.000000	1.000000	1.000000	291.000000	1922.000000	1527.000000	1.000000	1.000000
306.000000	150.000000	1.000000	1.000000	406.000000	1120.000000	1819.000000	1260.000000	1628.000000	3307.000000	1035.000000	362.000000	155.000000	265.000000	265.000000	865.000000	798.000000	1802.000000	211.000000	1.000000	1.000000
1.000000	1.000000	1.000000	1.000000	303.000000	570.000000	314.000000	1.000000	413.000000	990.000000	1045.000000	550.000000	290.000000	1313.000000	1430.000000	1745.000000	1661.000000	396.000000	1.000000	1.000000	155.000000
1.000000	1.000000	1.000000	1.000000	1.000000	1.000000	281.000000	331.000000	301.000000	229.000000	229.000000	249.000000	384.000000	263.000000	581.000000	581.000000	398.000000	1.000000	1.000000	1.000000	703.000000
1.000000	1.000000	1.000000	1.000000	1.000000	581.000000	1260.000000	2397.000000	2688.000000	1594.000000	1678.000000	1668.000000	1179.000000	464.000000	1.000000	1.000000	1.000000	1.000000	1.000000	1.000000	394.000000
1.000000	1.000000	418.000000	184.000000	187.000000	1.000000	217.000000	776.000000	1119.000000	924.000000	1391.000000	1552.000000	530.000000	1.000000	1.000000	1.000000	1.000000	1.000000	1.000000	1.000000	1.000000
1.000000	1.000000	209.000000	1.000000	1.000000	1.000000	1.000000	1.000000	286.000000	611.000000	427.000000	1.000000	1.000000	1.000000	1.000000	1.000000	1.000000	1.000000	1.000000	1.000000	1.000000
1.000000	1.000000	1.000000	1.000000	1.000000	1.000000	1.000000	1.000000	1.000000	1.000000	1.000000	1.000000	1.000000	1.000000	1.000000	1.000000	1.000000	1.000000	1.000000	1.000000	1.000000
