21 25 0
526.000000	509.000000	1.000000	1.000000	1.000000	1.000000	1.000000	1.000000	1.000000	1.000000	1.000000	1.000000	1.000000	1.000000	1.000000	1.000000	1.000000	403.000000	1489.000000	2489.000000	771.000000
1.000000	1.000000	1.000000	175.000000	360.000000	385.000000	197.000000	1.000000	1.000000	523.000000	1.000000	1.000000	1.000000	1.000000	1.000000	1.000000	1.000000	1.000000	211.000000	2276.000000	1508.000000
1.000000	187.000000	1.000000	134.000000	318.000000	631.000000	790.000000	674.000000	733.000000	1167.000000	765.000000	1.000000	161.000000	488.000000	503.000000	353.000000	1.000000	1.000000	1.000000	1390.000000	2045.000000
209.000000	1.000000	1.000000	1.000000	532.000000	466.000000	292.000000	349.000000	677.000000	1389.000000	1465.000000	568.000000	1.000000	311.000000	514.000000	1031.000000	458.000000	1.000000	231.000000	984.000000	1568.000000
401.000000	289.000000	1.000000	1.000000	1.000000	412.000000	1.000000	133.000000	170.000000	180.000000	739.000000	427.000000	1.000000	314.000000	172.000000	171.000000	148.000000	1.000000	221.000000	1047.000000	979.000000
303.000000	317.000000	1.000000	1.000000	1.000000	1.000000	412.000000	1.000000	1.000000	1.000000	84.000000	1.000000	1.000000	1.000000	1.000000	1.000000	1.000000	1.000000	1.000000	255.000000	1733.000000
1043.000000	737.000000	291.000000	483.000000	226.000000	1.000000	1.000000	1.000000	1.000000	1.000000	300.000000	297.000000	1.000000	1.000000	441.000000	467.000000	419.000000	181.000000	1.000000	143.000000	746.000000
1819.000000	1405.000000	249.000000	817.000000	1316.000000	769.000000	294.000000	1.000000	352.000000	144.000000	194.000000	1941.000000	1217.000000	237.000000	1.000000	1.000000	907.000000	694.000000	1.000000	1.000000	1.000000
1364.000000	1795.000000	995.000000	526.000000	847.000000	1377.000000	1150.000000	1137.000000	156.000000	1.000000	484.000000	564.000000	393.000000	926.000000	878.000000	1.000000	1.000000	1.000000	1.000000	1.000000	1.000000
264.000000	279.000000	1195.000000	1.000000	91.000000	231.000000	401.000000	1.000000	796.000000	1.000000	255.000000	1291.000000	1.000000	1.000000	2345.000000	1352.000000	157.000000	167.000000	617.000000	1088.000000	1.000000
207.000000	288.000000	231.000000	1.000000	1.000000	1.000000	1.000000	1.000000	1.000000	1.000000	1.000000	1254.000000	582.000000	1.000000	1.000000	402.000000	271.000000	1.000000	620.000000	577.000000	1.000000
1.000000	104.000000	566.000000	167.000000	1.000000	1.000000	1.000000	1.000000	1.000000	1.000000	140.000000	1922.000000	1226.000000	1.000000	1.000000	1.000000	1.000000	1.000000	511.000000	822.000000	384.000000
515.000000	1.000000	1.000000	526.000000	1018.000000	1.000000	1.000000	1.000000	1.000000	1.000000	1.000000	600.000000	896.000000	233.000000	1019.000000	1.000000	1.000000	1.000000	1.000000	1.000000	1337.000000
642.000000	1.000000	1.000000	269.000000	1412.000000	279.000000	1.000000	1230.000000	421.000000	1.000000	1.000000	1.000000	1.000000	1.000000	1183.000000	1319.000000	1.000000	1.000000	1267.000000	1.000000	1.000000
163.000000	1.000000	416.000000	1.000000	590.000000	1.000000	1.000000	867.000000	2856.000000	2146.000000	201.000000	1.000000	1.000000	1.000000	1.000000	1.000000	1.000000	1.000000	1771.000000	1147.000000	1.000000
141.000000	1.000000	452.000000	761.000000	1137.000000	680.000000	1.000000	1.000000	891.000000	2803.000000	2380.000000	1.000000	1.000000	1.000000	1.000000	1.000000	338.000000	1.000000	1.000000	1856.000000	1.000000
294.000000	486.000000	1.000000	450.000000	884.000000	1816.000000	767.000000	386.000000	1.000000	1.000000	406.000000	1.000000	1.000000	1.000000	1.000000	1.000000	1.000000	1.000000	1.000000	1.000000	161.000000
294.000000	312.000000	1.000000	1.000000	251.000000	423.000000	1871.000000	1006.000000	1.000000	240.000000	976.000000	766.000000	206.000000	285.000000	70.000000	1.000000	1.000000	284.000000	1.000000	1.000000	1.000000
307.000000	157.000000	1.000000	1.000000	1.000000	1.000000	1.000000	199.000000	224.000000	1.000000	1.000000	1.000000	1.000000	573.000000	1311.000000	593.000000	1.000000	1.000000	1.000000	1.000000	1.000000
175.000000	1.000000	765.000000	289.000000	383.000000	1.000000	1.000000	594.000000	820.000000	540.000000	250.000000	250.000000	1.000000	1.000000	429.000000	1.000000	1.000000	1.000000	169.000000	1.000000	1.000000
201.000000	1.000000	1.000000	1225.000000	1523.000000	168.000000	1.000000	1.000000	1100.000000	2096.000000	716.000000	800.000000	114.000000	1.000000	865.000000	921.000000	1.000000	1.000000	195.000000	333.000000	1.000000
373.000000	1.000000	1.000000	955.000000	872.000000	1182.000000	1.000000	1.000000	1.000000	1.000000	1.000000	1.000000	1.000000	1.000000	613.000000	2026.000000	655.000000	1.000000	1.000000	1430.000000	866.000000
199.000000	207.000000	1.000000	654.000000	1221.000000	965.000000	705.000000	1.000000	1.000000	1.000000	1.000000	1.000000	1.000000	1.000000	1.000000	1979.000000	802.000000	1.000000	1.000000	384.000000	1415.000000
1.000000	1.000000	1.000000	67.000000	1.000000	301.000000	537.000000	351.000000	1.000000	1.000000	1.000000	1.000000	1.000000	1.000000	1.000000	311.000000	1.000000	1.000000	1.000000	1.000000	428.000000
1.000000	1.000000	1.000000	1.000000	1.000000	1.000000	1.000000	1.000000	1.000000	1.000000	1.000000	1.000000	1.000000	1.000000	1.000000	1.000000	1.000000	1.000000	1.000000	1.000000	1.000000
