21 25 0
1.000000	573.000000	1166.000000	1776.000000	1583.000000	1.000000	1.000000	1.000000	1.000000	1.000000	169.000000	153.000000	1.000000	1.000000	1.000000	520.000000	352.000000	1.000000	140.000000	1.000000	867.000000
1.000000	918.000000	1633.000000	1905.000000	588.000000	1.000000	1.000000	1.000000	1.000000	1.000000	336.000000	1239.000000	1.000000	1.000000	189.000000	648.000000	1157.000000	971.000000	985.000000	1.000000	193.000000
1.000000	1101.000000	1713.000000	1855.000000	199.000000	1.000000	178.000000	1.000000	1.000000	1.000000	1.000000	1305.000000	361.000000	1.000000	1.000000	167.000000	1314.000000	1117.000000	1042.000000	1.000000	149.000000
1.000000	1320.000000	1910.000000	1650.000000	1.000000	175.000000	1.000000	1.000000	1.000000	1.000000	1.000000	871.000000	646.000000	1.000000	1.000000	1.000000	703.000000	1110.000000	1502.000000	1.000000	149.000000
770.000000	1321.000000	1876.000000	1533.000000	1.000000	1.000000	1.000000	845.000000	375.000000	1.000000	1.000000	361.000000	1.000000	1.000000	1.000000	1.000000	140.000000	295.000000	1853.000000	1.000000	1.000000
566.000000	1455.000000	2214.000000	791.000000	1.000000	1.000000	1.000000	722.000000	470.000000	937.000000	277.000000	142.000000	1.000000	1.000000	1.000000	1.000000	461.000000	223.000000	1881.000000	1.000000	1.000000
343.000000	1929.000000	1483.000000	906.000000	1.000000	1.000000	1.000000	1.000000	623.000000	1739.000000	648.000000	1.000000	1.000000	483.000000	901.000000	831.000000	1.000000	223.000000	2113.000000	287.000000	167.000000
437.000000	1353.000000	1223.000000	1198.000000	1.000000	1.000000	1.000000	230.000000	239.000000	2397.000000	1344.000000	1.000000	1.000000	665.000000	1263.000000	834.000000	1.000000	1.000000	1678.000000	288.000000	167.000000
1372.000000	730.000000	1235.000000	1063.000000	1.000000	1.000000	205.000000	1.000000	1.000000	2486.000000	1686.000000	1.000000	567.000000	634.000000	1.000000	1.000000	1.000000	143.000000	792.000000	191.000000	153.000000
905.000000	547.000000	620.000000	848.000000	1.000000	1.000000	1.000000	235.000000	1.000000	2061.000000	1625.000000	1.000000	991.000000	2705.000000	1.000000	1.000000	530.000000	1204.000000	1.000000	451.000000	1342.000000
1219.000000	279.000000	204.000000	729.000000	1.000000	1.000000	1.000000	295.000000	515.000000	1458.000000	605.000000	1.000000	529.000000	3355.000000	212.000000	1.000000	815.000000	1622.000000	1.000000	1.000000	1612.000000
1359.000000	1071.000000	397.000000	681.000000	1.000000	1.000000	724.000000	1183.000000	1428.000000	954.000000	1.000000	1.000000	1.000000	2511.000000	508.000000	1.000000	1428.000000	1409.000000	449.000000	137.000000	556.000000
1409.000000	2102.000000	1431.000000	474.000000	1.000000	1.000000	1319.000000	1025.000000	1633.000000	566.000000	1.000000	1.000000	327.000000	1352.000000	1.000000	1.000000	1155.000000	1607.000000	1.000000	711.000000	1.000000
1430.000000	1794.000000	1909.000000	468.000000	1.000000	777.000000	2004.000000	569.000000	1.000000	1.000000	1.000000	1.000000	2012.000000	1347.000000	1.000000	1.000000	335.000000	1778.000000	1.000000	1.000000	620.000000
1518.000000	1814.000000	1919.000000	599.000000	1.000000	899.000000	2422.000000	622.000000	1.000000	1.000000	1.000000	463.000000	2760.000000	1283.000000	1.000000	230.000000	359.000000	2166.000000	1.000000	367.000000	1497.000000
1021.000000	2347.000000	2250.000000	1202.000000	1.000000	890.000000	2012.000000	1475.000000	979.000000	1.000000	1.000000	695.000000	2098.000000	1.000000	1.000000	386.000000	260.000000	1798.000000	1.000000	363.000000	1683.000000
75.000000	1311.000000	2156.000000	1381.000000	236.000000	446.000000	363.000000	1004.000000	983.000000	485.000000	1.000000	1.000000	1.000000	1.000000	1.000000	825.000000	456.000000	211.000000	1.000000	165.000000	1499.000000
1.000000	1061.000000	1329.000000	1429.000000	774.000000	669.000000	774.000000	1.000000	1.000000	485.000000	1.000000	1.000000	372.000000	313.000000	246.000000	680.000000	1006.000000	1.000000	195.000000	831.000000	798.000000
1.000000	948.000000	1256.000000	1185.000000	748.000000	854.000000	481.000000	1.000000	1.000000	1.000000	1.000000	1.000000	1212.000000	315.000000	1.000000	1.000000	1.000000	159.000000	1.000000	1079.000000	652.000000
1.000000	1551.000000	1306.000000	1293.000000	753.000000	1032.000000	991.000000	1.000000	1.000000	1.000000	1.000000	1.000000	1056.000000	197.000000	1.000000	1.000000	423.000000	215.000000	873.000000	212.000000	511.000000
1.000000	1879.000000	1621.000000	1277.000000	662.000000	1037.000000	1241.000000	462.000000	1.000000	127.000000	1.000000	1.000000	1.000000	373.000000	1.000000	1.000000	869.000000	1842.000000	808.000000	1.000000	305.000000
1.000000	1930.000000	2019.000000	1303.000000	1.000000	721.000000	955.000000	451.000000	1.000000	127.000000	1.000000	1.000000	1.000000	1431.000000	630.000000	1.000000	761.000000	2425.000000	1164.000000	1.000000	145.000000
736.000000	1743.000000	1567.000000	1100.000000	1.000000	201.000000	193.000000	1.000000	1.000000	1.000000	1.000000	1.000000	1.000000	2053.000000	813.000000	1.000000	482.000000	1512.000000	1454.000000	1.000000	1.000000
136.000000	493.000000	463.000000	1.000000	1.000000	1.000000	1.000000	1.000000	1.000000	1.000000	1.000000	1.000000	1.000000	708.000000	1.000000	1.000000	1.000000	323.000000	427.000000	1.000000	1.000000
1.000000	1.000000	1.000000	1.000000	1.000000	1.000000	1.000000	1.000000	1.000000	1.000000	1.000000	1.000000	1.000000	1.000000	1.000000	1.000000	1.000000	1.000000	1.000000	1.000000	1.000000
