21 25 0
1.000000	351.000000	1375.000000	1621.000000	1455.000000	1.000000	1.000000	1.000000	1.000000	1.000000	1.000000	1.000000	1.000000	1.000000	1.000000	1.000000	1.000000	1.000000	1.000000	1.000000	1.000000
1.000000	758.000000	1051.000000	1833.000000	576.000000	1.000000	189.000000	171.000000	1.000000	1.000000	1.000000	171.000000	1.000000	1.000000	1.000000	1.000000	1.000000	77.000000	1.000000	1.000000	1.000000
1.000000	642.000000	899.000000	1605.000000	1.000000	353.000000	765.000000	467.000000	157.000000	1.000000	189.000000	554.000000	468.000000	330.000000	164.000000	753.000000	510.000000	633.000000	433.000000	1.000000	1.000000
1.000000	1199.000000	1178.000000	1308.000000	1.000000	1.000000	308.000000	729.000000	1.000000	1.000000	209.000000	1125.000000	1340.000000	924.000000	1043.000000	871.000000	920.000000	828.000000	285.000000	1.000000	1.000000
137.000000	1245.000000	1139.000000	965.000000	1.000000	1.000000	1.000000	1.000000	1.000000	1.000000	1.000000	333.000000	491.000000	471.000000	499.000000	338.000000	321.000000	279.000000	130.000000	1.000000	1.000000
1.000000	186.000000	898.000000	469.000000	331.000000	433.000000	1.000000	358.000000	1.000000	1.000000	1.000000	1.000000	1.000000	1.000000	1.000000	1.000000	1.000000	1.000000	1.000000	1.000000	1.000000
1.000000	217.000000	1.000000	280.000000	433.000000	1.000000	359.000000	1.000000	242.000000	1.000000	410.000000	1.000000	1.000000	1.000000	481.000000	971.000000	805.000000	1.000000	286.000000	1.000000	1.000000
1.000000	275.000000	1.000000	1.000000	1.000000	1.000000	1.000000	901.000000	560.000000	881.000000	1143.000000	1.000000	1.000000	1146.000000	2375.000000	477.000000	1.000000	1.000000	399.000000	1.000000	331.000000
231.000000	1.000000	603.000000	283.000000	1.000000	1.000000	1164.000000	1955.000000	389.000000	610.000000	527.000000	1.000000	1.000000	1031.000000	336.000000	66.000000	1.000000	599.000000	398.000000	191.000000	1.000000
1.000000	1.000000	1.000000	1.000000	1.000000	1.000000	487.000000	954.000000	1.000000	947.000000	658.000000	1.000000	1.000000	2044.000000	1.000000	165.000000	1246.000000	1585.000000	380.000000	215.000000	1921.000000
1.000000	1.000000	1.000000	1.000000	1.000000	1.000000	1.000000	1.000000	790.000000	1290.000000	1.000000	1.000000	1.000000	1056.000000	1.000000	1.000000	80.000000	1272.000000	1.000000	1.000000	2202.000000
1436.000000	978.000000	509.000000	175.000000	1.000000	1.000000	1.000000	930.000000	1912.000000	1070.000000	1.000000	1.000000	1.000000	415.000000	1.000000	1.000000	1.000000	1.000000	1.000000	283.000000	671.000000
997.000000	1003.000000	1379.000000	899.000000	1.000000	316.000000	1263.000000	1907.000000	1304.000000	209.000000	1.000000	1.000000	1.000000	1.000000	1.000000	1.000000	1.000000	367.000000	1.000000	280.000000	1.000000
495.000000	995.000000	1413.000000	1.000000	1.000000	623.000000	1664.000000	1220.000000	1.000000	1.000000	1.000000	1.000000	749.000000	571.000000	1.000000	239.000000	233.000000	270.000000	1.000000	1.000000	155.000000
1.000000	753.000000	1.000000	167.000000	1.000000	375.000000	361.000000	319.000000	1.000000	1.000000	527.000000	1084.000000	2215.000000	713.000000	1.000000	1.000000	151.000000	385.000000	1.000000	147.000000	231.000000
758.000000	503.000000	1.000000	831.000000	1.000000	355.000000	415.000000	1.000000	1.000000	1.000000	1203.000000	1647.000000	1723.000000	1.000000	1.000000	253.000000	467.000000	1208.000000	1.000000	161.000000	1065.000000
1.000000	1.000000	435.000000	1.000000	502.000000	867.000000	1305.000000	1.000000	1.000000	1.000000	1.000000	1.000000	1.000000	1.000000	467.000000	887.000000	1481.000000	431.000000	147.000000	163.000000	1004.000000
1.000000	1.000000	453.000000	479.000000	810.000000	1217.000000	643.000000	1.000000	1.000000	1.000000	1.000000	1.000000	216.000000	1312.000000	1871.000000	1132.000000	501.000000	1.000000	163.000000	424.000000	727.000000
1.000000	612.000000	1245.000000	821.000000	1.000000	155.000000	1.000000	1.000000	1.000000	1.000000	1.000000	224.000000	1403.000000	1847.000000	530.000000	142.000000	1.000000	187.000000	729.000000	1027.000000	444.000000
1.000000	1062.000000	1257.000000	1024.000000	1.000000	1.000000	163.000000	224.000000	248.000000	361.000000	674.000000	556.000000	894.000000	1.000000	1.000000	1.000000	1.000000	171.000000	1201.000000	643.000000	147.000000
164.000000	1116.000000	1369.000000	1208.000000	1.000000	225.000000	164.000000	288.000000	1.000000	1.000000	1.000000	1009.000000	363.000000	147.000000	1.000000	1.000000	171.000000	997.000000	966.000000	1.000000	1.000000
165.000000	2178.000000	1348.000000	1009.000000	1.000000	1.000000	1.000000	1.000000	1.000000	1.000000	1.000000	1.000000	147.000000	778.000000	135.000000	1.000000	358.000000	1333.000000	328.000000	1.000000	1.000000
1020.000000	942.000000	1453.000000	1.000000	1.000000	1.000000	1.000000	1.000000	1.000000	1.000000	1.000000	1.000000	455.000000	1856.000000	1005.000000	1.000000	399.000000	1241.000000	705.000000	1.000000	1.000000
491.000000	602.000000	377.000000	1.000000	1.000000	1.000000	1.000000	1.000000	1.000000	1.000000	1.000000	1.000000	722.000000	746.000000	1.000000	1.000000	1.000000	437.000000	187.000000	1.000000	1.000000
1.000000	1.000000	1.000000	1.000000	1.000000	1.000000	1.000000	1.000000	1.000000	1.000000	1.000000	1.000000	1.000000	1.000000	1.000000	1.000000	1.000000	1.000000	1.000000	1.000000	1.000000
