21 25 0
555.000000	592.000000	544.000000	708.000000	508.000000	637.000000	1.000000	476.000000	157.000000	1.000000	1.000000	149.000000	475.000000	487.000000	290.000000	1.000000	408.000000	243.000000	482.000000	881.000000	533.000000
809.000000	783.000000	654.000000	680.000000	289.000000	932.000000	405.000000	159.000000	1.000000	1.000000	163.000000	359.000000	385.000000	851.000000	378.000000	351.000000	178.000000	245.000000	1.000000	539.000000	599.000000
612.000000	412.000000	672.000000	978.000000	377.000000	467.000000	405.000000	1.000000	1.000000	1.000000	499.000000	396.000000	1.000000	853.000000	345.000000	479.000000	318.000000	589.000000	1.000000	642.000000	191.000000
1068.000000	313.000000	703.000000	894.000000	467.000000	468.000000	1.000000	1.000000	1.000000	1.000000	343.000000	313.000000	1.000000	266.000000	553.000000	139.000000	1082.000000	463.000000	215.000000	369.000000	447.000000
1294.000000	640.000000	665.000000	775.000000	453.000000	407.000000	1.000000	1.000000	1.000000	1.000000	1.000000	386.000000	1.000000	1.000000	1007.000000	1.000000	663.000000	943.000000	309.000000	1.000000	633.000000
1315.000000	1064.000000	515.000000	617.000000	403.000000	1.000000	501.000000	1.000000	490.000000	1646.000000	251.000000	1.000000	1.000000	1.000000	955.000000	1.000000	510.000000	1691.000000	544.000000	1.000000	623.000000
1229.000000	570.000000	503.000000	1.000000	1.000000	1.000000	501.000000	1.000000	1.000000	2144.000000	621.000000	1.000000	735.000000	1.000000	1.000000	1.000000	472.000000	1237.000000	421.000000	1.000000	387.000000
1362.000000	1.000000	496.000000	759.000000	409.000000	175.000000	1.000000	903.000000	168.000000	2174.000000	837.000000	1.000000	669.000000	594.000000	1.000000	1.000000	474.000000	339.000000	714.000000	587.000000	707.000000
972.000000	1.000000	496.000000	1169.000000	261.000000	1.000000	1.000000	1080.000000	168.000000	1622.000000	1512.000000	1.000000	1046.000000	1814.000000	1.000000	1.000000	1.000000	331.000000	457.000000	683.000000	1335.000000
1046.000000	189.000000	977.000000	2072.000000	433.000000	1.000000	1.000000	164.000000	474.000000	835.000000	1487.000000	1.000000	686.000000	2057.000000	1.000000	1.000000	1.000000	458.000000	594.000000	424.000000	754.000000
1104.000000	670.000000	1037.000000	1552.000000	658.000000	1.000000	777.000000	337.000000	672.000000	878.000000	918.000000	1.000000	315.000000	1257.000000	421.000000	1.000000	1.000000	526.000000	1666.000000	725.000000	666.000000
937.000000	605.000000	1260.000000	615.000000	411.000000	720.000000	1135.000000	339.000000	1492.000000	807.000000	648.000000	1.000000	317.000000	710.000000	423.000000	244.000000	1.000000	539.000000	1491.000000	369.000000	257.000000
1131.000000	925.000000	1141.000000	516.000000	411.000000	1.000000	1.000000	328.000000	576.000000	409.000000	985.000000	1.000000	541.000000	711.000000	1.000000	314.000000	138.000000	984.000000	1148.000000	369.000000	438.000000
1273.000000	1235.000000	1089.000000	423.000000	550.000000	1.000000	547.000000	141.000000	1.000000	493.000000	1064.000000	1.000000	1400.000000	1149.000000	1.000000	1.000000	704.000000	904.000000	1547.000000	147.000000	626.000000
1160.000000	738.000000	797.000000	615.000000	478.000000	1.000000	1097.000000	1.000000	1.000000	415.000000	156.000000	227.000000	1486.000000	1078.000000	1.000000	356.000000	708.000000	584.000000	1167.000000	219.000000	367.000000
1107.000000	503.000000	730.000000	1200.000000	212.000000	1.000000	208.000000	1.000000	1.000000	173.000000	1.000000	259.000000	632.000000	305.000000	295.000000	869.000000	1057.000000	628.000000	1423.000000	253.000000	323.000000
458.000000	560.000000	857.000000	1621.000000	277.000000	1.000000	614.000000	507.000000	470.000000	205.000000	1461.000000	470.000000	457.000000	1.000000	627.000000	1488.000000	951.000000	469.000000	390.000000	411.000000	219.000000
1.000000	1.000000	947.000000	1240.000000	277.000000	1.000000	1421.000000	1509.000000	1.000000	715.000000	1463.000000	470.000000	457.000000	1.000000	353.000000	1195.000000	193.000000	479.000000	1.000000	307.000000	161.000000
1.000000	1.000000	233.000000	556.000000	1.000000	569.000000	2664.000000	1295.000000	1.000000	1.000000	1.000000	440.000000	465.000000	1.000000	1.000000	873.000000	153.000000	627.000000	1.000000	517.000000	180.000000
169.000000	1.000000	1.000000	307.000000	1.000000	703.000000	2042.000000	1087.000000	1.000000	1.000000	835.000000	925.000000	1008.000000	415.000000	1.000000	362.000000	711.000000	535.000000	203.000000	606.000000	377.000000
629.000000	157.000000	1.000000	219.000000	1.000000	414.000000	1319.000000	1247.000000	566.000000	1.000000	421.000000	133.000000	1.000000	110.000000	1.000000	199.000000	494.000000	600.000000	549.000000	603.000000	355.000000
905.000000	245.000000	1.000000	333.000000	232.000000	384.000000	964.000000	915.000000	635.000000	243.000000	255.000000	1.000000	394.000000	219.000000	301.000000	463.000000	713.000000	846.000000	222.000000	773.000000	663.000000
906.000000	718.000000	363.000000	148.000000	489.000000	395.000000	522.000000	1.000000	228.000000	461.000000	486.000000	653.000000	1112.000000	512.000000	303.000000	578.000000	1039.000000	993.000000	974.000000	944.000000	881.000000
161.000000	631.000000	752.000000	419.000000	1206.000000	162.000000	344.000000	1.000000	1.000000	308.000000	232.000000	720.000000	877.000000	499.000000	1.000000	325.000000	1045.000000	311.000000	1109.000000	708.000000	919.000000
1.000000	1.000000	468.000000	315.000000	1.000000	217.000000	1.000000	326.000000	1.000000	1.000000	301.000000	431.000000	307.000000	1.000000	351.000000	176.000000	389.000000	1.000000	683.000000	590.000000	1.000000
