21 25 0
214.000000	860.000000	314.000000	601.000000	195.000000	209.000000	167.000000	167.000000	311.000000	626.000000	171.000000	147.000000	184.000000	1.000000	1.000000	1.000000	1.000000	1.000000	1.000000	1.000000	1.000000
463.000000	710.000000	223.000000	516.000000	593.000000	347.000000	763.000000	335.000000	714.000000	815.000000	484.000000	338.000000	380.000000	1.000000	1.000000	1.000000	1.000000	1.000000	167.000000	1.000000	1.000000
223.000000	579.000000	481.000000	137.000000	273.000000	138.000000	139.000000	141.000000	323.000000	351.000000	308.000000	149.000000	168.000000	1.000000	1.000000	182.000000	1.000000	1.000000	1.000000	1.000000	145.000000
199.000000	161.000000	301.000000	1.000000	1.000000	1.000000	1.000000	471.000000	1.000000	1.000000	1.000000	1.000000	1.000000	1.000000	383.000000	1.000000	1.000000	1.000000	1.000000	207.000000	477.000000
1.000000	265.000000	416.000000	775.000000	629.000000	1044.000000	1648.000000	1694.000000	1.000000	1.000000	1.000000	320.000000	501.000000	231.000000	575.000000	391.000000	1.000000	229.000000	301.000000	675.000000	414.000000
1.000000	253.000000	891.000000	1907.000000	505.000000	369.000000	401.000000	407.000000	1.000000	1.000000	320.000000	517.000000	1513.000000	982.000000	1044.000000	1.000000	1.000000	1.000000	1.000000	573.000000	335.000000
1.000000	831.000000	1308.000000	182.000000	1.000000	513.000000	1.000000	1.000000	136.000000	364.000000	270.000000	1762.000000	1293.000000	1.000000	1.000000	505.000000	1.000000	1.000000	199.000000	351.000000	1.000000
153.000000	555.000000	695.000000	1.000000	688.000000	1077.000000	1021.000000	435.000000	1.000000	1.000000	162.000000	780.000000	1.000000	1.000000	945.000000	273.000000	475.000000	1.000000	1.000000	453.000000	1.000000
1.000000	201.000000	1.000000	489.000000	1.000000	1.000000	1.000000	1.000000	1.000000	1.000000	1.000000	1367.000000	1.000000	1.000000	1.000000	452.000000	1.000000	1.000000	1.000000	703.000000	891.000000
1.000000	1.000000	1.000000	1.000000	1.000000	1.000000	1.000000	1.000000	297.000000	1.000000	828.000000	761.000000	372.000000	1.000000	1.000000	1.000000	1.000000	588.000000	1.000000	490.000000	1.000000
179.000000	425.000000	1.000000	1.000000	1948.000000	1158.000000	262.000000	1426.000000	299.000000	1.000000	1.000000	381.000000	1.000000	1.000000	1.000000	347.000000	597.000000	437.000000	878.000000	381.000000	1.000000
1.000000	163.000000	1.000000	1.000000	1390.000000	1.000000	1.000000	359.000000	1.000000	263.000000	1.000000	362.000000	1.000000	321.000000	349.000000	363.000000	754.000000	1.000000	1.000000	445.000000	496.000000
1.000000	1.000000	1.000000	1.000000	1.000000	1.000000	1.000000	1.000000	260.000000	1158.000000	1550.000000	1399.000000	1193.000000	545.000000	365.000000	1.000000	1.000000	1.000000	383.000000	585.000000	153.000000
177.000000	1.000000	1.000000	1.000000	286.000000	841.000000	1.000000	1.000000	490.000000	1229.000000	1004.000000	1695.000000	321.000000	1.000000	1.000000	217.000000	1.000000	189.000000	661.000000	607.000000	799.000000
149.000000	1.000000	1.000000	211.000000	696.000000	225.000000	1.000000	625.000000	440.000000	1.000000	1.000000	209.000000	205.000000	1.000000	850.000000	428.000000	1.000000	299.000000	755.000000	1131.000000	682.000000
153.000000	1.000000	1.000000	177.000000	145.000000	399.000000	2107.000000	2955.000000	1634.000000	631.000000	1.000000	173.000000	1.000000	1518.000000	1084.000000	492.000000	461.000000	394.000000	604.000000	1069.000000	640.000000
1.000000	423.000000	195.000000	1.000000	399.000000	2858.000000	1787.000000	1.000000	1.000000	1.000000	1.000000	1.000000	1.000000	1.000000	344.000000	1.000000	394.000000	579.000000	1455.000000	976.000000	499.000000
1.000000	413.000000	257.000000	263.000000	1436.000000	1689.000000	1.000000	1.000000	1.000000	1.000000	1.000000	1.000000	1.000000	1.000000	1.000000	167.000000	525.000000	805.000000	889.000000	413.000000	258.000000
187.000000	243.000000	1.000000	1.000000	668.000000	159.000000	1.000000	1.000000	713.000000	730.000000	982.000000	627.000000	1.000000	248.000000	531.000000	853.000000	655.000000	691.000000	430.000000	247.000000	1.000000
199.000000	243.000000	225.000000	355.000000	143.000000	1.000000	1.000000	529.000000	958.000000	697.000000	382.000000	1.000000	1.000000	930.000000	1317.000000	810.000000	137.000000	213.000000	402.000000	161.000000	1.000000
343.000000	197.000000	470.000000	1.000000	179.000000	1.000000	1.000000	1.000000	1.000000	1.000000	1.000000	1.000000	215.000000	971.000000	689.000000	1.000000	1.000000	356.000000	162.000000	1.000000	1.000000
1.000000	1.000000	173.000000	1.000000	1.000000	1.000000	1.000000	1.000000	450.000000	400.000000	870.000000	1494.000000	930.000000	145.000000	725.000000	753.000000	582.000000	517.000000	1.000000	415.000000	1.000000
1.000000	564.000000	1.000000	1.000000	185.000000	1.000000	215.000000	482.000000	784.000000	684.000000	588.000000	625.000000	1.000000	389.000000	978.000000	1037.000000	557.000000	387.000000	183.000000	487.000000	337.000000
1.000000	453.000000	1.000000	1.000000	1.000000	1.000000	146.000000	1.000000	1.000000	1.000000	1.000000	1.000000	137.000000	470.000000	783.000000	1.000000	387.000000	151.000000	733.000000	1.000000	360.000000
454.000000	471.000000	1.000000	1.000000	1.000000	1.000000	1.000000	1.000000	1.000000	1.000000	1.000000	1.000000	287.000000	1.000000	1.000000	1.000000	176.000000	668.000000	1.000000	317.000000	295.000000
