21 25 0
700.000000	347.000000	231.000000	926.000000	720.000000	666.000000	852.000000	981.000000	727.000000	725.000000	515.000000	429.000000	416.000000	151.000000	574.000000	826.000000	1209.000000	1123.000000	193.000000	1.000000	192.000000
305.000000	699.000000	216.000000	255.000000	367.000000	1.000000	170.000000	170.000000	245.000000	388.000000	335.000000	148.000000	74.000000	1.000000	1.000000	146.000000	216.000000	849.000000	854.000000	183.000000	289.000000
1.000000	348.000000	549.000000	566.000000	184.000000	1071.000000	1238.000000	764.000000	372.000000	346.000000	1.000000	332.000000	157.000000	507.000000	626.000000	425.000000	624.000000	465.000000	1033.000000	710.000000	1.000000
1.000000	339.000000	804.000000	1099.000000	1411.000000	1791.000000	1621.000000	1869.000000	1708.000000	1242.000000	1103.000000	1154.000000	1229.000000	1272.000000	1952.000000	1759.000000	1289.000000	1237.000000	1202.000000	175.000000	1.000000
160.000000	1.000000	1.000000	483.000000	481.000000	1.000000	1.000000	1.000000	1.000000	363.000000	729.000000	580.000000	177.000000	177.000000	377.000000	455.000000	610.000000	496.000000	779.000000	427.000000	1.000000
635.000000	329.000000	1.000000	159.000000	477.000000	1321.000000	1683.000000	1398.000000	1.000000	373.000000	891.000000	693.000000	340.000000	649.000000	1432.000000	927.000000	249.000000	1.000000	1.000000	419.000000	142.000000
437.000000	436.000000	459.000000	895.000000	1915.000000	2587.000000	2315.000000	1173.000000	1.000000	1.000000	1.000000	1.000000	1.000000	1162.000000	1691.000000	2314.000000	1182.000000	1.000000	176.000000	1.000000	148.000000
1.000000	1.000000	1.000000	163.000000	163.000000	1.000000	1.000000	1.000000	279.000000	1.000000	1.000000	1.000000	1.000000	512.000000	513.000000	485.000000	1.000000	1.000000	1.000000	393.000000	393.000000
857.000000	290.000000	1.000000	1286.000000	1419.000000	1692.000000	2017.000000	1878.000000	1981.000000	2123.000000	1341.000000	1341.000000	1222.000000	761.000000	1378.000000	1341.000000	857.000000	345.000000	395.000000	320.000000	319.000000
1235.000000	1365.000000	1428.000000	1039.000000	1765.000000	1872.000000	1451.000000	1068.000000	391.000000	1.000000	1.000000	1.000000	1.000000	1535.000000	2105.000000	2367.000000	1293.000000	1096.000000	583.000000	310.000000	1.000000
1.000000	1.000000	1.000000	1.000000	1.000000	1.000000	1.000000	1.000000	350.000000	534.000000	361.000000	439.000000	316.000000	433.000000	361.000000	327.000000	327.000000	627.000000	640.000000	1125.000000	857.000000
1.000000	1.000000	1.000000	440.000000	579.000000	557.000000	1.000000	1.000000	1650.000000	2436.000000	1471.000000	1987.000000	1727.000000	455.000000	230.000000	234.000000	230.000000	452.000000	671.000000	855.000000	393.000000
1.000000	1.000000	435.000000	843.000000	1867.000000	2362.000000	934.000000	1.000000	1.000000	1.000000	1.000000	1.000000	1.000000	401.000000	1321.000000	1308.000000	1198.000000	264.000000	1.000000	429.000000	879.000000
1.000000	1.000000	1.000000	1.000000	1.000000	1.000000	1.000000	1432.000000	1240.000000	261.000000	261.000000	375.000000	156.000000	420.000000	526.000000	591.000000	1.000000	1.000000	1.000000	1.000000	419.000000
1.000000	281.000000	288.000000	184.000000	505.000000	539.000000	1061.000000	1041.000000	1929.000000	1572.000000	1532.000000	1500.000000	2163.000000	789.000000	284.000000	241.000000	163.000000	166.000000	144.000000	1.000000	1.000000
217.000000	1.000000	609.000000	877.000000	554.000000	1.000000	1.000000	1.000000	1.000000	431.000000	1.000000	1.000000	1.000000	1.000000	1.000000	1.000000	553.000000	680.000000	212.000000	1.000000	1.000000
253.000000	149.000000	1.000000	1.000000	1.000000	1.000000	431.000000	1312.000000	2073.000000	1880.000000	2099.000000	1753.000000	1863.000000	1912.000000	762.000000	699.000000	444.000000	306.000000	159.000000	1.000000	1.000000
1.000000	209.000000	1.000000	1.000000	1.000000	821.000000	3805.000000	3842.000000	3520.000000	3371.000000	3124.000000	2281.000000	3093.000000	3410.000000	2470.000000	862.000000	1.000000	1.000000	1.000000	1.000000	349.000000
84.000000	736.000000	282.000000	1.000000	1.000000	1.000000	533.000000	512.000000	1.000000	1.000000	1.000000	1.000000	699.000000	750.000000	1203.000000	1.000000	1.000000	108.000000	419.000000	408.000000	260.000000
173.000000	499.000000	578.000000	476.000000	1.000000	1.000000	1.000000	1.000000	1.000000	1388.000000	1901.000000	1181.000000	633.000000	159.000000	1.000000	1.000000	1.000000	193.000000	193.000000	188.000000	166.000000
1.000000	199.000000	297.000000	159.000000	309.000000	165.000000	1.000000	1.000000	1.000000	1168.000000	2005.000000	1707.000000	925.000000	613.000000	237.000000	237.000000	1.000000	159.000000	418.000000	415.000000	321.000000
1.000000	305.000000	453.000000	203.000000	535.000000	787.000000	569.000000	325.000000	1.000000	1.000000	1.000000	1.000000	1.000000	1.000000	1.000000	1.000000	1.000000	1.000000	250.000000	368.000000	209.000000
439.000000	269.000000	453.000000	456.000000	225.000000	209.000000	322.000000	1.000000	1.000000	1.000000	1.000000	1.000000	219.000000	240.000000	468.000000	257.000000	425.000000	808.000000	597.000000	329.000000	153.000000
171.000000	531.000000	606.000000	207.000000	971.000000	549.000000	659.000000	483.000000	542.000000	426.000000	491.000000	1021.000000	478.000000	1.000000	341.000000	848.000000	1540.000000	881.000000	692.000000	372.000000	488.000000
1.000000	337.000000	338.000000	109.000000	1.000000	1.000000	313.000000	444.000000	554.000000	526.000000	1.000000	106.000000	167.000000	1.000000	452.000000	174.000000	266.000000	181.000000	1.000000	159.000000	159.000000
