21 25 0
1.000000	183.000000	1.000000	1.000000	1.000000	1.000000	165.000000	167.000000	297.000000	303.000000	397.000000	352.000000	540.000000	425.000000	223.000000	1.000000	1.000000	1.000000	1.000000	495.000000	709.000000
263.000000	400.000000	1.000000	181.000000	183.000000	691.000000	720.000000	714.000000	932.000000	932.000000	906.000000	712.000000	1016.000000	951.000000	748.000000	858.000000	192.000000	192.000000	1.000000	159.000000	162.000000
175.000000	1.000000	605.000000	403.000000	1.000000	241.000000	204.000000	501.000000	749.000000	745.000000	935.000000	520.000000	315.000000	303.000000	358.000000	497.000000	315.000000	176.000000	1.000000	1.000000	1.000000
318.000000	1.000000	429.000000	429.000000	1.000000	1.000000	1.000000	1.000000	1.000000	1.000000	1.000000	1.000000	1.000000	491.000000	651.000000	347.000000	1.000000	1.000000	1.000000	1.000000	1.000000
1.000000	1.000000	1.000000	471.000000	1932.000000	2871.000000	3768.000000	2783.000000	1090.000000	1.000000	1.000000	278.000000	433.000000	1054.000000	2236.000000	2034.000000	886.000000	759.000000	1.000000	1.000000	1.000000
1.000000	1.000000	725.000000	1109.000000	947.000000	401.000000	540.000000	691.000000	958.000000	276.000000	1.000000	207.000000	855.000000	1266.000000	1657.000000	2094.000000	1692.000000	1563.000000	448.000000	1.000000	1.000000
332.000000	516.000000	481.000000	1.000000	1.000000	1.000000	1.000000	1.000000	1.000000	1438.000000	1698.000000	1806.000000	639.000000	190.000000	503.000000	513.000000	293.000000	473.000000	782.000000	718.000000	1.000000
1330.000000	1330.000000	320.000000	1.000000	773.000000	2138.000000	2555.000000	932.000000	1.000000	1.000000	1.000000	1.000000	208.000000	520.000000	1808.000000	1508.000000	1.000000	1.000000	453.000000	823.000000	1.000000
1.000000	191.000000	1.000000	1.000000	1.000000	397.000000	1.000000	1.000000	1.000000	1.000000	1.000000	1.000000	1.000000	1.000000	309.000000	1087.000000	645.000000	1.000000	331.000000	595.000000	337.000000
489.000000	1.000000	1.000000	456.000000	948.000000	1.000000	1.000000	1.000000	768.000000	767.000000	1.000000	234.000000	234.000000	598.000000	393.000000	415.000000	315.000000	215.000000	830.000000	460.000000	1.000000
769.000000	825.000000	670.000000	1499.000000	3245.000000	3070.000000	1959.000000	1200.000000	967.000000	1.000000	1.000000	1.000000	1.000000	1265.000000	1927.000000	1891.000000	1691.000000	1485.000000	417.000000	417.000000	1.000000
1.000000	1.000000	1.000000	1.000000	352.000000	425.000000	237.000000	1.000000	263.000000	262.000000	339.000000	378.000000	1.000000	207.000000	760.000000	1198.000000	879.000000	1.000000	1.000000	443.000000	985.000000
261.000000	1.000000	1.000000	1.000000	1.000000	1.000000	1.000000	1.000000	2208.000000	2332.000000	2188.000000	1768.000000	1357.000000	433.000000	361.000000	131.000000	1.000000	262.000000	261.000000	1.000000	1.000000
1.000000	1.000000	1.000000	624.000000	1039.000000	969.000000	139.000000	1.000000	830.000000	1339.000000	2089.000000	2086.000000	1432.000000	1.000000	1.000000	117.000000	1069.000000	506.000000	602.000000	1.000000	1.000000
1.000000	1.000000	1.000000	1.000000	1.000000	1.000000	1.000000	1.000000	1.000000	1.000000	1.000000	204.000000	266.000000	383.000000	383.000000	413.000000	143.000000	141.000000	367.000000	367.000000	271.000000
223.000000	1.000000	1.000000	1.000000	1.000000	1011.000000	3796.000000	3955.000000	3216.000000	2950.000000	2409.000000	1359.000000	2168.000000	2913.000000	2474.000000	1346.000000	196.000000	177.000000	177.000000	238.000000	563.000000
159.000000	1111.000000	1243.000000	818.000000	988.000000	1169.000000	636.000000	419.000000	261.000000	482.000000	193.000000	430.000000	680.000000	880.000000	1292.000000	219.000000	796.000000	878.000000	808.000000	1006.000000	156.000000
1.000000	834.000000	1050.000000	1801.000000	1041.000000	1.000000	1.000000	1.000000	1.000000	1.000000	1.000000	1.000000	1.000000	1.000000	1.000000	445.000000	1253.000000	1294.000000	890.000000	413.000000	240.000000
1.000000	1.000000	148.000000	378.000000	442.000000	153.000000	433.000000	433.000000	1372.000000	2483.000000	3329.000000	2600.000000	2191.000000	1673.000000	627.000000	906.000000	1285.000000	738.000000	456.000000	307.000000	1.000000
205.000000	413.000000	225.000000	203.000000	1.000000	917.000000	1996.000000	1748.000000	169.000000	500.000000	338.000000	285.000000	858.000000	899.000000	414.000000	220.000000	393.000000	332.000000	411.000000	330.000000	161.000000
169.000000	247.000000	1.000000	1.000000	1.000000	286.000000	818.000000	806.000000	548.000000	221.000000	1.000000	1.000000	1.000000	493.000000	1.000000	1.000000	1.000000	1.000000	165.000000	1.000000	1.000000
183.000000	183.000000	172.000000	1.000000	1.000000	1.000000	1.000000	942.000000	1517.000000	2503.000000	2743.000000	2231.000000	2231.000000	890.000000	1.000000	182.000000	466.000000	240.000000	1.000000	225.000000	244.000000
1.000000	556.000000	512.000000	332.000000	1.000000	1.000000	314.000000	617.000000	932.000000	1159.000000	976.000000	928.000000	563.000000	644.000000	228.000000	225.000000	268.000000	1.000000	175.000000	155.000000	307.000000
1.000000	1.000000	1.000000	1.000000	1.000000	1.000000	1.000000	1.000000	1.000000	1.000000	1.000000	1.000000	1.000000	256.000000	1.000000	1.000000	1.000000	1.000000	1.000000	1.000000	337.000000
1.000000	1.000000	1.000000	1.000000	1.000000	1.000000	1.000000	1.000000	1.000000	1.000000	1.000000	1.000000	1.000000	1.000000	1.000000	1.000000	1.000000	1.000000	1.000000	70.000000	1.000000
