21 25 0
284.000000	1.000000	1.000000	397.000000	1.000000	184.000000	343.000000	645.000000	200.000000	327.000000	323.000000	1.000000	1.000000	428.000000	602.000000	431.000000	1688.000000	1669.000000	403.000000	1.000000	211.000000
1.000000	1.000000	1.000000	173.000000	1.000000	1.000000	312.000000	169.000000	158.000000	1.000000	326.000000	1.000000	1.000000	1.000000	279.000000	385.000000	193.000000	1707.000000	940.000000	193.000000	1.000000
1.000000	179.000000	84.000000	182.000000	509.000000	1.000000	306.000000	568.000000	709.000000	183.000000	1.000000	1.000000	1.000000	1.000000	1.000000	413.000000	1.000000	1426.000000	1193.000000	508.000000	183.000000
1.000000	1.000000	467.000000	141.000000	1.000000	137.000000	288.000000	832.000000	1385.000000	1204.000000	383.000000	358.000000	615.000000	177.000000	342.000000	656.000000	603.000000	693.000000	1582.000000	427.000000	662.000000
1.000000	1.000000	273.000000	1.000000	1.000000	1.000000	1.000000	1.000000	217.000000	566.000000	336.000000	1.000000	1.000000	1.000000	167.000000	1.000000	413.000000	502.000000	1569.000000	949.000000	299.000000
1.000000	327.000000	713.000000	1.000000	503.000000	2409.000000	237.000000	1.000000	1.000000	1.000000	311.000000	1.000000	285.000000	1.000000	1.000000	442.000000	297.000000	1.000000	589.000000	1240.000000	419.000000
1.000000	1.000000	1482.000000	447.000000	1.000000	1.000000	1379.000000	630.000000	1.000000	1.000000	1.000000	420.000000	1.000000	1.000000	710.000000	999.000000	1716.000000	1.000000	1.000000	488.000000	169.000000
1.000000	1.000000	407.000000	1.000000	1.000000	493.000000	1.000000	173.000000	1.000000	1.000000	442.000000	628.000000	381.000000	1.000000	1.000000	503.000000	723.000000	1017.000000	617.000000	367.000000	1.000000
549.000000	312.000000	1.000000	1.000000	582.000000	499.000000	493.000000	261.000000	738.000000	457.000000	606.000000	1906.000000	761.000000	1.000000	481.000000	1.000000	1.000000	1.000000	885.000000	439.000000	483.000000
1.000000	697.000000	318.000000	1.000000	172.000000	1341.000000	1080.000000	441.000000	544.000000	1.000000	184.000000	1126.000000	1.000000	598.000000	492.000000	482.000000	459.000000	1.000000	531.000000	1427.000000	397.000000
1.000000	570.000000	230.000000	1.000000	1.000000	1.000000	1.000000	761.000000	489.000000	1.000000	219.000000	360.000000	575.000000	1.000000	1.000000	199.000000	305.000000	589.000000	604.000000	1241.000000	927.000000
175.000000	1.000000	880.000000	235.000000	331.000000	1.000000	1.000000	1.000000	1.000000	1.000000	227.000000	477.000000	1486.000000	351.000000	1.000000	234.000000	144.000000	1.000000	695.000000	759.000000	501.000000
1.000000	1.000000	1.000000	1.000000	327.000000	328.000000	509.000000	1.000000	1.000000	1.000000	1.000000	1.000000	1.000000	661.000000	903.000000	221.000000	1.000000	260.000000	1.000000	983.000000	427.000000
1.000000	1.000000	1.000000	1.000000	1.000000	1.000000	308.000000	1556.000000	1269.000000	1.000000	1.000000	1.000000	1.000000	1.000000	506.000000	453.000000	221.000000	1.000000	1.000000	166.000000	347.000000
1.000000	1.000000	1.000000	565.000000	459.000000	1.000000	1.000000	574.000000	1836.000000	1879.000000	1.000000	1.000000	1.000000	213.000000	256.000000	380.000000	947.000000	217.000000	340.000000	251.000000	459.000000
1.000000	1.000000	1.000000	858.000000	971.000000	497.000000	1.000000	1.000000	1.000000	1.000000	1.000000	1.000000	1.000000	1.000000	1.000000	329.000000	1183.000000	194.000000	279.000000	183.000000	581.000000
229.000000	215.000000	1.000000	1.000000	942.000000	1829.000000	407.000000	457.000000	489.000000	1.000000	555.000000	487.000000	1100.000000	1469.000000	413.000000	1.000000	719.000000	838.000000	275.000000	1.000000	428.000000
443.000000	425.000000	393.000000	1.000000	1.000000	147.000000	1485.000000	2343.000000	1544.000000	1290.000000	602.000000	793.000000	1767.000000	2718.000000	2605.000000	567.000000	1.000000	1.000000	187.000000	1.000000	614.000000
350.000000	853.000000	239.000000	256.000000	1.000000	1.000000	1.000000	905.000000	707.000000	1.000000	1.000000	1.000000	1.000000	922.000000	1990.000000	303.000000	1.000000	1.000000	1.000000	164.000000	1.000000
1.000000	362.000000	486.000000	509.000000	256.000000	1.000000	1.000000	367.000000	843.000000	1807.000000	1509.000000	1.000000	1.000000	1.000000	897.000000	296.000000	1.000000	1.000000	1.000000	1.000000	161.000000
1.000000	541.000000	319.000000	344.000000	711.000000	518.000000	1.000000	1.000000	368.000000	1421.000000	1422.000000	1548.000000	1.000000	275.000000	476.000000	804.000000	1.000000	1.000000	1.000000	1.000000	1.000000
1.000000	463.000000	632.000000	175.000000	682.000000	456.000000	363.000000	1.000000	1.000000	1.000000	1.000000	1.000000	1.000000	215.000000	297.000000	179.000000	1.000000	1.000000	249.000000	265.000000	241.000000
413.000000	1.000000	975.000000	444.000000	1.000000	1117.000000	1.000000	404.000000	1.000000	1.000000	1.000000	1.000000	1.000000	1.000000	283.000000	307.000000	391.000000	1.000000	461.000000	1.000000	269.000000
687.000000	557.000000	170.000000	286.000000	519.000000	702.000000	825.000000	155.000000	605.000000	211.000000	1.000000	1.000000	1.000000	231.000000	308.000000	451.000000	507.000000	391.000000	243.000000	463.000000	600.000000
1.000000	465.000000	372.000000	180.000000	274.000000	277.000000	293.000000	428.000000	631.000000	337.000000	1.000000	1.000000	1.000000	1.000000	1.000000	1.000000	1.000000	469.000000	197.000000	1.000000	1.000000
