21 25 0
224.000000	263.000000	183.000000	760.000000	1.000000	1.000000	499.000000	567.000000	169.000000	453.000000	1.000000	1.000000	1.000000	327.000000	427.000000	1.000000	1645.000000	1265.000000	358.000000	1.000000	451.000000
224.000000	831.000000	544.000000	614.000000	458.000000	239.000000	810.000000	375.000000	497.000000	350.000000	1.000000	213.000000	206.000000	1.000000	409.000000	391.000000	1.000000	1643.000000	679.000000	1.000000	1.000000
235.000000	1069.000000	596.000000	462.000000	891.000000	142.000000	440.000000	458.000000	855.000000	306.000000	362.000000	167.000000	344.000000	1.000000	1.000000	417.000000	1.000000	1190.000000	1163.000000	383.000000	183.000000
183.000000	1042.000000	907.000000	351.000000	789.000000	285.000000	141.000000	482.000000	346.000000	378.000000	186.000000	1.000000	309.000000	1.000000	1.000000	417.000000	386.000000	469.000000	1305.000000	1076.000000	478.000000
1.000000	677.000000	1229.000000	707.000000	871.000000	371.000000	423.000000	1.000000	1.000000	1.000000	1.000000	320.000000	313.000000	1.000000	1.000000	1.000000	418.000000	229.000000	1323.000000	1158.000000	675.000000
1.000000	697.000000	1535.000000	1140.000000	1003.000000	989.000000	423.000000	507.000000	1.000000	1.000000	267.000000	859.000000	1267.000000	182.000000	1.000000	1.000000	1.000000	1.000000	433.000000	1736.000000	423.000000
1.000000	774.000000	2108.000000	1.000000	507.000000	510.000000	423.000000	905.000000	1.000000	1.000000	356.000000	2227.000000	666.000000	1.000000	1.000000	157.000000	1.000000	1.000000	1.000000	1004.000000	424.000000
1.000000	471.000000	1543.000000	1.000000	179.000000	983.000000	501.000000	879.000000	315.000000	1.000000	267.000000	2671.000000	315.000000	1.000000	1.000000	313.000000	1.000000	1.000000	1.000000	1275.000000	577.000000
387.000000	507.000000	1018.000000	460.000000	179.000000	985.000000	503.000000	827.000000	655.000000	1.000000	262.000000	2834.000000	143.000000	1.000000	337.000000	1.000000	333.000000	624.000000	145.000000	1845.000000	487.000000
407.000000	937.000000	837.000000	460.000000	143.000000	384.000000	1.000000	685.000000	507.000000	1.000000	1060.000000	2595.000000	272.000000	1.000000	362.000000	1.000000	333.000000	720.000000	1044.000000	2031.000000	399.000000
291.000000	906.000000	1045.000000	461.000000	1636.000000	1.000000	1.000000	697.000000	491.000000	1.000000	668.000000	1428.000000	366.000000	1.000000	925.000000	1.000000	484.000000	1372.000000	1188.000000	1673.000000	1145.000000
339.000000	761.000000	437.000000	407.000000	1928.000000	1.000000	1.000000	361.000000	1.000000	379.000000	607.000000	825.000000	780.000000	322.000000	806.000000	1.000000	297.000000	269.000000	671.000000	1428.000000	1210.000000
339.000000	704.000000	725.000000	577.000000	743.000000	1.000000	342.000000	421.000000	194.000000	865.000000	1014.000000	883.000000	163.000000	323.000000	365.000000	1.000000	488.000000	261.000000	627.000000	1757.000000	1208.000000
203.000000	765.000000	897.000000	578.000000	471.000000	358.000000	317.000000	904.000000	2083.000000	1213.000000	905.000000	885.000000	1.000000	1.000000	248.000000	1.000000	679.000000	261.000000	613.000000	1383.000000	1156.000000
1.000000	217.000000	298.000000	526.000000	1214.000000	225.000000	1.000000	765.000000	2658.000000	727.000000	1.000000	245.000000	1.000000	1.000000	260.000000	477.000000	864.000000	206.000000	714.000000	1354.000000	1079.000000
165.000000	239.000000	210.000000	591.000000	1016.000000	1787.000000	247.000000	189.000000	209.000000	98.000000	1.000000	1.000000	1.000000	1.000000	102.000000	153.000000	792.000000	495.000000	686.000000	940.000000	1224.000000
1.000000	239.000000	1.000000	1.000000	1094.000000	2518.000000	1.000000	1.000000	435.000000	473.000000	453.000000	489.000000	471.000000	976.000000	1.000000	1.000000	994.000000	571.000000	1095.000000	850.000000	989.000000
200.000000	442.000000	395.000000	1.000000	835.000000	1722.000000	1.000000	1.000000	435.000000	873.000000	454.000000	491.000000	471.000000	2339.000000	634.000000	527.000000	221.000000	995.000000	1035.000000	328.000000	520.000000
1.000000	796.000000	229.000000	1.000000	780.000000	455.000000	1.000000	235.000000	633.000000	1.000000	345.000000	1.000000	1.000000	1621.000000	1233.000000	771.000000	249.000000	609.000000	283.000000	1.000000	1.000000
189.000000	649.000000	379.000000	448.000000	409.000000	428.000000	1.000000	1.000000	1052.000000	1328.000000	1752.000000	399.000000	1.000000	1231.000000	1868.000000	862.000000	419.000000	244.000000	448.000000	1.000000	311.000000
1.000000	289.000000	680.000000	1.000000	824.000000	678.000000	1.000000	1.000000	425.000000	1246.000000	1394.000000	399.000000	1.000000	1005.000000	1735.000000	973.000000	273.000000	339.000000	428.000000	1.000000	170.000000
1.000000	306.000000	760.000000	169.000000	668.000000	944.000000	165.000000	1.000000	1.000000	1.000000	75.000000	1.000000	215.000000	651.000000	1558.000000	943.000000	502.000000	301.000000	440.000000	371.000000	393.000000
263.000000	423.000000	809.000000	177.000000	277.000000	914.000000	176.000000	396.000000	547.000000	1.000000	223.000000	744.000000	385.000000	443.000000	1433.000000	878.000000	670.000000	393.000000	1051.000000	721.000000	628.000000
716.000000	473.000000	924.000000	275.000000	287.000000	913.000000	389.000000	305.000000	848.000000	1.000000	1.000000	170.000000	236.000000	257.000000	648.000000	201.000000	207.000000	766.000000	839.000000	581.000000	562.000000
190.000000	483.000000	1.000000	275.000000	464.000000	277.000000	335.000000	1.000000	534.000000	220.000000	1.000000	137.000000	141.000000	258.000000	1.000000	1.000000	1.000000	667.000000	391.000000	1.000000	714.000000
