21 25 0
629.000000	727.000000	451.000000	904.000000	607.000000	670.000000	772.000000	591.000000	451.000000	311.000000	326.000000	313.000000	72.000000	1.000000	105.000000	412.000000	1.000000	1.000000	1.000000	1.000000	1.000000
815.000000	751.000000	422.000000	683.000000	655.000000	614.000000	444.000000	1.000000	164.000000	1.000000	1.000000	149.000000	1.000000	1.000000	168.000000	406.000000	1.000000	239.000000	1.000000	1.000000	1.000000
593.000000	348.000000	559.000000	409.000000	696.000000	628.000000	482.000000	1.000000	1.000000	1.000000	1.000000	178.000000	155.000000	361.000000	204.000000	1.000000	1.000000	1.000000	1.000000	629.000000	394.000000
269.000000	313.000000	409.000000	646.000000	562.000000	662.000000	182.000000	1.000000	1.000000	1.000000	486.000000	909.000000	1038.000000	871.000000	461.000000	489.000000	192.000000	175.000000	1.000000	1.000000	206.000000
651.000000	632.000000	697.000000	875.000000	467.000000	1.000000	1.000000	1.000000	1.000000	181.000000	161.000000	558.000000	315.000000	1.000000	139.000000	671.000000	1.000000	1.000000	1.000000	1.000000	209.000000
1174.000000	1123.000000	1.000000	467.000000	1.000000	1.000000	451.000000	499.000000	1.000000	1.000000	505.000000	1.000000	1.000000	395.000000	728.000000	1.000000	1.000000	505.000000	1.000000	1.000000	205.000000
725.000000	1.000000	1.000000	507.000000	2110.000000	1579.000000	1011.000000	1.000000	1.000000	1.000000	1.000000	1.000000	340.000000	236.000000	667.000000	511.000000	1.000000	387.000000	1.000000	1.000000	1.000000
1.000000	1.000000	219.000000	419.000000	408.000000	1.000000	1.000000	1.000000	217.000000	1.000000	932.000000	1.000000	1.000000	1185.000000	511.000000	1.000000	471.000000	1.000000	1.000000	430.000000	169.000000
433.000000	1.000000	219.000000	799.000000	406.000000	1.000000	1.000000	1229.000000	862.000000	1294.000000	769.000000	1.000000	442.000000	591.000000	1.000000	1.000000	325.000000	1.000000	1481.000000	574.000000	1.000000
1272.000000	477.000000	261.000000	1460.000000	235.000000	1.000000	1.000000	443.000000	1.000000	495.000000	295.000000	1.000000	247.000000	1258.000000	532.000000	715.000000	1.000000	451.000000	257.000000	1.000000	382.000000
777.000000	1.000000	333.000000	445.000000	1.000000	1.000000	1.000000	164.000000	350.000000	907.000000	1.000000	1.000000	731.000000	766.000000	305.000000	1.000000	1.000000	1.000000	500.000000	769.000000	1.000000
1.000000	1.000000	333.000000	1.000000	438.000000	405.000000	840.000000	328.000000	1327.000000	494.000000	1.000000	1.000000	189.000000	1.000000	1.000000	1.000000	1.000000	428.000000	579.000000	1.000000	1.000000
1.000000	1.000000	1213.000000	438.000000	627.000000	840.000000	1.000000	356.000000	1.000000	357.000000	1.000000	1.000000	1.000000	1.000000	522.000000	635.000000	575.000000	242.000000	1.000000	1.000000	1.000000
740.000000	446.000000	496.000000	1.000000	1.000000	1.000000	456.000000	372.000000	1.000000	1.000000	262.000000	166.000000	1.000000	1720.000000	1.000000	1.000000	1.000000	1.000000	251.000000	172.000000	472.000000
804.000000	202.000000	1.000000	1.000000	325.000000	211.000000	1115.000000	430.000000	1.000000	143.000000	156.000000	443.000000	2063.000000	476.000000	1.000000	1.000000	257.000000	371.000000	563.000000	229.000000	235.000000
833.000000	1.000000	616.000000	1.000000	163.000000	1.000000	1.000000	1.000000	1.000000	1.000000	1.000000	1.000000	1.000000	1.000000	1.000000	140.000000	667.000000	674.000000	501.000000	80.000000	209.000000
156.000000	314.000000	275.000000	1.000000	1.000000	1.000000	481.000000	1.000000	550.000000	1248.000000	1458.000000	895.000000	855.000000	1.000000	621.000000	1248.000000	443.000000	1.000000	1.000000	203.000000	211.000000
1.000000	1.000000	254.000000	1.000000	1.000000	481.000000	3203.000000	2949.000000	2265.000000	1540.000000	1131.000000	455.000000	640.000000	913.000000	653.000000	340.000000	1.000000	246.000000	1.000000	307.000000	151.000000
1.000000	157.000000	1.000000	147.000000	1.000000	1529.000000	2208.000000	343.000000	1.000000	1.000000	1.000000	1.000000	188.000000	1.000000	1.000000	1.000000	98.000000	247.000000	211.000000	369.000000	180.000000
1.000000	321.000000	1.000000	141.000000	1.000000	324.000000	1.000000	1.000000	1.000000	1.000000	1.000000	894.000000	686.000000	343.000000	1.000000	1.000000	237.000000	412.000000	363.000000	199.000000	587.000000
1.000000	1.000000	297.000000	1.000000	1.000000	175.000000	303.000000	1.000000	1.000000	1.000000	621.000000	616.000000	299.000000	1.000000	1.000000	99.000000	402.000000	183.000000	360.000000	531.000000	778.000000
708.000000	1.000000	1.000000	185.000000	1.000000	227.000000	849.000000	304.000000	1.000000	1.000000	1.000000	1.000000	1.000000	1.000000	301.000000	239.000000	373.000000	710.000000	1.000000	812.000000	303.000000
1045.000000	243.000000	1.000000	1.000000	367.000000	1.000000	155.000000	1.000000	1.000000	1.000000	1.000000	1.000000	682.000000	309.000000	1.000000	337.000000	998.000000	713.000000	613.000000	661.000000	1.000000
151.000000	1.000000	631.000000	166.000000	434.000000	385.000000	1.000000	292.000000	1.000000	147.000000	378.000000	806.000000	452.000000	149.000000	373.000000	528.000000	1317.000000	664.000000	556.000000	700.000000	707.000000
1.000000	620.000000	452.000000	251.000000	385.000000	1.000000	292.000000	173.000000	1.000000	1.000000	363.000000	1.000000	72.000000	241.000000	380.000000	880.000000	546.000000	1.000000	291.000000	171.000000	1.000000
