21 25 0
1.000000	1.000000	1.000000	1.000000	1.000000	176.000000	1.000000	1.000000	1.000000	1.000000	183.000000	179.000000	712.000000	502.000000	632.000000	170.000000	401.000000	208.000000	672.000000	1332.000000	703.000000
1.000000	1.000000	401.000000	1.000000	1.000000	551.000000	180.000000	1.000000	1.000000	190.000000	355.000000	375.000000	663.000000	1037.000000	591.000000	968.000000	204.000000	411.000000	1.000000	308.000000	699.000000
1.000000	1.000000	401.000000	403.000000	1.000000	1.000000	1.000000	1.000000	204.000000	550.000000	417.000000	1.000000	147.000000	794.000000	171.000000	333.000000	381.000000	430.000000	215.000000	299.000000	191.000000
1107.000000	1.000000	205.000000	401.000000	1.000000	1.000000	1.000000	1.000000	1.000000	1.000000	188.000000	1.000000	355.000000	514.000000	161.000000	76.000000	1.000000	239.000000	1.000000	1.000000	1.000000
591.000000	708.000000	1.000000	1.000000	865.000000	388.000000	769.000000	734.000000	596.000000	1.000000	1.000000	1.000000	1.000000	656.000000	1595.000000	189.000000	1303.000000	709.000000	209.000000	1.000000	511.000000
379.000000	1.000000	387.000000	1.000000	319.000000	1.000000	1.000000	802.000000	1372.000000	1271.000000	1.000000	1.000000	1.000000	1.000000	898.000000	1569.000000	1213.000000	2554.000000	1008.000000	1.000000	1.000000
994.000000	1.000000	479.000000	1.000000	1.000000	1.000000	1.000000	1.000000	719.000000	2124.000000	601.000000	1.000000	338.000000	1.000000	443.000000	503.000000	461.000000	1509.000000	1336.000000	1.000000	1.000000
1405.000000	373.000000	1.000000	479.000000	284.000000	1.000000	268.000000	1.000000	1.000000	674.000000	327.000000	1.000000	208.000000	1.000000	336.000000	2329.000000	383.000000	459.000000	332.000000	279.000000	273.000000
1.000000	509.000000	1.000000	1.000000	1.000000	1.000000	1.000000	1.000000	1.000000	1.000000	1.000000	1.000000	1.000000	1.000000	1.000000	685.000000	1525.000000	460.000000	335.000000	385.000000	1045.000000
1.000000	456.000000	1.000000	1201.000000	1.000000	1.000000	1.000000	1.000000	1.000000	173.000000	954.000000	1.000000	227.000000	367.000000	200.000000	303.000000	1.000000	1.000000	1.000000	440.000000	319.000000
613.000000	920.000000	811.000000	1645.000000	937.000000	707.000000	1.000000	1.000000	1.000000	1.000000	1.000000	1.000000	297.000000	1695.000000	767.000000	1.000000	415.000000	1.000000	1.000000	368.000000	1.000000
1005.000000	1.000000	823.000000	1.000000	1.000000	168.000000	1053.000000	1.000000	296.000000	1.000000	1.000000	1.000000	1.000000	615.000000	720.000000	1012.000000	299.000000	424.000000	264.000000	1.000000	1.000000
1229.000000	473.000000	293.000000	1.000000	325.000000	1.000000	1.000000	1.000000	1567.000000	1604.000000	779.000000	610.000000	668.000000	1.000000	1.000000	283.000000	546.000000	260.000000	1.000000	1.000000	1.000000
293.000000	704.000000	667.000000	447.000000	166.000000	1.000000	1.000000	1.000000	562.000000	643.000000	1403.000000	887.000000	1808.000000	355.000000	1.000000	1.000000	669.000000	728.000000	260.000000	1.000000	1.000000
403.000000	603.000000	573.000000	1.000000	1.000000	1.000000	366.000000	255.000000	1.000000	1.000000	1.000000	1.000000	494.000000	1161.000000	217.000000	196.000000	289.000000	517.000000	1.000000	1.000000	1.000000
289.000000	676.000000	622.000000	1048.000000	1.000000	1.000000	1473.000000	2689.000000	1411.000000	173.000000	157.000000	665.000000	743.000000	1947.000000	1987.000000	711.000000	432.000000	143.000000	428.000000	1.000000	1.000000
393.000000	1186.000000	1421.000000	1171.000000	313.000000	1.000000	1.000000	1.000000	1.000000	1.000000	1.000000	1.000000	1.000000	777.000000	1024.000000	1327.000000	1099.000000	633.000000	535.000000	320.000000	1.000000
1.000000	286.000000	1314.000000	1410.000000	697.000000	1.000000	1.000000	1.000000	1.000000	1.000000	1.000000	1.000000	1.000000	1.000000	613.000000	1222.000000	836.000000	402.000000	1.000000	1.000000	1.000000
1.000000	1.000000	164.000000	595.000000	665.000000	222.000000	519.000000	440.000000	1.000000	613.000000	1216.000000	1765.000000	1474.000000	321.000000	1.000000	795.000000	609.000000	440.000000	225.000000	1.000000	161.000000
186.000000	1.000000	1.000000	1.000000	1.000000	761.000000	2301.000000	1227.000000	1.000000	1.000000	805.000000	743.000000	1030.000000	501.000000	1.000000	1.000000	396.000000	216.000000	246.000000	255.000000	1.000000
448.000000	195.000000	303.000000	170.000000	1.000000	1.000000	1155.000000	2024.000000	1550.000000	348.000000	1.000000	1.000000	1.000000	1.000000	1.000000	163.000000	160.000000	215.000000	1.000000	273.000000	189.000000
382.000000	506.000000	1.000000	90.000000	170.000000	1.000000	1.000000	745.000000	1619.000000	1521.000000	656.000000	215.000000	979.000000	107.000000	1.000000	1.000000	530.000000	1.000000	1.000000	364.000000	1.000000
442.000000	1.000000	137.000000	172.000000	74.000000	175.000000	1.000000	257.000000	205.000000	641.000000	577.000000	508.000000	843.000000	695.000000	1.000000	1.000000	1.000000	367.000000	411.000000	1.000000	305.000000
1.000000	331.000000	462.000000	1.000000	515.000000	1.000000	1.000000	1.000000	1.000000	1.000000	1.000000	215.000000	1.000000	503.000000	1.000000	1.000000	89.000000	1.000000	418.000000	1.000000	1.000000
1.000000	1.000000	452.000000	463.000000	1.000000	1.000000	1.000000	1.000000	1.000000	1.000000	1.000000	1.000000	1.000000	1.000000	1.000000	181.000000	1.000000	1.000000	1.000000	567.000000	1.000000
