21 25 0
680.000000	932.000000	1.000000	1.000000	859.000000	515.000000	219.000000	1.000000	1.000000	1.000000	1.000000	1.000000	1633.000000	875.000000	1.000000	1.000000	1.000000	249.000000	1.000000	1.000000	1721.000000
807.000000	315.000000	1.000000	1243.000000	2389.000000	907.000000	183.000000	1.000000	1.000000	1.000000	1.000000	1.000000	1637.000000	259.000000	1.000000	276.000000	263.000000	1653.000000	293.000000	1.000000	1071.000000
1398.000000	1.000000	1.000000	1963.000000	1839.000000	908.000000	1.000000	187.000000	293.000000	347.000000	1.000000	1.000000	1.000000	259.000000	726.000000	1082.000000	1.000000	375.000000	1210.000000	1.000000	789.000000
1403.000000	319.000000	1.000000	1961.000000	2025.000000	929.000000	1.000000	1.000000	247.000000	615.000000	1.000000	1.000000	1.000000	317.000000	1709.000000	839.000000	1.000000	1.000000	679.000000	537.000000	301.000000
265.000000	363.000000	1.000000	1858.000000	1990.000000	849.000000	1.000000	1.000000	1.000000	523.000000	381.000000	191.000000	1.000000	1.000000	1.000000	355.000000	1.000000	1.000000	1.000000	764.000000	673.000000
1.000000	1.000000	1.000000	1540.000000	1664.000000	387.000000	1.000000	1.000000	633.000000	1.000000	647.000000	1.000000	1.000000	1.000000	1.000000	1158.000000	1.000000	1.000000	1.000000	389.000000	561.000000
1.000000	1.000000	151.000000	2134.000000	1199.000000	298.000000	1.000000	1.000000	471.000000	1434.000000	616.000000	1.000000	1.000000	1.000000	483.000000	2038.000000	371.000000	1.000000	1.000000	1.000000	551.000000
1.000000	1.000000	713.000000	1758.000000	1377.000000	295.000000	1.000000	1.000000	1.000000	3234.000000	1403.000000	1.000000	329.000000	1.000000	281.000000	2125.000000	1018.000000	536.000000	816.000000	1.000000	555.000000
1.000000	287.000000	1331.000000	1017.000000	1415.000000	296.000000	647.000000	269.000000	1.000000	3817.000000	1077.000000	1.000000	690.000000	605.000000	321.000000	1399.000000	1221.000000	1784.000000	1183.000000	419.000000	825.000000
1.000000	691.000000	1821.000000	1478.000000	1391.000000	381.000000	383.000000	249.000000	1.000000	3719.000000	418.000000	1.000000	2137.000000	214.000000	167.000000	1.000000	467.000000	2622.000000	1168.000000	227.000000	719.000000
1.000000	1.000000	1967.000000	2056.000000	1117.000000	177.000000	1.000000	1.000000	173.000000	2510.000000	283.000000	1.000000	2343.000000	565.000000	1.000000	1.000000	603.000000	1825.000000	718.000000	1.000000	1593.000000
463.000000	1.000000	1180.000000	1582.000000	609.000000	1.000000	825.000000	1.000000	464.000000	2987.000000	299.000000	1.000000	1659.000000	1987.000000	185.000000	1.000000	297.000000	475.000000	173.000000	273.000000	1789.000000
489.000000	1.000000	155.000000	1372.000000	417.000000	629.000000	1844.000000	345.000000	397.000000	2547.000000	267.000000	1.000000	805.000000	2199.000000	98.000000	1.000000	1.000000	734.000000	475.000000	522.000000	1982.000000
624.000000	729.000000	297.000000	701.000000	1.000000	899.000000	2096.000000	604.000000	467.000000	1823.000000	1.000000	1.000000	994.000000	2040.000000	1.000000	1.000000	363.000000	1086.000000	716.000000	750.000000	1960.000000
1007.000000	1358.000000	453.000000	393.000000	142.000000	857.000000	2186.000000	573.000000	1.000000	1.000000	1.000000	1.000000	1373.000000	1681.000000	1.000000	1.000000	780.000000	1071.000000	159.000000	928.000000	827.000000
463.000000	763.000000	427.000000	541.000000	336.000000	727.000000	1528.000000	718.000000	1.000000	1.000000	428.000000	192.000000	928.000000	580.000000	1.000000	1.000000	960.000000	933.000000	1.000000	956.000000	1527.000000
1.000000	275.000000	1.000000	505.000000	1116.000000	873.000000	195.000000	227.000000	1.000000	465.000000	1.000000	1.000000	1.000000	1.000000	1.000000	361.000000	1185.000000	649.000000	1.000000	886.000000	915.000000
1.000000	1.000000	1.000000	267.000000	1350.000000	871.000000	169.000000	1.000000	1.000000	467.000000	1.000000	1.000000	1.000000	366.000000	1.000000	1319.000000	1296.000000	327.000000	393.000000	1391.000000	961.000000
1.000000	143.000000	1.000000	147.000000	822.000000	832.000000	185.000000	1.000000	1.000000	467.000000	1.000000	370.000000	1.000000	373.000000	1.000000	790.000000	591.000000	333.000000	207.000000	1154.000000	735.000000
1.000000	377.000000	143.000000	249.000000	597.000000	943.000000	927.000000	431.000000	1.000000	1.000000	1.000000	370.000000	1.000000	155.000000	1.000000	297.000000	523.000000	655.000000	701.000000	931.000000	909.000000
1.000000	1.000000	1.000000	407.000000	426.000000	791.000000	847.000000	1116.000000	1.000000	1.000000	1.000000	281.000000	1.000000	1.000000	1.000000	922.000000	1047.000000	515.000000	702.000000	1050.000000	337.000000
1.000000	1.000000	1.000000	409.000000	639.000000	675.000000	915.000000	1118.000000	1.000000	1.000000	142.000000	201.000000	1.000000	191.000000	165.000000	1279.000000	1194.000000	433.000000	1011.000000	999.000000	424.000000
1.000000	1.000000	1.000000	247.000000	695.000000	447.000000	305.000000	175.000000	167.000000	1.000000	1.000000	1.000000	165.000000	402.000000	174.000000	1155.000000	455.000000	1.000000	559.000000	395.000000	327.000000
1.000000	1.000000	1.000000	1.000000	621.000000	191.000000	1.000000	1.000000	1.000000	1.000000	1.000000	1.000000	189.000000	1.000000	1.000000	1.000000	1.000000	1.000000	1.000000	159.000000	363.000000
1.000000	1.000000	1.000000	1.000000	1.000000	1.000000	1.000000	1.000000	1.000000	1.000000	1.000000	1.000000	1.000000	1.000000	1.000000	1.000000	1.000000	1.000000	1.000000	1.000000	1.000000
