21 25 0
1.000000	1.000000	1498.000000	1217.000000	1.000000	1.000000	1.000000	628.000000	1463.000000	1.000000	1.000000	1.000000	1.000000	1.000000	1.000000	1.000000	1.000000	1.000000	1394.000000	1524.000000	238.000000
1.000000	135.000000	2135.000000	1277.000000	1.000000	535.000000	757.000000	201.000000	189.000000	209.000000	193.000000	1.000000	385.000000	1.000000	373.000000	1295.000000	1.000000	1.000000	947.000000	2832.000000	480.000000
1.000000	1894.000000	2885.000000	1013.000000	1.000000	1420.000000	1155.000000	439.000000	1.000000	1.000000	1.000000	469.000000	684.000000	1.000000	1.000000	731.000000	2512.000000	1.000000	1.000000	1509.000000	692.000000
1.000000	1643.000000	2576.000000	961.000000	1.000000	1127.000000	2106.000000	1036.000000	1.000000	1.000000	1.000000	219.000000	256.000000	1.000000	1.000000	319.000000	2729.000000	2077.000000	1.000000	323.000000	946.000000
1.000000	553.000000	953.000000	367.000000	1.000000	401.000000	2241.000000	1297.000000	1.000000	1.000000	1.000000	1.000000	1.000000	853.000000	1.000000	1.000000	1055.000000	2308.000000	1466.000000	332.000000	576.000000
1.000000	403.000000	785.000000	1.000000	1.000000	385.000000	1097.000000	748.000000	1.000000	1.000000	1.000000	149.000000	213.000000	1714.000000	1.000000	411.000000	1.000000	1476.000000	2190.000000	726.000000	493.000000
485.000000	1127.000000	581.000000	1.000000	1.000000	1511.000000	1199.000000	334.000000	1.000000	1.000000	275.000000	975.000000	1082.000000	453.000000	1.000000	1.000000	1.000000	823.000000	1387.000000	1109.000000	503.000000
141.000000	1126.000000	1369.000000	1.000000	1.000000	2153.000000	825.000000	335.000000	721.000000	1.000000	379.000000	3521.000000	571.000000	1.000000	1.000000	1.000000	169.000000	1.000000	1611.000000	1782.000000	1092.000000
408.000000	1029.000000	1421.000000	335.000000	197.000000	2369.000000	458.000000	323.000000	2279.000000	1.000000	351.000000	3727.000000	1.000000	547.000000	333.000000	1.000000	323.000000	1.000000	1433.000000	2304.000000	1192.000000
921.000000	686.000000	1215.000000	407.000000	1282.000000	1385.000000	827.000000	284.000000	2077.000000	1.000000	323.000000	3424.000000	1.000000	1083.000000	1.000000	1.000000	289.000000	1.000000	1270.000000	2323.000000	1444.000000
1073.000000	763.000000	741.000000	1.000000	1688.000000	1242.000000	402.000000	399.000000	1303.000000	1.000000	1041.000000	2359.000000	1.000000	355.000000	375.000000	406.000000	472.000000	1.000000	1430.000000	2529.000000	1070.000000
455.000000	1349.000000	237.000000	1.000000	711.000000	799.000000	1.000000	965.000000	891.000000	1.000000	1464.000000	2870.000000	1.000000	1.000000	371.000000	1431.000000	464.000000	1.000000	1382.000000	1794.000000	815.000000
1.000000	1469.000000	833.000000	1.000000	603.000000	567.000000	1.000000	1537.000000	671.000000	1.000000	1380.000000	3034.000000	1.000000	1.000000	732.000000	1776.000000	712.000000	1.000000	749.000000	929.000000	239.000000
1.000000	649.000000	719.000000	439.000000	515.000000	278.000000	1.000000	1113.000000	1808.000000	557.000000	979.000000	1737.000000	1.000000	1.000000	1060.000000	1968.000000	655.000000	1.000000	279.000000	225.000000	596.000000
1.000000	433.000000	1391.000000	875.000000	676.000000	253.000000	1.000000	461.000000	1926.000000	1127.000000	483.000000	1.000000	1.000000	1.000000	1484.000000	1756.000000	177.000000	503.000000	157.000000	307.000000	630.000000
1.000000	1.000000	467.000000	537.000000	159.000000	505.000000	1.000000	195.000000	964.000000	1110.000000	1.000000	1.000000	1.000000	1.000000	1277.000000	985.000000	1.000000	837.000000	1022.000000	931.000000	543.000000
309.000000	1.000000	183.000000	329.000000	199.000000	554.000000	1.000000	305.000000	1.000000	1.000000	457.000000	1.000000	1.000000	1.000000	625.000000	179.000000	1.000000	810.000000	1481.000000	593.000000	376.000000
289.000000	299.000000	721.000000	341.000000	169.000000	279.000000	315.000000	589.000000	221.000000	197.000000	379.000000	397.000000	1.000000	1.000000	193.000000	163.000000	395.000000	1617.000000	1996.000000	477.000000	469.000000
139.000000	149.000000	730.000000	699.000000	153.000000	1.000000	1.000000	429.000000	530.000000	382.000000	327.000000	1.000000	1.000000	1.000000	187.000000	1.000000	209.000000	1051.000000	1163.000000	451.000000	582.000000
77.000000	145.000000	667.000000	539.000000	415.000000	249.000000	214.000000	1.000000	311.000000	652.000000	328.000000	1.000000	1.000000	1.000000	480.000000	1.000000	391.000000	1211.000000	1169.000000	633.000000	515.000000
309.000000	159.000000	667.000000	652.000000	683.000000	491.000000	1.000000	253.000000	609.000000	968.000000	1.000000	195.000000	1.000000	177.000000	1400.000000	1.000000	391.000000	1231.000000	1115.000000	419.000000	464.000000
467.000000	413.000000	804.000000	653.000000	761.000000	468.000000	407.000000	363.000000	341.000000	1174.000000	1.000000	1.000000	1.000000	495.000000	939.000000	1.000000	651.000000	1426.000000	853.000000	452.000000	310.000000
311.000000	453.000000	716.000000	139.000000	581.000000	1.000000	586.000000	313.000000	1.000000	1.000000	1.000000	1.000000	1.000000	1.000000	191.000000	1.000000	577.000000	1115.000000	713.000000	185.000000	309.000000
151.000000	169.000000	337.000000	145.000000	1.000000	161.000000	627.000000	241.000000	1.000000	171.000000	1.000000	1.000000	1.000000	1.000000	165.000000	1.000000	199.000000	183.000000	483.000000	1.000000	149.000000
1.000000	1.000000	1.000000	1.000000	1.000000	1.000000	1.000000	1.000000	1.000000	1.000000	1.000000	1.000000	1.000000	1.000000	1.000000	1.000000	1.000000	1.000000	1.000000	1.000000	1.000000
