21 25 0
1.000000	1.000000	1.000000	1.000000	1.000000	1.000000	1.000000	1.000000	1.000000	711.000000	1061.000000	1226.000000	1913.000000	1567.000000	1241.000000	1.000000	1.000000	169.000000	753.000000	643.000000	1.000000
1.000000	1.000000	1.000000	173.000000	289.000000	273.000000	1.000000	1.000000	1.000000	1276.000000	1373.000000	1451.000000	735.000000	1.000000	191.000000	526.000000	1.000000	1.000000	381.000000	445.000000	705.000000
1.000000	1.000000	1.000000	655.000000	1541.000000	1298.000000	697.000000	1.000000	1.000000	1.000000	165.000000	237.000000	235.000000	287.000000	1119.000000	2520.000000	2003.000000	1.000000	1.000000	1.000000	185.000000
1.000000	451.000000	1677.000000	697.000000	994.000000	1490.000000	1666.000000	1237.000000	583.000000	527.000000	986.000000	2063.000000	2531.000000	2596.000000	1489.000000	1262.000000	900.000000	271.000000	1.000000	1.000000	1.000000
1.000000	1.000000	1.000000	253.000000	1.000000	959.000000	1475.000000	1794.000000	2124.000000	2104.000000	1478.000000	1933.000000	2772.000000	2507.000000	886.000000	330.000000	462.000000	646.000000	766.000000	1.000000	1.000000
1.000000	1.000000	1.000000	1.000000	1.000000	1.000000	1.000000	1.000000	499.000000	637.000000	1.000000	1.000000	1.000000	1.000000	1.000000	1.000000	1.000000	1.000000	1238.000000	688.000000	1.000000
179.000000	1.000000	1.000000	283.000000	488.000000	845.000000	644.000000	1.000000	1.000000	1.000000	1.000000	1.000000	1.000000	455.000000	481.000000	970.000000	250.000000	1.000000	1.000000	229.000000	227.000000
1.000000	1.000000	165.000000	163.000000	1.000000	425.000000	341.000000	487.000000	585.000000	1.000000	219.000000	235.000000	446.000000	1286.000000	1283.000000	317.000000	1.000000	1.000000	1.000000	393.000000	393.000000
1.000000	1.000000	825.000000	1355.000000	925.000000	1143.000000	2173.000000	1745.000000	1959.000000	1933.000000	1639.000000	1132.000000	2343.000000	2284.000000	1389.000000	913.000000	199.000000	181.000000	413.000000	602.000000	1.000000
1.000000	1.000000	491.000000	2253.000000	2148.000000	1508.000000	799.000000	553.000000	633.000000	633.000000	455.000000	1.000000	617.000000	1143.000000	1907.000000	1793.000000	1619.000000	1648.000000	927.000000	399.000000	1.000000
688.000000	167.000000	1.000000	503.000000	1.000000	145.000000	167.000000	1.000000	1.000000	1.000000	1.000000	1.000000	1.000000	1.000000	413.000000	638.000000	1046.000000	667.000000	1.000000	1.000000	1.000000
647.000000	1.000000	1.000000	391.000000	391.000000	1.000000	555.000000	311.000000	904.000000	1910.000000	1364.000000	559.000000	1.000000	1.000000	177.000000	315.000000	1.000000	1.000000	1.000000	1.000000	773.000000
697.000000	999.000000	489.000000	499.000000	1.000000	1.000000	1.000000	1.000000	433.000000	433.000000	337.000000	441.000000	231.000000	1.000000	1.000000	1.000000	1.000000	1.000000	273.000000	1015.000000	914.000000
1.000000	617.000000	2129.000000	679.000000	1.000000	1.000000	673.000000	257.000000	1.000000	1.000000	1.000000	1.000000	1.000000	239.000000	311.000000	177.000000	255.000000	584.000000	751.000000	167.000000	1.000000
1.000000	1.000000	575.000000	629.000000	597.000000	787.000000	481.000000	629.000000	1919.000000	1866.000000	1683.000000	1726.000000	1928.000000	1682.000000	630.000000	519.000000	1454.000000	968.000000	405.000000	187.000000	1.000000
137.000000	1.000000	157.000000	167.000000	176.000000	344.000000	135.000000	327.000000	1617.000000	2231.000000	2673.000000	2081.000000	1625.000000	239.000000	1.000000	249.000000	611.000000	401.000000	1.000000	1.000000	1.000000
286.000000	598.000000	692.000000	169.000000	285.000000	1.000000	179.000000	1.000000	1.000000	1.000000	1.000000	1.000000	1.000000	1.000000	1.000000	1.000000	183.000000	233.000000	218.000000	151.000000	471.000000
650.000000	726.000000	489.000000	201.000000	1.000000	1.000000	1.000000	205.000000	585.000000	854.000000	1.000000	147.000000	320.000000	625.000000	280.000000	359.000000	177.000000	1.000000	1.000000	1.000000	467.000000
141.000000	145.000000	440.000000	75.000000	1.000000	1.000000	135.000000	513.000000	2229.000000	1774.000000	1512.000000	1924.000000	1657.000000	1029.000000	599.000000	217.000000	1.000000	1.000000	1.000000	163.000000	325.000000
145.000000	1.000000	1.000000	1.000000	1.000000	1.000000	1.000000	732.000000	759.000000	597.000000	1243.000000	1222.000000	1283.000000	853.000000	335.000000	1.000000	1.000000	186.000000	1.000000	155.000000	1.000000
1.000000	143.000000	319.000000	151.000000	149.000000	185.000000	1.000000	602.000000	1631.000000	1689.000000	1641.000000	1111.000000	1037.000000	745.000000	1.000000	1.000000	161.000000	371.000000	1.000000	343.000000	1.000000
157.000000	153.000000	1.000000	351.000000	165.000000	1.000000	189.000000	1.000000	177.000000	201.000000	223.000000	1.000000	173.000000	177.000000	1.000000	1.000000	191.000000	269.000000	659.000000	391.000000	1.000000
223.000000	232.000000	373.000000	396.000000	615.000000	519.000000	267.000000	1.000000	1.000000	1.000000	1.000000	1.000000	1.000000	313.000000	1.000000	1.000000	1.000000	1.000000	365.000000	1.000000	1.000000
1.000000	1.000000	1.000000	169.000000	161.000000	1.000000	1.000000	1.000000	211.000000	211.000000	1.000000	1.000000	235.000000	1.000000	155.000000	1.000000	1.000000	1.000000	147.000000	151.000000	1.000000
1.000000	1.000000	1.000000	1.000000	1.000000	1.000000	1.000000	1.000000	1.000000	1.000000	1.000000	1.000000	1.000000	1.000000	1.000000	1.000000	1.000000	1.000000	1.000000	1.000000	1.000000
