21 25 0
1.000000	1.000000	1509.000000	2743.000000	2169.000000	1268.000000	1404.000000	1054.000000	155.000000	425.000000	631.000000	171.000000	1.000000	325.000000	325.000000	1010.000000	1104.000000	1.000000	1.000000	1.000000	203.000000
1.000000	1262.000000	1709.000000	155.000000	370.000000	368.000000	1265.000000	1207.000000	175.000000	1.000000	175.000000	235.000000	1411.000000	1163.000000	1821.000000	1671.000000	822.000000	507.000000	1.000000	1.000000	325.000000
1.000000	899.000000	1.000000	1.000000	1.000000	1.000000	383.000000	877.000000	979.000000	800.000000	385.000000	1468.000000	1877.000000	1221.000000	1.000000	1.000000	1.000000	749.000000	1444.000000	592.000000	1.000000
1.000000	1.000000	1.000000	1.000000	1.000000	1.000000	1.000000	1.000000	557.000000	181.000000	1.000000	1.000000	1.000000	1.000000	1.000000	1.000000	1.000000	1.000000	729.000000	1002.000000	772.000000
173.000000	173.000000	205.000000	157.000000	585.000000	863.000000	943.000000	1.000000	1.000000	1.000000	1.000000	1.000000	149.000000	455.000000	485.000000	818.000000	798.000000	1.000000	1.000000	1.000000	185.000000
1.000000	1063.000000	1532.000000	1120.000000	2025.000000	2869.000000	3108.000000	2369.000000	1146.000000	391.000000	597.000000	1631.000000	2461.000000	2624.000000	2883.000000	2478.000000	1304.000000	1.000000	1.000000	1.000000	483.000000
1.000000	1.000000	1.000000	147.000000	609.000000	1443.000000	1807.000000	1669.000000	2465.000000	2455.000000	793.000000	1803.000000	2967.000000	3024.000000	1827.000000	1071.000000	319.000000	174.000000	1.000000	1.000000	1.000000
1.000000	1.000000	1.000000	1.000000	507.000000	513.000000	513.000000	1.000000	219.000000	619.000000	1.000000	1.000000	1.000000	1.000000	748.000000	810.000000	1040.000000	227.000000	1.000000	1.000000	1.000000
571.000000	1.000000	1.000000	1.000000	1.000000	412.000000	411.000000	1.000000	1.000000	1.000000	1.000000	1.000000	1.000000	1.000000	1.000000	943.000000	825.000000	289.000000	1.000000	1.000000	1.000000
189.000000	161.000000	1.000000	1.000000	399.000000	399.000000	1.000000	281.000000	1.000000	1.000000	1.000000	219.000000	1.000000	1.000000	1.000000	1.000000	1.000000	1.000000	1.000000	471.000000	908.000000
1.000000	501.000000	1857.000000	1767.000000	733.000000	657.000000	905.000000	440.000000	157.000000	387.000000	1.000000	669.000000	1047.000000	449.000000	1.000000	71.000000	142.000000	195.000000	819.000000	1144.000000	1110.000000
1.000000	1.000000	1056.000000	1800.000000	1786.000000	1052.000000	399.000000	1.000000	1.000000	1.000000	1.000000	317.000000	357.000000	658.000000	493.000000	867.000000	1077.000000	1662.000000	1986.000000	1232.000000	1.000000
1.000000	1.000000	367.000000	721.000000	1238.000000	1272.000000	549.000000	1.000000	912.000000	1738.000000	1400.000000	1379.000000	1.000000	295.000000	573.000000	1585.000000	1949.000000	1499.000000	479.000000	1.000000	1.000000
1.000000	1.000000	1.000000	169.000000	1.000000	549.000000	1.000000	1.000000	1170.000000	3731.000000	3677.000000	3200.000000	717.000000	1.000000	205.000000	967.000000	431.000000	1.000000	1.000000	1.000000	421.000000
720.000000	1224.000000	1139.000000	1.000000	1.000000	1.000000	1.000000	1.000000	1.000000	459.000000	279.000000	1.000000	1.000000	1.000000	1.000000	1.000000	1.000000	1.000000	463.000000	849.000000	979.000000
277.000000	594.000000	1133.000000	1116.000000	1.000000	1.000000	189.000000	1088.000000	1128.000000	417.000000	147.000000	215.000000	313.000000	980.000000	669.000000	379.000000	1.000000	1.000000	176.000000	871.000000	1349.000000
1.000000	199.000000	463.000000	587.000000	207.000000	1.000000	625.000000	2005.000000	2561.000000	2512.000000	2671.000000	2710.000000	2480.000000	2015.000000	1302.000000	215.000000	1.000000	387.000000	603.000000	1159.000000	955.000000
1.000000	157.000000	157.000000	277.000000	277.000000	261.000000	1.000000	165.000000	381.000000	357.000000	551.000000	549.000000	757.000000	517.000000	1.000000	1.000000	296.000000	681.000000	1169.000000	169.000000	1.000000
1.000000	1.000000	177.000000	1.000000	1.000000	357.000000	359.000000	218.000000	184.000000	1.000000	1.000000	1.000000	1.000000	1.000000	1.000000	1.000000	567.000000	1031.000000	311.000000	1.000000	357.000000
141.000000	366.000000	285.000000	163.000000	337.000000	179.000000	175.000000	1.000000	205.000000	1.000000	1.000000	1.000000	1.000000	1.000000	1.000000	1.000000	219.000000	1.000000	1.000000	1.000000	158.000000
151.000000	279.000000	447.000000	163.000000	182.000000	183.000000	433.000000	578.000000	484.000000	473.000000	803.000000	784.000000	989.000000	943.000000	662.000000	1.000000	1.000000	1.000000	1.000000	141.000000	217.000000
143.000000	143.000000	151.000000	151.000000	1.000000	1.000000	309.000000	1364.000000	1855.000000	1765.000000	1956.000000	1818.000000	1711.000000	1418.000000	887.000000	1.000000	1.000000	167.000000	334.000000	307.000000	631.000000
1.000000	1.000000	1.000000	1.000000	1.000000	1.000000	1.000000	247.000000	491.000000	821.000000	905.000000	954.000000	925.000000	669.000000	1.000000	1.000000	1.000000	177.000000	1.000000	1.000000	305.000000
1.000000	1.000000	1.000000	1.000000	1.000000	1.000000	1.000000	1.000000	1.000000	159.000000	1.000000	347.000000	1.000000	1.000000	1.000000	1.000000	1.000000	1.000000	1.000000	1.000000	1.000000
1.000000	1.000000	1.000000	1.000000	1.000000	1.000000	1.000000	1.000000	1.000000	1.000000	1.000000	1.000000	1.000000	1.000000	1.000000	1.000000	1.000000	1.000000	1.000000	1.000000	1.000000
