21 25 0
1.000000	1.000000	1649.000000	2551.000000	213.000000	1.000000	277.000000	1370.000000	1326.000000	385.000000	964.000000	1.000000	1.000000	181.000000	629.000000	824.000000	1458.000000	1.000000	1.000000	1.000000	256.000000
1.000000	1255.000000	2943.000000	1181.000000	235.000000	1.000000	563.000000	395.000000	333.000000	1.000000	1.000000	1.000000	894.000000	861.000000	1923.000000	640.000000	1.000000	1.000000	649.000000	462.000000	1.000000
1.000000	903.000000	681.000000	1.000000	1.000000	191.000000	177.000000	223.000000	1.000000	1.000000	1.000000	710.000000	1011.000000	1291.000000	1.000000	1.000000	1.000000	423.000000	1.000000	339.000000	1.000000
1.000000	1234.000000	271.000000	1.000000	1.000000	1.000000	1.000000	1.000000	1.000000	1.000000	1.000000	1.000000	1.000000	1.000000	1.000000	1.000000	1015.000000	383.000000	378.000000	413.000000	1.000000
1.000000	759.000000	889.000000	1.000000	1.000000	1.000000	437.000000	641.000000	1.000000	1.000000	1.000000	1.000000	1.000000	441.000000	495.000000	420.000000	820.000000	573.000000	1.000000	1.000000	1.000000
1.000000	927.000000	869.000000	1.000000	1.000000	808.000000	1799.000000	407.000000	1.000000	1.000000	1.000000	161.000000	1118.000000	2495.000000	2421.000000	1193.000000	1.000000	167.000000	1.000000	1.000000	1.000000
1.000000	484.000000	399.000000	1.000000	457.000000	917.000000	1757.000000	299.000000	1.000000	361.000000	1.000000	891.000000	3015.000000	3016.000000	437.000000	1.000000	1.000000	1.000000	1.000000	562.000000	1.000000
133.000000	341.000000	1.000000	1.000000	285.000000	725.000000	513.000000	193.000000	1.000000	1.000000	1.000000	1803.000000	1459.000000	1.000000	1.000000	375.000000	1.000000	1.000000	349.000000	297.000000	333.000000
575.000000	583.000000	229.000000	1.000000	165.000000	953.000000	1.000000	1.000000	475.000000	1.000000	1.000000	1098.000000	1.000000	1.000000	331.000000	1.000000	289.000000	1.000000	1.000000	1.000000	379.000000
189.000000	229.000000	1.000000	1.000000	1.000000	1.000000	1.000000	1.000000	157.000000	1.000000	1.000000	663.000000	1.000000	1.000000	1.000000	1.000000	203.000000	1.000000	1.000000	1170.000000	1157.000000
191.000000	1.000000	1.000000	1.000000	1.000000	283.000000	721.000000	1.000000	450.000000	1.000000	453.000000	351.000000	1.000000	1.000000	1.000000	1.000000	1.000000	1.000000	1763.000000	2568.000000	853.000000
1.000000	1.000000	489.000000	1.000000	801.000000	313.000000	384.000000	1.000000	553.000000	1.000000	345.000000	2028.000000	1.000000	1.000000	1.000000	781.000000	644.000000	1180.000000	2268.000000	1049.000000	1.000000
1.000000	489.000000	1.000000	1.000000	611.000000	384.000000	1.000000	679.000000	1.000000	1.000000	1963.000000	2564.000000	1.000000	1.000000	137.000000	1753.000000	1688.000000	1076.000000	771.000000	223.000000	383.000000
1.000000	1.000000	1.000000	1.000000	1.000000	165.000000	1.000000	325.000000	352.000000	1296.000000	2708.000000	1509.000000	1.000000	1.000000	437.000000	1881.000000	825.000000	1.000000	1.000000	1.000000	465.000000
1.000000	443.000000	954.000000	217.000000	1.000000	1.000000	1.000000	1.000000	253.000000	773.000000	1.000000	1.000000	1.000000	1.000000	1063.000000	805.000000	1.000000	1.000000	1.000000	399.000000	1169.000000
1.000000	445.000000	1.000000	409.000000	1.000000	1.000000	1.000000	335.000000	456.000000	1.000000	1.000000	1.000000	327.000000	958.000000	1839.000000	385.000000	1.000000	1.000000	597.000000	1177.000000	443.000000
1.000000	1.000000	295.000000	1.000000	1.000000	1.000000	265.000000	725.000000	1021.000000	369.000000	1.000000	491.000000	1634.000000	1773.000000	1095.000000	1.000000	1.000000	587.000000	1049.000000	1247.000000	281.000000
1.000000	1.000000	1.000000	1.000000	1.000000	1.000000	307.000000	757.000000	615.000000	1.000000	343.000000	177.000000	1.000000	1.000000	1.000000	1.000000	277.000000	1131.000000	1641.000000	253.000000	394.000000
1.000000	1.000000	177.000000	173.000000	1.000000	1.000000	1.000000	1.000000	1.000000	359.000000	1.000000	1.000000	1.000000	1.000000	1.000000	161.000000	539.000000	1426.000000	539.000000	203.000000	475.000000
1.000000	76.000000	465.000000	165.000000	195.000000	1.000000	269.000000	1.000000	1.000000	1.000000	1.000000	1.000000	1.000000	1.000000	233.000000	275.000000	467.000000	449.000000	457.000000	141.000000	552.000000
1.000000	279.000000	473.000000	455.000000	1.000000	183.000000	1.000000	243.000000	179.000000	281.000000	1.000000	263.000000	378.000000	783.000000	1297.000000	714.000000	1.000000	1.000000	967.000000	141.000000	445.000000
145.000000	157.000000	364.000000	249.000000	151.000000	1.000000	225.000000	179.000000	786.000000	1054.000000	460.000000	913.000000	896.000000	941.000000	989.000000	1.000000	1.000000	1119.000000	1.000000	149.000000	600.000000
157.000000	1.000000	139.000000	145.000000	1.000000	1.000000	209.000000	313.000000	269.000000	209.000000	407.000000	513.000000	451.000000	675.000000	1.000000	1.000000	671.000000	423.000000	185.000000	1.000000	304.000000
1.000000	153.000000	1.000000	1.000000	1.000000	209.000000	1.000000	1.000000	1.000000	1.000000	1.000000	1.000000	1.000000	1.000000	165.000000	1.000000	135.000000	1.000000	1.000000	1.000000	149.000000
1.000000	1.000000	1.000000	1.000000	1.000000	1.000000	1.000000	1.000000	1.000000	1.000000	1.000000	1.000000	1.000000	1.000000	1.000000	1.000000	1.000000	1.000000	1.000000	1.000000	1.000000
