21 25 0
1.000000	1.000000	1.000000	1.000000	1.000000	1.000000	1.000000	361.000000	1279.000000	918.000000	343.000000	1.000000	1.000000	1.000000	1.000000	1.000000	1.000000	461.000000	1969.000000	1216.000000	1.000000
1.000000	1.000000	171.000000	1.000000	1.000000	271.000000	1.000000	1.000000	537.000000	761.000000	235.000000	287.000000	1.000000	1.000000	369.000000	923.000000	1.000000	1.000000	1467.000000	2629.000000	535.000000
1.000000	961.000000	727.000000	341.000000	235.000000	1174.000000	901.000000	229.000000	1.000000	1.000000	441.000000	513.000000	1.000000	1.000000	1.000000	1465.000000	2522.000000	1.000000	1.000000	1311.000000	1333.000000
1.000000	451.000000	2050.000000	1.000000	1.000000	1087.000000	2309.000000	1521.000000	217.000000	1.000000	235.000000	2085.000000	1497.000000	181.000000	1.000000	315.000000	2605.000000	2009.000000	1.000000	1.000000	723.000000
1.000000	415.000000	155.000000	1.000000	1.000000	191.000000	1207.000000	1864.000000	1605.000000	364.000000	1.000000	1141.000000	2026.000000	1237.000000	1.000000	1.000000	764.000000	2632.000000	1433.000000	1.000000	1.000000
1.000000	541.000000	417.000000	1.000000	505.000000	1.000000	1.000000	1.000000	227.000000	405.000000	1.000000	1.000000	1.000000	1.000000	1.000000	1.000000	1.000000	605.000000	2237.000000	897.000000	207.000000
562.000000	525.000000	791.000000	1.000000	240.000000	917.000000	713.000000	1.000000	1.000000	1.000000	271.000000	1.000000	1.000000	1.000000	1.000000	1.000000	171.000000	185.000000	1264.000000	971.000000	355.000000
343.000000	518.000000	525.000000	1.000000	1.000000	1273.000000	339.000000	776.000000	1.000000	1.000000	1.000000	1727.000000	293.000000	301.000000	503.000000	1.000000	1.000000	1.000000	1643.000000	1424.000000	459.000000
1.000000	1.000000	457.000000	1088.000000	1.000000	1101.000000	1351.000000	704.000000	1735.000000	1.000000	1.000000	1409.000000	772.000000	1809.000000	1351.000000	751.000000	1.000000	1.000000	1093.000000	1772.000000	642.000000
173.000000	1.000000	1.000000	405.000000	1301.000000	1026.000000	619.000000	471.000000	1.000000	1.000000	1.000000	605.000000	1.000000	834.000000	1360.000000	1290.000000	245.000000	1.000000	859.000000	1535.000000	367.000000
957.000000	695.000000	163.000000	503.000000	527.000000	391.000000	341.000000	1.000000	1.000000	1.000000	1.000000	347.000000	1.000000	307.000000	858.000000	265.000000	1.000000	1.000000	1.000000	507.000000	269.000000
820.000000	1259.000000	367.000000	1.000000	397.000000	1.000000	1.000000	541.000000	1.000000	1.000000	873.000000	2301.000000	183.000000	1.000000	541.000000	1.000000	1.000000	1.000000	1.000000	397.000000	1.000000
1.000000	1425.000000	1347.000000	499.000000	401.000000	309.000000	1.000000	421.000000	1.000000	1.000000	385.000000	1616.000000	267.000000	1.000000	1.000000	198.000000	1.000000	1.000000	1.000000	175.000000	329.000000
1.000000	1087.000000	1943.000000	687.000000	333.000000	1.000000	1.000000	669.000000	1426.000000	1.000000	1.000000	1.000000	1.000000	1.000000	1.000000	899.000000	399.000000	1.000000	1.000000	1.000000	1.000000
1.000000	1.000000	609.000000	941.000000	573.000000	87.000000	1.000000	677.000000	2617.000000	2176.000000	1.000000	155.000000	253.000000	1.000000	1013.000000	1004.000000	462.000000	234.000000	177.000000	1.000000	1.000000
146.000000	1.000000	157.000000	167.000000	338.000000	182.000000	1.000000	193.000000	913.000000	1835.000000	1217.000000	919.000000	579.000000	1.000000	435.000000	661.000000	167.000000	233.000000	305.000000	1.000000	1.000000
444.000000	285.000000	175.000000	323.000000	167.000000	525.000000	90.000000	199.000000	1.000000	1.000000	1.000000	1.000000	1.000000	1.000000	1.000000	1.000000	1.000000	455.000000	567.000000	223.000000	505.000000
496.000000	580.000000	745.000000	315.000000	163.000000	233.000000	662.000000	205.000000	380.000000	294.000000	1.000000	1.000000	1.000000	1.000000	1.000000	1.000000	1.000000	205.000000	1.000000	1.000000	1.000000
281.000000	143.000000	718.000000	615.000000	151.000000	1.000000	325.000000	780.000000	725.000000	752.000000	239.000000	543.000000	1.000000	1.000000	199.000000	1.000000	1.000000	448.000000	441.000000	1.000000	218.000000
145.000000	143.000000	143.000000	411.000000	167.000000	1.000000	1.000000	683.000000	1239.000000	460.000000	697.000000	720.000000	246.000000	1.000000	195.000000	1.000000	193.000000	521.000000	343.000000	441.000000	1.000000
157.000000	153.000000	1.000000	139.000000	319.000000	1.000000	1.000000	229.000000	1009.000000	689.000000	355.000000	465.000000	437.000000	171.000000	536.000000	1.000000	207.000000	880.000000	193.000000	377.000000	1.000000
308.000000	157.000000	325.000000	511.000000	184.000000	369.000000	306.000000	177.000000	1.000000	280.000000	1.000000	1.000000	1.000000	1.000000	1.000000	1.000000	669.000000	506.000000	1027.000000	203.000000	203.000000
465.000000	468.000000	471.000000	1.000000	1.000000	269.000000	629.000000	1.000000	1.000000	1.000000	1.000000	1.000000	1.000000	1.000000	1.000000	1.000000	1.000000	840.000000	1068.000000	337.000000	1.000000
1.000000	1.000000	153.000000	1.000000	1.000000	1.000000	449.000000	241.000000	153.000000	171.000000	1.000000	1.000000	1.000000	1.000000	1.000000	1.000000	1.000000	183.000000	293.000000	363.000000	1.000000
1.000000	1.000000	1.000000	1.000000	1.000000	1.000000	1.000000	1.000000	1.000000	1.000000	1.000000	1.000000	1.000000	1.000000	1.000000	1.000000	1.000000	1.000000	1.000000	1.000000	1.000000
