21 25 0
189.000000	873.000000	191.000000	1.000000	385.000000	467.000000	1.000000	1.000000	1.000000	1.000000	185.000000	801.000000	1596.000000	1943.000000	1112.000000	1.000000	1.000000	1.000000	1.000000	1.000000	1.000000
517.000000	209.000000	1.000000	385.000000	2270.000000	1345.000000	1.000000	1.000000	1.000000	171.000000	1059.000000	801.000000	1056.000000	1.000000	153.000000	493.000000	1.000000	417.000000	1.000000	1.000000	165.000000
173.000000	1.000000	1.000000	1820.000000	2435.000000	789.000000	1.000000	1.000000	1.000000	1.000000	1.000000	1.000000	171.000000	391.000000	1259.000000	1784.000000	608.000000	1.000000	1.000000	1.000000	333.000000
1.000000	1.000000	1.000000	1850.000000	1375.000000	790.000000	1.000000	1.000000	209.000000	442.000000	844.000000	889.000000	1043.000000	2137.000000	2071.000000	641.000000	1.000000	1.000000	1.000000	1.000000	299.000000
1.000000	1.000000	1.000000	673.000000	1381.000000	260.000000	1.000000	1.000000	924.000000	1437.000000	1506.000000	1686.000000	1491.000000	1266.000000	1.000000	1.000000	1.000000	1.000000	1.000000	1.000000	1.000000
1.000000	1.000000	1.000000	293.000000	215.000000	1.000000	1.000000	1.000000	1.000000	1.000000	1.000000	1.000000	1.000000	1.000000	1.000000	503.000000	1.000000	1.000000	1.000000	1.000000	1.000000
1.000000	1.000000	1.000000	493.000000	735.000000	1.000000	1.000000	1.000000	1.000000	1.000000	1.000000	1.000000	1.000000	157.000000	505.000000	732.000000	451.000000	1.000000	1.000000	1.000000	1.000000
1.000000	1.000000	329.000000	894.000000	1167.000000	1.000000	1.000000	487.000000	1.000000	837.000000	1894.000000	1.000000	161.000000	415.000000	1.000000	1183.000000	665.000000	1.000000	189.000000	1.000000	305.000000
1.000000	1.000000	1191.000000	875.000000	911.000000	443.000000	1299.000000	919.000000	1.000000	2773.000000	2421.000000	1.000000	585.000000	959.000000	567.000000	333.000000	371.000000	612.000000	803.000000	314.000000	329.000000
1.000000	255.000000	1579.000000	1117.000000	363.000000	792.000000	578.000000	1.000000	321.000000	2870.000000	1.000000	1.000000	787.000000	359.000000	551.000000	504.000000	1075.000000	1985.000000	636.000000	1.000000	507.000000
1.000000	1.000000	365.000000	875.000000	498.000000	1.000000	1.000000	1.000000	1.000000	908.000000	1.000000	1.000000	1.000000	226.000000	1.000000	188.000000	351.000000	719.000000	277.000000	507.000000	889.000000
1.000000	1.000000	1.000000	351.000000	251.000000	1.000000	185.000000	1.000000	643.000000	2373.000000	1.000000	1.000000	1.000000	1275.000000	1.000000	1.000000	1.000000	1.000000	1.000000	463.000000	1713.000000
187.000000	503.000000	351.000000	1.000000	1.000000	1.000000	367.000000	390.000000	581.000000	989.000000	1.000000	1.000000	1.000000	1352.000000	1.000000	1.000000	1.000000	1.000000	345.000000	1032.000000	2060.000000
471.000000	1.000000	1.000000	1.000000	1.000000	201.000000	648.000000	674.000000	1.000000	1.000000	1.000000	1.000000	841.000000	1388.000000	1.000000	1.000000	1.000000	1032.000000	797.000000	955.000000	1283.000000
1.000000	1.000000	333.000000	145.000000	394.000000	639.000000	1098.000000	135.000000	359.000000	794.000000	397.000000	1222.000000	2293.000000	1159.000000	1.000000	1.000000	773.000000	1035.000000	407.000000	559.000000	255.000000
1.000000	1.000000	1.000000	205.000000	318.000000	479.000000	185.000000	1.000000	1.000000	279.000000	1556.000000	1247.000000	241.000000	1.000000	1.000000	1.000000	911.000000	1005.000000	539.000000	1.000000	1.000000
1.000000	1.000000	1.000000	319.000000	281.000000	611.000000	1.000000	1.000000	1.000000	1.000000	1.000000	1.000000	1.000000	1.000000	1.000000	327.000000	1392.000000	715.000000	1.000000	161.000000	470.000000
74.000000	1.000000	1.000000	1.000000	149.000000	155.000000	1.000000	1.000000	358.000000	1.000000	1.000000	1.000000	1.000000	243.000000	153.000000	1152.000000	1181.000000	163.000000	163.000000	546.000000	297.000000
1.000000	1.000000	1.000000	1.000000	1.000000	1.000000	1.000000	1.000000	355.000000	465.000000	1.000000	1159.000000	1095.000000	699.000000	414.000000	968.000000	333.000000	1.000000	343.000000	890.000000	521.000000
1.000000	1.000000	1.000000	1.000000	251.000000	1.000000	235.000000	158.000000	153.000000	1.000000	1005.000000	1245.000000	487.000000	552.000000	195.000000	1.000000	171.000000	531.000000	520.000000	351.000000	357.000000
1.000000	1.000000	151.000000	401.000000	1.000000	235.000000	443.000000	993.000000	807.000000	1.000000	797.000000	1.000000	223.000000	197.000000	1.000000	377.000000	392.000000	425.000000	137.000000	171.000000	1.000000
1.000000	1.000000	1.000000	353.000000	453.000000	699.000000	571.000000	503.000000	1.000000	1.000000	1.000000	1.000000	1.000000	179.000000	377.000000	925.000000	730.000000	1.000000	149.000000	1.000000	1.000000
1.000000	1.000000	257.000000	380.000000	794.000000	1021.000000	1.000000	1.000000	1.000000	1.000000	1.000000	1.000000	159.000000	560.000000	641.000000	789.000000	1.000000	1.000000	367.000000	1.000000	1.000000
1.000000	1.000000	139.000000	407.000000	809.000000	265.000000	1.000000	1.000000	1.000000	1.000000	1.000000	215.000000	189.000000	205.000000	423.000000	1.000000	1.000000	1.000000	1.000000	1.000000	1.000000
1.000000	1.000000	1.000000	1.000000	1.000000	1.000000	1.000000	1.000000	1.000000	1.000000	1.000000	1.000000	1.000000	1.000000	1.000000	1.000000	1.000000	1.000000	1.000000	1.000000	1.000000
