21 25 0
195.000000	1.000000	1.000000	827.000000	1299.000000	649.000000	749.000000	457.000000	1.000000	1.000000	189.000000	1.000000	303.000000	1.000000	1.000000	1.000000	255.000000	243.000000	1.000000	163.000000	1852.000000
265.000000	1.000000	427.000000	255.000000	1018.000000	368.000000	712.000000	1099.000000	209.000000	1.000000	1.000000	1.000000	307.000000	441.000000	1.000000	1.000000	939.000000	2741.000000	295.000000	1.000000	1075.000000
1.000000	1.000000	1.000000	1347.000000	437.000000	250.000000	385.000000	877.000000	1025.000000	197.000000	1.000000	1.000000	1.000000	307.000000	393.000000	1.000000	1.000000	831.000000	2297.000000	295.000000	289.000000
229.000000	227.000000	1.000000	1262.000000	467.000000	1.000000	1.000000	1.000000	321.000000	395.000000	1.000000	1.000000	1.000000	1.000000	1.000000	698.000000	1.000000	1.000000	1604.000000	1393.000000	536.000000
217.000000	382.000000	1.000000	480.000000	1417.000000	1452.000000	683.000000	1.000000	1.000000	1.000000	1.000000	1.000000	1.000000	1.000000	1.000000	827.000000	1.000000	1.000000	1.000000	1184.000000	707.000000
1.000000	219.000000	172.000000	412.000000	1333.000000	1285.000000	1097.000000	1633.000000	593.000000	1.000000	261.000000	919.000000	511.000000	1.000000	1.000000	373.000000	1051.000000	1.000000	1.000000	1.000000	521.000000
1.000000	1.000000	1.000000	357.000000	1.000000	299.000000	941.000000	1327.000000	2766.000000	1569.000000	1.000000	505.000000	1710.000000	1493.000000	1547.000000	1920.000000	249.000000	505.000000	254.000000	1.000000	239.000000
1.000000	1.000000	1.000000	977.000000	905.000000	1.000000	1.000000	1.000000	757.000000	2982.000000	1.000000	1.000000	1.000000	1.000000	1387.000000	1839.000000	1664.000000	227.000000	227.000000	1.000000	1.000000
1.000000	1.000000	1.000000	509.000000	351.000000	1.000000	1.000000	1.000000	1.000000	465.000000	149.000000	1.000000	1.000000	1.000000	1.000000	981.000000	1508.000000	585.000000	1.000000	369.000000	361.000000
1.000000	703.000000	369.000000	511.000000	891.000000	1.000000	1.000000	249.000000	1.000000	1.000000	1.000000	1.000000	1.000000	1.000000	1.000000	1.000000	1.000000	1.000000	1.000000	1.000000	1.000000
1.000000	1.000000	1852.000000	1808.000000	511.000000	662.000000	1.000000	1.000000	1.000000	1.000000	1.000000	1.000000	1896.000000	713.000000	1.000000	1.000000	1.000000	1.000000	173.000000	1.000000	443.000000
1.000000	1.000000	1185.000000	2217.000000	1087.000000	73.000000	301.000000	1.000000	1.000000	321.000000	1.000000	1.000000	1486.000000	1789.000000	490.000000	207.000000	408.000000	936.000000	361.000000	182.000000	507.000000
389.000000	1.000000	1.000000	1243.000000	1102.000000	1312.000000	392.000000	1.000000	914.000000	2521.000000	572.000000	1.000000	295.000000	1551.000000	259.000000	1.000000	617.000000	1242.000000	275.000000	1.000000	661.000000
951.000000	817.000000	343.000000	201.000000	229.000000	957.000000	946.000000	1.000000	481.000000	2572.000000	2598.000000	1.000000	287.000000	219.000000	1.000000	1.000000	1.000000	147.000000	546.000000	1.000000	421.000000
1192.000000	1577.000000	429.000000	345.000000	1.000000	1.000000	538.000000	496.000000	1.000000	1.000000	1.000000	1.000000	438.000000	1.000000	1.000000	1.000000	1.000000	191.000000	251.000000	1444.000000	1149.000000
275.000000	629.000000	1453.000000	368.000000	241.000000	173.000000	801.000000	1604.000000	736.000000	1.000000	1.000000	1.000000	1.000000	751.000000	490.000000	1.000000	1.000000	1.000000	1.000000	977.000000	1585.000000
1.000000	275.000000	267.000000	923.000000	1165.000000	187.000000	225.000000	1371.000000	1613.000000	870.000000	329.000000	335.000000	675.000000	236.000000	803.000000	416.000000	200.000000	1.000000	1.000000	389.000000	477.000000
1.000000	1.000000	1.000000	299.000000	1312.000000	675.000000	169.000000	1.000000	1.000000	981.000000	501.000000	413.000000	579.000000	791.000000	1.000000	575.000000	389.000000	1.000000	1.000000	1.000000	169.000000
1.000000	1.000000	1.000000	1.000000	475.000000	1129.000000	185.000000	217.000000	1.000000	1.000000	1.000000	1.000000	1.000000	1.000000	1.000000	155.000000	329.000000	206.000000	94.000000	1.000000	161.000000
1.000000	369.000000	1.000000	249.000000	219.000000	593.000000	946.000000	187.000000	251.000000	1.000000	1.000000	1.000000	1.000000	1.000000	1.000000	1.000000	771.000000	1.000000	163.000000	495.000000	159.000000
1.000000	1.000000	1.000000	1.000000	249.000000	245.000000	1133.000000	1059.000000	1.000000	253.000000	439.000000	201.000000	223.000000	229.000000	1.000000	1.000000	143.000000	151.000000	161.000000	478.000000	321.000000
1.000000	1.000000	1.000000	1.000000	1.000000	1.000000	309.000000	1539.000000	1329.000000	519.000000	910.000000	882.000000	237.000000	369.000000	179.000000	1.000000	149.000000	171.000000	151.000000	761.000000	329.000000
1.000000	1.000000	1.000000	1.000000	1.000000	1.000000	1.000000	309.000000	455.000000	181.000000	557.000000	563.000000	469.000000	181.000000	1.000000	535.000000	161.000000	1.000000	1.000000	157.000000	311.000000
1.000000	1.000000	1.000000	1.000000	1.000000	1.000000	1.000000	1.000000	1.000000	1.000000	1.000000	1.000000	147.000000	1.000000	1.000000	1.000000	1.000000	1.000000	1.000000	1.000000	1.000000
1.000000	1.000000	1.000000	1.000000	1.000000	1.000000	1.000000	1.000000	1.000000	1.000000	1.000000	1.000000	1.000000	1.000000	1.000000	1.000000	1.000000	1.000000	1.000000	1.000000	1.000000
