21 25 0
968.000000	1285.000000	526.000000	1.000000	1.000000	1.000000	684.000000	1397.000000	1751.000000	1768.000000	1050.000000	381.000000	219.000000	619.000000	1093.000000	995.000000	264.000000	1.000000	786.000000	477.000000	209.000000
1.000000	1.000000	1.000000	1.000000	1.000000	1.000000	153.000000	221.000000	257.000000	235.000000	1.000000	1.000000	1.000000	1.000000	1.000000	276.000000	410.000000	1.000000	818.000000	954.000000	1.000000
228.000000	1.000000	1.000000	529.000000	247.000000	1.000000	1.000000	1.000000	257.000000	1.000000	143.000000	317.000000	153.000000	1.000000	1.000000	1.000000	339.000000	339.000000	301.000000	197.000000	221.000000
301.000000	246.000000	246.000000	1039.000000	1446.000000	2031.000000	2382.000000	2545.000000	2600.000000	2064.000000	1973.000000	2296.000000	1699.000000	1147.000000	1172.000000	642.000000	1.000000	903.000000	684.000000	349.000000	349.000000
278.000000	508.000000	1172.000000	1118.000000	1204.000000	549.000000	331.000000	397.000000	437.000000	533.000000	907.000000	1579.000000	812.000000	1145.000000	1350.000000	708.000000	1.000000	247.000000	1.000000	833.000000	1201.000000
1.000000	395.000000	463.000000	231.000000	231.000000	1.000000	1.000000	1.000000	1.000000	1.000000	1.000000	1.000000	1.000000	1.000000	419.000000	388.000000	1.000000	1.000000	1.000000	1.000000	1.000000
1.000000	1.000000	1.000000	1.000000	202.000000	1991.000000	1670.000000	1559.000000	1139.000000	636.000000	311.000000	1.000000	1029.000000	1521.000000	1491.000000	1229.000000	932.000000	1.000000	1.000000	1.000000	370.000000
1.000000	1.000000	1.000000	1.000000	261.000000	343.000000	341.000000	341.000000	1458.000000	1185.000000	455.000000	860.000000	2996.000000	2643.000000	1937.000000	761.000000	537.000000	298.000000	140.000000	1.000000	285.000000
1.000000	763.000000	599.000000	1.000000	184.000000	167.000000	487.000000	399.000000	1.000000	1.000000	1.000000	437.000000	1.000000	1.000000	1.000000	1.000000	1.000000	179.000000	223.000000	1.000000	1.000000
243.000000	396.000000	140.000000	140.000000	348.000000	1907.000000	2313.000000	1675.000000	1.000000	449.000000	1748.000000	971.000000	1.000000	769.000000	1523.000000	1407.000000	1098.000000	1.000000	1.000000	1.000000	184.000000
343.000000	731.000000	659.000000	1.000000	1.000000	389.000000	389.000000	325.000000	1.000000	332.000000	1594.000000	1329.000000	794.000000	997.000000	1061.000000	958.000000	229.000000	202.000000	303.000000	185.000000	1.000000
1.000000	1.000000	247.000000	161.000000	459.000000	161.000000	1.000000	1.000000	1.000000	1.000000	321.000000	347.000000	1.000000	1.000000	1.000000	1.000000	1.000000	843.000000	871.000000	1.000000	445.000000
1.000000	1.000000	425.000000	577.000000	580.000000	837.000000	1166.000000	1121.000000	1.000000	168.000000	352.000000	301.000000	1.000000	338.000000	937.000000	905.000000	314.000000	1.000000	1.000000	799.000000	423.000000
639.000000	807.000000	1.000000	1.000000	678.000000	1263.000000	1640.000000	1779.000000	2975.000000	3318.000000	3409.000000	3476.000000	3229.000000	2545.000000	2125.000000	1624.000000	179.000000	1.000000	289.000000	968.000000	1.000000
1.000000	1.000000	1.000000	1.000000	1.000000	447.000000	351.000000	144.000000	335.000000	461.000000	889.000000	759.000000	1328.000000	422.000000	1.000000	1.000000	205.000000	1.000000	321.000000	499.000000	143.000000
1.000000	1.000000	523.000000	707.000000	157.000000	1.000000	1.000000	1.000000	1.000000	1.000000	1.000000	1.000000	1.000000	1.000000	1.000000	1.000000	319.000000	504.000000	368.000000	415.000000	721.000000
489.000000	1.000000	250.000000	1.000000	1.000000	1.000000	1.000000	781.000000	1812.000000	2249.000000	2874.000000	2132.000000	1412.000000	1068.000000	357.000000	153.000000	1.000000	1.000000	1.000000	1.000000	392.000000
170.000000	1.000000	1.000000	159.000000	1.000000	157.000000	915.000000	2002.000000	2244.000000	871.000000	361.000000	1095.000000	2208.000000	2969.000000	920.000000	1.000000	1.000000	1.000000	1.000000	157.000000	325.000000
175.000000	155.000000	1.000000	1.000000	1.000000	197.000000	1.000000	1.000000	185.000000	567.000000	419.000000	253.000000	151.000000	161.000000	1.000000	1.000000	1.000000	1.000000	153.000000	152.000000	76.000000
310.000000	167.000000	1.000000	1.000000	1.000000	443.000000	785.000000	750.000000	1443.000000	2296.000000	2554.000000	2220.000000	1153.000000	664.000000	1.000000	150.000000	1.000000	188.000000	1.000000	153.000000	153.000000
1.000000	1.000000	1.000000	480.000000	1.000000	1.000000	406.000000	972.000000	1293.000000	1505.000000	1489.000000	1310.000000	923.000000	623.000000	196.000000	1.000000	1.000000	1.000000	1.000000	1.000000	157.000000
658.000000	171.000000	525.000000	447.000000	279.000000	1.000000	1.000000	1.000000	172.000000	1.000000	1.000000	1.000000	1.000000	1.000000	1.000000	481.000000	1.000000	1.000000	280.000000	1388.000000	1398.000000
1.000000	641.000000	1.000000	169.000000	455.000000	475.000000	193.000000	1.000000	1.000000	225.000000	797.000000	667.000000	381.000000	195.000000	185.000000	813.000000	929.000000	463.000000	151.000000	1.000000	1253.000000
1.000000	1.000000	153.000000	1.000000	1.000000	458.000000	410.000000	1.000000	1.000000	500.000000	850.000000	489.000000	179.000000	1.000000	1.000000	1.000000	599.000000	423.000000	1.000000	221.000000	318.000000
1.000000	1.000000	1.000000	1.000000	1.000000	1.000000	1.000000	1.000000	1.000000	1.000000	1.000000	1.000000	1.000000	1.000000	1.000000	1.000000	1.000000	1.000000	1.000000	1.000000	1.000000
