21 25 0
1.000000	1.000000	1.000000	1208.000000	1361.000000	255.000000	1.000000	1.000000	1.000000	1.000000	1.000000	1.000000	653.000000	428.000000	1.000000	1.000000	1.000000	275.000000	1.000000	1.000000	146.000000
159.000000	728.000000	1903.000000	808.000000	433.000000	830.000000	1685.000000	1844.000000	1777.000000	1499.000000	780.000000	535.000000	264.000000	185.000000	145.000000	1.000000	1.000000	1.000000	1.000000	309.000000	1.000000
179.000000	237.000000	759.000000	437.000000	949.000000	1705.000000	1395.000000	1174.000000	1002.000000	347.000000	189.000000	197.000000	82.000000	962.000000	1104.000000	571.000000	1.000000	1.000000	162.000000	1.000000	1.000000
1.000000	1.000000	1.000000	1.000000	1.000000	1.000000	1.000000	1.000000	1.000000	1.000000	1.000000	1.000000	1.000000	213.000000	365.000000	419.000000	1.000000	1.000000	1.000000	1.000000	247.000000
1.000000	1.000000	1.000000	1.000000	519.000000	527.000000	1314.000000	1415.000000	1056.000000	146.000000	159.000000	169.000000	476.000000	1266.000000	1225.000000	673.000000	484.000000	1.000000	1.000000	174.000000	271.000000
1.000000	1.000000	1.000000	1137.000000	1461.000000	1691.000000	2125.000000	2822.000000	3140.000000	2814.000000	2410.000000	2582.000000	2673.000000	3032.000000	2866.000000	1113.000000	630.000000	601.000000	602.000000	1.000000	249.000000
336.000000	1800.000000	1753.000000	827.000000	559.000000	357.000000	393.000000	405.000000	441.000000	359.000000	579.000000	1123.000000	1115.000000	1075.000000	405.000000	327.000000	521.000000	437.000000	1.000000	287.000000	649.000000
700.000000	972.000000	705.000000	191.000000	174.000000	887.000000	1320.000000	297.000000	1.000000	1.000000	1.000000	1.000000	174.000000	395.000000	617.000000	924.000000	1.000000	1.000000	1209.000000	1209.000000	1.000000
1.000000	670.000000	1.000000	1.000000	1.000000	481.000000	448.000000	190.000000	175.000000	775.000000	1.000000	193.000000	489.000000	996.000000	1254.000000	608.000000	213.000000	1.000000	1.000000	237.000000	1.000000
1.000000	1.000000	1.000000	1.000000	1.000000	1.000000	1.000000	1.000000	1.000000	1.000000	1.000000	1.000000	1.000000	1.000000	1.000000	1.000000	447.000000	1330.000000	683.000000	1.000000	1.000000
491.000000	1.000000	485.000000	633.000000	560.000000	425.000000	445.000000	712.000000	1.000000	1.000000	1.000000	1.000000	1.000000	1.000000	790.000000	538.000000	283.000000	1.000000	1.000000	383.000000	803.000000
415.000000	289.000000	287.000000	1.000000	549.000000	1498.000000	1352.000000	259.000000	269.000000	1726.000000	2213.000000	1881.000000	2242.000000	1418.000000	2015.000000	1703.000000	982.000000	1.000000	1.000000	470.000000	469.000000
1.000000	1.000000	1.000000	1.000000	1.000000	299.000000	1.000000	1.000000	441.000000	2077.000000	2944.000000	2688.000000	1913.000000	185.000000	1.000000	1.000000	1.000000	1.000000	1.000000	501.000000	501.000000
479.000000	1.000000	1.000000	339.000000	515.000000	433.000000	1.000000	1.000000	1.000000	1.000000	339.000000	151.000000	1.000000	1.000000	1.000000	1.000000	1.000000	513.000000	531.000000	984.000000	696.000000
1952.000000	919.000000	1.000000	161.000000	211.000000	341.000000	173.000000	485.000000	1294.000000	1798.000000	1655.000000	447.000000	441.000000	1.000000	1.000000	607.000000	165.000000	164.000000	226.000000	1254.000000	677.000000
1671.000000	1152.000000	537.000000	165.000000	165.000000	239.000000	1154.000000	2200.000000	2981.000000	3003.000000	3365.000000	3486.000000	3388.000000	3026.000000	1457.000000	1.000000	1.000000	1.000000	503.000000	896.000000	237.000000
469.000000	833.000000	513.000000	1.000000	1.000000	185.000000	345.000000	275.000000	461.000000	461.000000	445.000000	467.000000	465.000000	786.000000	422.000000	1.000000	491.000000	1271.000000	1060.000000	552.000000	276.000000
828.000000	1010.000000	457.000000	991.000000	1.000000	1.000000	265.000000	287.000000	313.000000	858.000000	839.000000	296.000000	1.000000	1.000000	1.000000	1.000000	597.000000	1029.000000	1073.000000	265.000000	236.000000
1.000000	505.000000	947.000000	1480.000000	734.000000	1.000000	227.000000	1463.000000	1586.000000	1349.000000	1794.000000	1575.000000	1039.000000	982.000000	968.000000	725.000000	1.000000	1.000000	1.000000	1.000000	166.000000
1.000000	1.000000	1.000000	510.000000	431.000000	1.000000	1.000000	631.000000	537.000000	279.000000	1.000000	1.000000	1.000000	342.000000	503.000000	947.000000	1.000000	1.000000	1.000000	1.000000	157.000000
335.000000	163.000000	1.000000	336.000000	914.000000	509.000000	487.000000	277.000000	325.000000	639.000000	943.000000	1010.000000	475.000000	561.000000	197.000000	407.000000	406.000000	1.000000	1.000000	151.000000	1051.000000
331.000000	1.000000	1.000000	1.000000	1.000000	567.000000	1115.000000	1464.000000	1688.000000	2123.000000	2475.000000	2259.000000	1626.000000	1119.000000	204.000000	204.000000	435.000000	147.000000	151.000000	151.000000	464.000000
1.000000	1.000000	1.000000	1.000000	1.000000	1.000000	413.000000	990.000000	1180.000000	1315.000000	1195.000000	861.000000	740.000000	511.000000	237.000000	1.000000	1.000000	1.000000	1.000000	1.000000	157.000000
1.000000	1.000000	1.000000	1.000000	1.000000	1.000000	1.000000	1.000000	172.000000	146.000000	1.000000	1.000000	1.000000	1.000000	1.000000	1.000000	1.000000	1.000000	1.000000	1.000000	1.000000
1.000000	1.000000	1.000000	1.000000	1.000000	1.000000	1.000000	1.000000	1.000000	1.000000	1.000000	1.000000	1.000000	1.000000	1.000000	1.000000	1.000000	1.000000	1.000000	1.000000	1.000000
