21 25 0
1841.000000	1018.000000	1000.000000	1.000000	1.000000	1.000000	1.000000	1.000000	1.000000	1.000000	988.000000	806.000000	569.000000	413.000000	535.000000	1.000000	1.000000	2297.000000	1014.000000	1.000000	500.000000
2926.000000	779.000000	1.000000	1.000000	1.000000	216.000000	553.000000	225.000000	1.000000	223.000000	430.000000	231.000000	669.000000	389.000000	823.000000	159.000000	1.000000	1918.000000	1540.000000	1.000000	1.000000
1751.000000	632.000000	1.000000	513.000000	1.000000	1.000000	301.000000	1.000000	1.000000	413.000000	408.000000	231.000000	495.000000	193.000000	823.000000	511.000000	1.000000	1109.000000	2159.000000	501.000000	1.000000
1268.000000	1.000000	799.000000	938.000000	1.000000	1.000000	552.000000	1.000000	1.000000	419.000000	234.000000	1.000000	1.000000	1.000000	322.000000	305.000000	1.000000	317.000000	1734.000000	660.000000	1.000000
938.000000	1.000000	806.000000	1055.000000	1.000000	1.000000	1.000000	429.000000	1.000000	1.000000	1.000000	1.000000	1.000000	1.000000	1.000000	151.000000	1.000000	1.000000	1444.000000	805.000000	1.000000
1219.000000	530.000000	215.000000	208.000000	1.000000	269.000000	1.000000	1.000000	296.000000	739.000000	1.000000	1.000000	1.000000	1.000000	1.000000	1.000000	1.000000	503.000000	2052.000000	637.000000	1.000000
817.000000	185.000000	1.000000	1.000000	741.000000	269.000000	1.000000	1.000000	590.000000	1409.000000	1.000000	1.000000	935.000000	1.000000	551.000000	1.000000	1.000000	746.000000	2135.000000	649.000000	1.000000
969.000000	1.000000	417.000000	1028.000000	1121.000000	1.000000	1.000000	1.000000	2179.000000	343.000000	1.000000	1.000000	1827.000000	1.000000	1.000000	1112.000000	1.000000	604.000000	1369.000000	1329.000000	1.000000
212.000000	1.000000	1091.000000	2008.000000	1.000000	1.000000	1.000000	761.000000	2097.000000	1.000000	1.000000	318.000000	2606.000000	1.000000	1.000000	1794.000000	739.000000	1.000000	616.000000	1940.000000	1.000000
589.000000	1.000000	1737.000000	2391.000000	383.000000	1.000000	284.000000	722.000000	874.000000	985.000000	1.000000	275.000000	953.000000	1.000000	1.000000	1701.000000	216.000000	1.000000	1205.000000	2139.000000	176.000000
1116.000000	173.000000	1025.000000	2438.000000	279.000000	1.000000	1.000000	1.000000	1252.000000	2372.000000	1.000000	1.000000	215.000000	326.000000	1.000000	2087.000000	1.000000	1.000000	1641.000000	1895.000000	1.000000
1241.000000	353.000000	933.000000	1563.000000	648.000000	1.000000	1.000000	1.000000	1146.000000	2016.000000	1.000000	1.000000	383.000000	185.000000	585.000000	2038.000000	286.000000	511.000000	1507.000000	1917.000000	1.000000
1671.000000	354.000000	1223.000000	677.000000	605.000000	1.000000	341.000000	511.000000	383.000000	377.000000	1.000000	1.000000	399.000000	811.000000	937.000000	1978.000000	341.000000	203.000000	888.000000	1718.000000	325.000000
1967.000000	329.000000	1021.000000	867.000000	1.000000	1.000000	341.000000	800.000000	1.000000	1.000000	1.000000	477.000000	287.000000	813.000000	349.000000	1.000000	159.000000	163.000000	177.000000	312.000000	259.000000
2134.000000	651.000000	266.000000	823.000000	508.000000	1.000000	160.000000	168.000000	1.000000	481.000000	1.000000	477.000000	1.000000	1.000000	1.000000	1.000000	201.000000	441.000000	478.000000	573.000000	431.000000
1654.000000	831.000000	901.000000	650.000000	669.000000	156.000000	1.000000	1.000000	1.000000	941.000000	1.000000	1.000000	1.000000	183.000000	1.000000	1.000000	543.000000	436.000000	646.000000	501.000000	830.000000
1221.000000	1089.000000	1158.000000	860.000000	164.000000	183.000000	1.000000	1.000000	1.000000	1886.000000	227.000000	1.000000	1.000000	803.000000	1.000000	151.000000	944.000000	1.000000	1.000000	721.000000	881.000000
1229.000000	1288.000000	1267.000000	1567.000000	1.000000	1.000000	329.000000	155.000000	1.000000	921.000000	227.000000	1.000000	1.000000	671.000000	386.000000	1045.000000	777.000000	1.000000	165.000000	1705.000000	663.000000
739.000000	1320.000000	864.000000	1954.000000	614.000000	1.000000	588.000000	391.000000	1.000000	1.000000	723.000000	425.000000	274.000000	303.000000	572.000000	677.000000	583.000000	143.000000	464.000000	1578.000000	567.000000
865.000000	1302.000000	459.000000	1848.000000	927.000000	315.000000	1.000000	224.000000	1.000000	1.000000	1.000000	161.000000	1.000000	461.000000	387.000000	925.000000	727.000000	539.000000	300.000000	774.000000	686.000000
579.000000	1025.000000	266.000000	1407.000000	1153.000000	868.000000	530.000000	807.000000	1.000000	1.000000	1.000000	1.000000	1.000000	435.000000	225.000000	865.000000	964.000000	711.000000	221.000000	637.000000	718.000000
173.000000	614.000000	1135.000000	610.000000	755.000000	855.000000	592.000000	1304.000000	1.000000	1.000000	1.000000	1.000000	451.000000	167.000000	201.000000	1294.000000	614.000000	870.000000	1150.000000	770.000000	496.000000
177.000000	916.000000	1505.000000	445.000000	737.000000	575.000000	318.000000	530.000000	1.000000	1.000000	1.000000	361.000000	724.000000	907.000000	226.000000	1819.000000	435.000000	1488.000000	1793.000000	560.000000	601.000000
173.000000	649.000000	1.000000	1.000000	401.000000	1.000000	1.000000	1.000000	1.000000	1.000000	1.000000	489.000000	165.000000	350.000000	666.000000	602.000000	216.000000	465.000000	168.000000	293.000000	537.000000
1.000000	1.000000	1.000000	1.000000	1.000000	1.000000	1.000000	1.000000	1.000000	1.000000	1.000000	1.000000	1.000000	1.000000	1.000000	1.000000	1.000000	1.000000	1.000000	1.000000	1.000000
