21 25 0
1.000000	1.000000	1.000000	1.000000	1.000000	1.000000	1.000000	397.000000	1060.000000	626.000000	341.000000	1.000000	1.000000	1.000000	973.000000	1483.000000	750.000000	1.000000	803.000000	1253.000000	834.000000
1.000000	1.000000	1.000000	1.000000	1.000000	1.000000	1.000000	1.000000	219.000000	189.000000	1.000000	1.000000	1.000000	1.000000	1.000000	1238.000000	1224.000000	1.000000	178.000000	1264.000000	1009.000000
1.000000	1.000000	1.000000	1.000000	343.000000	149.000000	1.000000	752.000000	1.000000	1.000000	1.000000	166.000000	1.000000	1.000000	1.000000	72.000000	1402.000000	339.000000	1.000000	1550.000000	1216.000000
1.000000	379.000000	1.000000	1.000000	1201.000000	1379.000000	972.000000	2069.000000	2035.000000	1040.000000	788.000000	1280.000000	1286.000000	460.000000	1.000000	1.000000	654.000000	188.000000	1.000000	1135.000000	1182.000000
1.000000	641.000000	1.000000	1.000000	225.000000	281.000000	1.000000	259.000000	261.000000	153.000000	1.000000	1.000000	195.000000	503.000000	507.000000	1.000000	1.000000	189.000000	1.000000	550.000000	1520.000000
1.000000	1.000000	235.000000	1.000000	1.000000	1.000000	1.000000	1.000000	1.000000	1.000000	1.000000	1.000000	1.000000	1.000000	1.000000	1.000000	1.000000	1.000000	1.000000	1.000000	1229.000000
369.000000	1.000000	1.000000	1.000000	1.000000	202.000000	1165.000000	645.000000	1.000000	1.000000	333.000000	1.000000	1.000000	500.000000	1.000000	1.000000	908.000000	1.000000	1.000000	157.000000	763.000000
1.000000	379.000000	1.000000	1.000000	1.000000	1.000000	1.000000	1.000000	1.000000	257.000000	673.000000	380.000000	149.000000	1789.000000	1.000000	1.000000	1218.000000	1162.000000	1.000000	231.000000	641.000000
664.000000	696.000000	1.000000	1.000000	432.000000	387.000000	279.000000	1.000000	1.000000	845.000000	1517.000000	1.000000	1.000000	157.000000	1.000000	1.000000	1.000000	1090.000000	103.000000	413.000000	690.000000
891.000000	851.000000	1.000000	1.000000	1133.000000	1492.000000	1545.000000	179.000000	1.000000	1.000000	1892.000000	1986.000000	1.000000	425.000000	662.000000	1.000000	201.000000	287.000000	179.000000	1.000000	1.000000
586.000000	1740.000000	818.000000	169.000000	415.000000	251.000000	1.000000	1.000000	1.000000	1.000000	1000.000000	1375.000000	297.000000	1.000000	185.000000	215.000000	1465.000000	1171.000000	202.000000	1.000000	1.000000
1.000000	1711.000000	746.000000	633.000000	519.000000	1.000000	1.000000	1.000000	1.000000	1.000000	375.000000	197.000000	1.000000	1.000000	314.000000	1.000000	269.000000	1141.000000	210.000000	1.000000	419.000000
454.000000	481.000000	751.000000	210.000000	357.000000	854.000000	575.000000	1.000000	1.000000	166.000000	1.000000	1.000000	1.000000	402.000000	221.000000	314.000000	1.000000	1.000000	366.000000	1.000000	1311.000000
1057.000000	851.000000	647.000000	1.000000	1.000000	1225.000000	719.000000	647.000000	1179.000000	1745.000000	2405.000000	2246.000000	1954.000000	479.000000	437.000000	883.000000	1.000000	1.000000	590.000000	466.000000	1.000000
284.000000	865.000000	527.000000	354.000000	1.000000	1.000000	1.000000	1.000000	1.000000	337.000000	443.000000	463.000000	881.000000	418.000000	411.000000	1.000000	203.000000	560.000000	377.000000	927.000000	476.000000
630.000000	533.000000	715.000000	365.000000	1.000000	1.000000	1.000000	1.000000	1.000000	1.000000	1.000000	1.000000	1.000000	1.000000	1.000000	1.000000	164.000000	828.000000	907.000000	1.000000	234.000000
651.000000	1.000000	356.000000	589.000000	338.000000	1.000000	1.000000	1673.000000	509.000000	1.000000	1.000000	704.000000	443.000000	1.000000	1.000000	154.000000	1.000000	683.000000	179.000000	435.000000	1.000000
676.000000	335.000000	1.000000	417.000000	759.000000	368.000000	1.000000	364.000000	2117.000000	177.000000	1.000000	407.000000	1272.000000	264.000000	633.000000	203.000000	186.000000	1.000000	165.000000	1.000000	1.000000
677.000000	663.000000	1.000000	1.000000	664.000000	728.000000	95.000000	1.000000	673.000000	1043.000000	1.000000	1.000000	1.000000	425.000000	1.000000	1.000000	1.000000	1195.000000	169.000000	1.000000	1.000000
831.000000	669.000000	1121.000000	1.000000	1.000000	864.000000	704.000000	186.000000	449.000000	1708.000000	1611.000000	863.000000	436.000000	1.000000	1.000000	1.000000	1.000000	1211.000000	607.000000	1.000000	1.000000
327.000000	312.000000	1191.000000	935.000000	1.000000	1.000000	532.000000	276.000000	1.000000	237.000000	1358.000000	827.000000	684.000000	1.000000	433.000000	1.000000	1.000000	781.000000	606.000000	415.000000	1.000000
313.000000	405.000000	464.000000	1030.000000	309.000000	256.000000	1.000000	1.000000	334.000000	1.000000	1.000000	1.000000	1.000000	1.000000	359.000000	481.000000	461.000000	689.000000	251.000000	1417.000000	645.000000
298.000000	804.000000	142.000000	175.000000	889.000000	704.000000	661.000000	263.000000	1.000000	1.000000	1.000000	1.000000	1.000000	1.000000	1.000000	870.000000	323.000000	227.000000	935.000000	161.000000	1344.000000
1.000000	151.000000	152.000000	1.000000	362.000000	543.000000	851.000000	159.000000	139.000000	1.000000	1.000000	1.000000	1.000000	1.000000	1.000000	294.000000	871.000000	1.000000	642.000000	225.000000	1.000000
1.000000	1.000000	1.000000	1.000000	1.000000	1.000000	1.000000	1.000000	1.000000	1.000000	1.000000	1.000000	1.000000	1.000000	1.000000	1.000000	1.000000	1.000000	1.000000	1.000000	1.000000
