21 25 0
1.000000	1.000000	430.000000	198.000000	1.000000	849.000000	376.000000	711.000000	635.000000	1.000000	76.000000	1.000000	783.000000	200.000000	289.000000	1615.000000	750.000000	1.000000	509.000000	1286.000000	1051.000000
1.000000	168.000000	376.000000	151.000000	1.000000	804.000000	215.000000	764.000000	1.000000	1.000000	1.000000	1.000000	608.000000	1.000000	1.000000	1384.000000	1712.000000	1.000000	1.000000	1489.000000	1527.000000
1.000000	1577.000000	342.000000	1.000000	362.000000	421.000000	1.000000	1.000000	1.000000	1.000000	1.000000	187.000000	1.000000	1.000000	1.000000	1.000000	2112.000000	1.000000	1.000000	1609.000000	1559.000000
401.000000	1304.000000	1.000000	1.000000	701.000000	157.000000	1.000000	1.000000	1.000000	1.000000	1.000000	169.000000	183.000000	83.000000	1.000000	1.000000	1750.000000	177.000000	1.000000	1110.000000	1684.000000
558.000000	826.000000	1.000000	1.000000	1.000000	1.000000	1.000000	1.000000	1.000000	1.000000	1.000000	709.000000	411.000000	81.000000	1.000000	1.000000	712.000000	239.000000	1.000000	748.000000	2404.000000
196.000000	1070.000000	229.000000	1.000000	159.000000	1.000000	213.000000	579.000000	1.000000	1.000000	173.000000	1225.000000	1.000000	1.000000	1.000000	1.000000	553.000000	201.000000	1.000000	594.000000	2125.000000
365.000000	544.000000	446.000000	1.000000	227.000000	1.000000	1398.000000	918.000000	1.000000	1.000000	544.000000	1373.000000	1.000000	1.000000	1.000000	1.000000	537.000000	662.000000	1.000000	864.000000	1618.000000
829.000000	1142.000000	865.000000	1.000000	1.000000	503.000000	1871.000000	1.000000	1.000000	1.000000	1397.000000	561.000000	1.000000	1.000000	1.000000	1.000000	1.000000	1167.000000	1.000000	869.000000	1416.000000
617.000000	1833.000000	187.000000	1.000000	257.000000	1895.000000	1643.000000	1.000000	1.000000	1.000000	1646.000000	551.000000	1.000000	1022.000000	996.000000	1.000000	1.000000	2065.000000	1.000000	689.000000	1176.000000
762.000000	2275.000000	375.000000	1.000000	725.000000	1508.000000	735.000000	1.000000	1.000000	1.000000	1901.000000	1418.000000	1.000000	815.000000	730.000000	1.000000	1.000000	2414.000000	179.000000	365.000000	892.000000
964.000000	2309.000000	399.000000	1.000000	470.000000	1403.000000	333.000000	1.000000	1.000000	1.000000	1542.000000	1678.000000	1.000000	528.000000	423.000000	1.000000	826.000000	2549.000000	340.000000	546.000000	1876.000000
308.000000	2117.000000	673.000000	647.000000	388.000000	1623.000000	622.000000	1.000000	1.000000	1.000000	1413.000000	1687.000000	205.000000	173.000000	317.000000	1.000000	1080.000000	1748.000000	681.000000	1306.000000	2172.000000
285.000000	1681.000000	757.000000	1.000000	389.000000	2018.000000	622.000000	1.000000	1.000000	1.000000	1387.000000	1833.000000	1.000000	1.000000	1.000000	1.000000	460.000000	286.000000	700.000000	1145.000000	1487.000000
1105.000000	1343.000000	826.000000	1.000000	1.000000	1478.000000	1.000000	1.000000	1.000000	457.000000	151.000000	1155.000000	1.000000	1.000000	1.000000	1.000000	201.000000	265.000000	723.000000	860.000000	1335.000000
1239.000000	942.000000	935.000000	1.000000	1.000000	495.000000	1.000000	1.000000	1.000000	1.000000	1.000000	449.000000	1.000000	1.000000	403.000000	268.000000	558.000000	597.000000	985.000000	1388.000000	1445.000000
1.000000	448.000000	591.000000	1.000000	1.000000	355.000000	1.000000	1.000000	583.000000	1.000000	1.000000	464.000000	1.000000	1.000000	1.000000	514.000000	166.000000	815.000000	2040.000000	944.000000	971.000000
529.000000	313.000000	901.000000	269.000000	305.000000	757.000000	1.000000	507.000000	880.000000	1.000000	1.000000	919.000000	465.000000	1.000000	1.000000	80.000000	201.000000	1783.000000	1797.000000	1.000000	461.000000
810.000000	568.000000	629.000000	596.000000	823.000000	1023.000000	1.000000	1.000000	788.000000	1.000000	1.000000	924.000000	467.000000	1.000000	1.000000	305.000000	769.000000	2210.000000	1099.000000	1.000000	168.000000
1003.000000	811.000000	1008.000000	141.000000	400.000000	1395.000000	1.000000	1.000000	1465.000000	241.000000	1.000000	1.000000	1.000000	1.000000	570.000000	797.000000	967.000000	1619.000000	859.000000	1.000000	1.000000
973.000000	698.000000	1543.000000	613.000000	1.000000	1366.000000	153.000000	1.000000	578.000000	380.000000	1.000000	1.000000	1.000000	92.000000	610.000000	837.000000	645.000000	1521.000000	629.000000	1.000000	151.000000
665.000000	858.000000	1508.000000	943.000000	1.000000	995.000000	497.000000	1.000000	1.000000	1.000000	1.000000	1.000000	1.000000	1.000000	1336.000000	1024.000000	389.000000	716.000000	363.000000	676.000000	1.000000
815.000000	898.000000	965.000000	996.000000	758.000000	548.000000	548.000000	273.000000	1.000000	1.000000	1.000000	311.000000	1.000000	1.000000	886.000000	842.000000	613.000000	1013.000000	475.000000	1349.000000	483.000000
1019.000000	347.000000	901.000000	1319.000000	1255.000000	551.000000	898.000000	1.000000	248.000000	578.000000	1.000000	1.000000	1.000000	1.000000	398.000000	722.000000	1668.000000	715.000000	437.000000	934.000000	485.000000
1.000000	445.000000	518.000000	1.000000	482.000000	376.000000	614.000000	1.000000	1.000000	610.000000	1.000000	1.000000	1.000000	241.000000	1.000000	339.000000	536.000000	223.000000	173.000000	475.000000	1.000000
1.000000	1.000000	1.000000	1.000000	1.000000	1.000000	1.000000	1.000000	1.000000	1.000000	1.000000	1.000000	1.000000	1.000000	1.000000	1.000000	1.000000	1.000000	1.000000	1.000000	1.000000
