21 25 0
1813.000000	2106.000000	1112.000000	1.000000	1.000000	1.000000	233.000000	426.000000	671.000000	692.000000	800.000000	631.000000	231.000000	447.000000	778.000000	1.000000	1.000000	199.000000	532.000000	1.000000	1.000000
1956.000000	1050.000000	1.000000	1.000000	1.000000	1.000000	1.000000	217.000000	189.000000	1.000000	367.000000	191.000000	361.000000	453.000000	190.000000	1.000000	1.000000	865.000000	669.000000	1.000000	1.000000
1539.000000	165.000000	1.000000	547.000000	225.000000	1.000000	1.000000	1.000000	1.000000	162.000000	166.000000	526.000000	385.000000	1.000000	1.000000	1.000000	1.000000	1.000000	907.000000	1.000000	1.000000
828.000000	1.000000	1186.000000	1163.000000	213.000000	1100.000000	2056.000000	1940.000000	1839.000000	1359.000000	1212.000000	602.000000	71.000000	1.000000	530.000000	1.000000	1.000000	385.000000	459.000000	90.000000	1.000000
177.000000	679.000000	1361.000000	363.000000	490.000000	955.000000	331.000000	1.000000	1.000000	171.000000	195.000000	1.000000	1.000000	169.000000	167.000000	1.000000	1.000000	1.000000	1.000000	179.000000	1.000000
458.000000	195.000000	1.000000	1.000000	251.000000	1.000000	1.000000	1.000000	1.000000	1.000000	1.000000	1.000000	1.000000	1.000000	426.000000	419.000000	1.000000	1.000000	237.000000	267.000000	1.000000
691.000000	1.000000	1.000000	1.000000	1.000000	784.000000	1.000000	1.000000	206.000000	1722.000000	1.000000	1.000000	388.000000	1923.000000	1301.000000	1327.000000	1.000000	1.000000	1.000000	1.000000	1.000000
531.000000	1.000000	1.000000	310.000000	1522.000000	1.000000	1.000000	1.000000	2430.000000	975.000000	1.000000	349.000000	2504.000000	2312.000000	1329.000000	1.000000	1.000000	630.000000	1.000000	1.000000	1.000000
185.000000	315.000000	308.000000	1472.000000	1.000000	1.000000	233.000000	1900.000000	1251.000000	1.000000	1.000000	231.000000	1187.000000	1.000000	1.000000	307.000000	1285.000000	1.000000	1.000000	275.000000	433.000000
1.000000	173.000000	306.000000	306.000000	1.000000	1.000000	810.000000	1875.000000	1.000000	326.000000	391.000000	1.000000	1.000000	1.000000	492.000000	1766.000000	508.000000	1.000000	1.000000	1068.000000	1.000000
459.000000	1.000000	393.000000	297.000000	1.000000	1.000000	1.000000	1.000000	494.000000	1568.000000	1.000000	1.000000	1.000000	257.000000	173.000000	619.000000	1.000000	1.000000	1535.000000	361.000000	1.000000
269.000000	1.000000	544.000000	925.000000	1.000000	273.000000	1.000000	1.000000	1835.000000	1.000000	1.000000	1.000000	1.000000	1.000000	1.000000	263.000000	1.000000	501.000000	1496.000000	283.000000	1.000000
1.000000	1.000000	1.000000	553.000000	677.000000	369.000000	163.000000	787.000000	375.000000	1.000000	1.000000	1.000000	1.000000	1401.000000	1504.000000	1187.000000	182.000000	509.000000	445.000000	1394.000000	249.000000
493.000000	1.000000	1.000000	175.000000	776.000000	241.000000	1165.000000	555.000000	558.000000	2250.000000	1072.000000	2132.000000	2316.000000	2156.000000	1291.000000	1.000000	159.000000	155.000000	492.000000	948.000000	149.000000
1.000000	1.000000	1.000000	387.000000	195.000000	257.000000	491.000000	179.000000	1.000000	1.000000	997.000000	763.000000	187.000000	1.000000	1.000000	1.000000	153.000000	598.000000	323.000000	918.000000	309.000000
1.000000	593.000000	185.000000	1.000000	187.000000	152.000000	1.000000	1.000000	1.000000	1.000000	1.000000	1.000000	1.000000	1.000000	1.000000	143.000000	890.000000	665.000000	164.000000	649.000000	895.000000
462.000000	417.000000	400.000000	338.000000	1.000000	1.000000	193.000000	235.000000	1.000000	461.000000	295.000000	1.000000	1.000000	1108.000000	885.000000	538.000000	413.000000	1.000000	1.000000	153.000000	1109.000000
1.000000	1.000000	318.000000	1.000000	1.000000	1.000000	705.000000	1198.000000	708.000000	1.000000	1.000000	1.000000	540.000000	1497.000000	169.000000	1.000000	1.000000	1.000000	585.000000	953.000000	665.000000
1.000000	497.000000	177.000000	1.000000	1.000000	207.000000	448.000000	282.000000	1.000000	409.000000	425.000000	247.000000	589.000000	1.000000	1.000000	1.000000	156.000000	145.000000	473.000000	795.000000	544.000000
497.000000	580.000000	445.000000	1.000000	424.000000	214.000000	1.000000	1.000000	338.000000	1436.000000	1751.000000	1855.000000	207.000000	143.000000	1.000000	373.000000	157.000000	313.000000	303.000000	331.000000	304.000000
797.000000	413.000000	1.000000	1118.000000	1.000000	319.000000	1.000000	1.000000	632.000000	1451.000000	734.000000	301.000000	1.000000	243.000000	141.000000	224.000000	591.000000	308.000000	1.000000	1.000000	454.000000
483.000000	1.000000	1288.000000	457.000000	315.000000	1.000000	1.000000	177.000000	1.000000	1.000000	1.000000	1.000000	1.000000	1.000000	1.000000	1292.000000	189.000000	144.000000	171.000000	466.000000	514.000000
1.000000	1052.000000	1062.000000	419.000000	335.000000	1.000000	1.000000	1.000000	1.000000	1.000000	263.000000	738.000000	605.000000	575.000000	542.000000	646.000000	394.000000	592.000000	1515.000000	1.000000	386.000000
240.000000	418.000000	187.000000	293.000000	349.000000	1.000000	1.000000	1.000000	1.000000	1.000000	451.000000	761.000000	426.000000	405.000000	332.000000	216.000000	1.000000	481.000000	1.000000	308.000000	351.000000
1.000000	1.000000	1.000000	1.000000	1.000000	1.000000	1.000000	1.000000	1.000000	1.000000	1.000000	1.000000	1.000000	1.000000	1.000000	1.000000	1.000000	1.000000	1.000000	1.000000	1.000000
