21 25 0
1.000000	1.000000	670.000000	883.000000	748.000000	1141.000000	249.000000	449.000000	199.000000	1.000000	1.000000	1.000000	822.000000	281.000000	1.000000	553.000000	1.000000	1.000000	1.000000	1.000000	236.000000
1.000000	1699.000000	2017.000000	1038.000000	224.000000	861.000000	643.000000	801.000000	832.000000	422.000000	441.000000	635.000000	663.000000	1.000000	267.000000	475.000000	1.000000	1.000000	1.000000	1.000000	1.000000
278.000000	1904.000000	1027.000000	1.000000	589.000000	817.000000	412.000000	1.000000	191.000000	1.000000	1.000000	1.000000	1.000000	1.000000	1.000000	1.000000	1.000000	1.000000	1.000000	334.000000	1.000000
471.000000	846.000000	297.000000	1.000000	1.000000	1.000000	1.000000	1.000000	1.000000	1.000000	1.000000	1.000000	1.000000	1.000000	1.000000	1.000000	1.000000	1.000000	1.000000	1.000000	529.000000
202.000000	159.000000	1.000000	1.000000	1.000000	1.000000	1.000000	1.000000	1.000000	1.000000	1.000000	378.000000	600.000000	356.000000	972.000000	236.000000	149.000000	1.000000	1.000000	313.000000	1006.000000
1.000000	1.000000	1.000000	162.000000	865.000000	920.000000	920.000000	2118.000000	2367.000000	367.000000	345.000000	2217.000000	1570.000000	1341.000000	815.000000	370.000000	148.000000	1.000000	1.000000	545.000000	1163.000000
1.000000	1401.000000	1336.000000	657.000000	269.000000	267.000000	416.000000	395.000000	1.000000	1.000000	362.000000	1416.000000	805.000000	1.000000	1.000000	1.000000	1.000000	1.000000	1.000000	766.000000	896.000000
971.000000	1631.000000	1364.000000	1.000000	1.000000	601.000000	2914.000000	453.000000	1.000000	1.000000	437.000000	1.000000	1.000000	1.000000	847.000000	291.000000	1.000000	1.000000	1.000000	1.000000	1.000000
985.000000	1517.000000	1.000000	1.000000	443.000000	2463.000000	919.000000	1.000000	1.000000	151.000000	1.000000	1.000000	1.000000	1512.000000	1137.000000	1.000000	1.000000	1.000000	1.000000	171.000000	257.000000
307.000000	622.000000	1.000000	1.000000	1.000000	467.000000	1.000000	1.000000	1.000000	1.000000	1.000000	1.000000	1.000000	1.000000	1.000000	1.000000	1.000000	1918.000000	1.000000	1.000000	363.000000
353.000000	491.000000	1.000000	1.000000	279.000000	1.000000	1.000000	356.000000	1.000000	1.000000	1.000000	396.000000	1.000000	171.000000	1.000000	1.000000	737.000000	1295.000000	1.000000	247.000000	1364.000000
1.000000	489.000000	1.000000	647.000000	253.000000	729.000000	1111.000000	99.000000	1.000000	485.000000	1176.000000	2663.000000	1656.000000	976.000000	1.000000	1.000000	979.000000	1.000000	1.000000	307.000000	1391.000000
1.000000	341.000000	1.000000	1.000000	1.000000	487.000000	251.000000	1.000000	1.000000	1.000000	1289.000000	915.000000	379.000000	1.000000	1.000000	1.000000	1.000000	103.000000	309.000000	1234.000000	285.000000
1.000000	1.000000	1.000000	1.000000	1.000000	343.000000	1.000000	1.000000	1.000000	1.000000	1.000000	1.000000	1.000000	1.000000	1.000000	1.000000	340.000000	203.000000	557.000000	1057.000000	1266.000000
863.000000	238.000000	1.000000	1.000000	1.000000	180.000000	1.000000	1.000000	1.000000	1.000000	1.000000	1.000000	352.000000	1.000000	1.000000	735.000000	597.000000	323.000000	913.000000	1446.000000	996.000000
1.000000	741.000000	1.000000	1.000000	1.000000	207.000000	211.000000	1080.000000	3093.000000	1418.000000	1109.000000	2311.000000	2256.000000	558.000000	936.000000	355.000000	141.000000	291.000000	1492.000000	1447.000000	658.000000
1.000000	1.000000	1.000000	1.000000	1.000000	942.000000	1079.000000	846.000000	225.000000	397.000000	445.000000	445.000000	1.000000	203.000000	1.000000	1.000000	269.000000	1371.000000	2439.000000	277.000000	505.000000
243.000000	1.000000	1.000000	992.000000	616.000000	968.000000	265.000000	1.000000	293.000000	293.000000	1.000000	413.000000	1.000000	1.000000	1.000000	308.000000	793.000000	2351.000000	650.000000	428.000000	200.000000
1.000000	1.000000	1.000000	463.000000	240.000000	224.000000	1.000000	195.000000	1113.000000	1205.000000	413.000000	1.000000	1.000000	1.000000	274.000000	601.000000	784.000000	1089.000000	266.000000	1.000000	1.000000
1.000000	1.000000	155.000000	261.000000	1.000000	1.000000	1.000000	213.000000	467.000000	353.000000	1.000000	1.000000	1.000000	1.000000	642.000000	899.000000	461.000000	752.000000	351.000000	1.000000	1.000000
1.000000	511.000000	361.000000	321.000000	1.000000	1.000000	1.000000	1.000000	1.000000	361.000000	640.000000	885.000000	341.000000	563.000000	817.000000	787.000000	389.000000	347.000000	362.000000	1.000000	1.000000
686.000000	335.000000	293.000000	1.000000	1131.000000	290.000000	179.000000	1.000000	815.000000	1760.000000	1621.000000	1897.000000	729.000000	239.000000	531.000000	556.000000	1.000000	591.000000	481.000000	1.000000	1.000000
513.000000	73.000000	1.000000	975.000000	1.000000	1.000000	185.000000	255.000000	1094.000000	1251.000000	885.000000	498.000000	187.000000	196.000000	457.000000	1.000000	423.000000	481.000000	1.000000	1.000000	1.000000
1.000000	312.000000	1.000000	1.000000	1.000000	1.000000	277.000000	1.000000	243.000000	1.000000	1.000000	1.000000	1.000000	241.000000	1.000000	296.000000	1.000000	222.000000	1.000000	1.000000	1.000000
1.000000	1.000000	1.000000	1.000000	1.000000	1.000000	1.000000	1.000000	1.000000	1.000000	1.000000	1.000000	1.000000	1.000000	1.000000	1.000000	1.000000	1.000000	1.000000	1.000000	1.000000
