21 25 0
1.000000	1.000000	1.000000	1.000000	1.000000	179.000000	1.000000	1.000000	1.000000	1.000000	1.000000	1.000000	239.000000	1.000000	413.000000	1.000000	338.000000	1341.000000	559.000000	1.000000	476.000000
379.000000	1.000000	1.000000	1.000000	213.000000	411.000000	1251.000000	492.000000	212.000000	1.000000	1.000000	1.000000	967.000000	650.000000	179.000000	1.000000	1.000000	888.000000	956.000000	1.000000	1.000000
1.000000	513.000000	1.000000	1.000000	1.000000	1.000000	303.000000	221.000000	1.000000	1.000000	1.000000	1.000000	1.000000	378.000000	1407.000000	514.000000	1.000000	564.000000	1125.000000	512.000000	1.000000
382.000000	1.000000	1.000000	235.000000	1.000000	1.000000	1.000000	1.000000	1.000000	1.000000	1.000000	1.000000	1.000000	1.000000	298.000000	365.000000	1.000000	1.000000	935.000000	1.000000	247.000000
441.000000	1.000000	1.000000	237.000000	1.000000	1.000000	701.000000	679.000000	1.000000	1.000000	1.000000	1.000000	1.000000	1.000000	1.000000	1.000000	1.000000	1.000000	1183.000000	1.000000	1.000000
701.000000	1.000000	1.000000	533.000000	1.000000	311.000000	1043.000000	2121.000000	2503.000000	1922.000000	1382.000000	1391.000000	542.000000	1848.000000	1370.000000	1.000000	1.000000	503.000000	965.000000	1.000000	1.000000
409.000000	1265.000000	201.000000	1.000000	1.000000	1.000000	1.000000	343.000000	693.000000	203.000000	1.000000	477.000000	1.000000	1.000000	1635.000000	1.000000	1.000000	1081.000000	1198.000000	295.000000	1.000000
161.000000	422.000000	730.000000	1.000000	239.000000	627.000000	1.000000	1.000000	1.000000	393.000000	1.000000	1.000000	1.000000	1.000000	1.000000	861.000000	1.000000	1.000000	1357.000000	947.000000	1.000000
1.000000	1.000000	681.000000	316.000000	1.000000	1.000000	439.000000	420.000000	381.000000	1.000000	1.000000	1.000000	1088.000000	1.000000	1.000000	1310.000000	620.000000	1.000000	425.000000	1487.000000	1.000000
1.000000	1.000000	1357.000000	865.000000	1.000000	1.000000	1.000000	1.000000	151.000000	1.000000	1.000000	256.000000	305.000000	457.000000	1.000000	1.000000	1.000000	1.000000	441.000000	927.000000	1.000000
403.000000	1.000000	888.000000	2252.000000	1010.000000	1.000000	1.000000	1.000000	1.000000	428.000000	1.000000	1.000000	438.000000	505.000000	1.000000	265.000000	1.000000	1.000000	484.000000	162.000000	1.000000
1251.000000	378.000000	1.000000	1132.000000	820.000000	334.000000	1.000000	1.000000	2038.000000	2782.000000	168.000000	350.000000	394.000000	1.000000	890.000000	1446.000000	988.000000	1.000000	983.000000	962.000000	1.000000
1226.000000	268.000000	619.000000	1.000000	415.000000	1.000000	1.000000	1.000000	481.000000	379.000000	1.000000	170.000000	299.000000	360.000000	1.000000	263.000000	831.000000	1.000000	1.000000	410.000000	1.000000
1528.000000	1.000000	915.000000	638.000000	1.000000	1.000000	1.000000	1.000000	1.000000	1.000000	1.000000	1.000000	1.000000	1.000000	1.000000	1.000000	1.000000	1.000000	1.000000	283.000000	410.000000
1743.000000	964.000000	184.000000	796.000000	161.000000	1.000000	165.000000	933.000000	1140.000000	1094.000000	503.000000	1.000000	1.000000	1.000000	1.000000	1.000000	1.000000	1.000000	167.000000	796.000000	1.000000
1544.000000	1338.000000	853.000000	426.000000	389.000000	1.000000	1.000000	661.000000	1449.000000	2097.000000	1121.000000	2255.000000	3056.000000	1692.000000	1.000000	1.000000	1.000000	1.000000	181.000000	1.000000	1.000000
1648.000000	1163.000000	1463.000000	349.000000	320.000000	1.000000	1.000000	1.000000	1.000000	443.000000	443.000000	301.000000	781.000000	910.000000	486.000000	175.000000	1.000000	642.000000	253.000000	236.000000	1.000000
800.000000	1313.000000	921.000000	1244.000000	1.000000	1.000000	192.000000	1.000000	1.000000	1.000000	538.000000	228.000000	1.000000	1.000000	155.000000	1.000000	1.000000	460.000000	1.000000	243.000000	403.000000
489.000000	839.000000	982.000000	2120.000000	731.000000	1.000000	602.000000	524.000000	1.000000	285.000000	707.000000	1024.000000	485.000000	176.000000	1.000000	370.000000	1.000000	1.000000	1.000000	323.000000	319.000000
1.000000	867.000000	318.000000	1422.000000	1559.000000	275.000000	1.000000	376.000000	1.000000	1.000000	1.000000	1.000000	1.000000	1.000000	1.000000	475.000000	1.000000	1.000000	1.000000	468.000000	659.000000
163.000000	379.000000	1.000000	405.000000	1994.000000	746.000000	923.000000	1.000000	1.000000	361.000000	359.000000	1.000000	1.000000	1.000000	1.000000	1.000000	1.000000	605.000000	1.000000	313.000000	864.000000
1.000000	85.000000	445.000000	153.000000	402.000000	656.000000	1189.000000	1193.000000	983.000000	1444.000000	1774.000000	1035.000000	758.000000	439.000000	1.000000	1.000000	1.000000	1331.000000	613.000000	307.000000	481.000000
169.000000	191.000000	545.000000	1.000000	732.000000	1.000000	575.000000	821.000000	236.000000	295.000000	729.000000	810.000000	806.000000	648.000000	1.000000	1.000000	1.000000	150.000000	1612.000000	1.000000	454.000000
173.000000	171.000000	1.000000	1.000000	280.000000	1.000000	1.000000	1.000000	1.000000	1.000000	1.000000	1.000000	1.000000	1.000000	804.000000	1.000000	191.000000	1.000000	148.000000	147.000000	142.000000
1.000000	1.000000	1.000000	1.000000	1.000000	1.000000	1.000000	1.000000	1.000000	1.000000	1.000000	1.000000	1.000000	1.000000	1.000000	1.000000	1.000000	1.000000	1.000000	1.000000	1.000000
