21 25 0
1.000000	1.000000	611.000000	1193.000000	462.000000	937.000000	1459.000000	1609.000000	1188.000000	856.000000	484.000000	493.000000	634.000000	730.000000	806.000000	1119.000000	1709.000000	1006.000000	602.000000	408.000000	244.000000
1.000000	364.000000	2472.000000	1564.000000	1097.000000	998.000000	1285.000000	443.000000	1.000000	352.000000	766.000000	535.000000	821.000000	1036.000000	919.000000	1128.000000	1083.000000	662.000000	1075.000000	244.000000	1.000000
1.000000	1695.000000	2471.000000	1.000000	359.000000	1.000000	232.000000	1.000000	1.000000	1.000000	1.000000	1.000000	283.000000	1.000000	275.000000	215.000000	279.000000	669.000000	693.000000	1.000000	451.000000
1.000000	1505.000000	799.000000	1.000000	205.000000	1.000000	1.000000	235.000000	339.000000	1.000000	657.000000	647.000000	203.000000	185.000000	341.000000	358.000000	79.000000	1.000000	1.000000	1.000000	371.000000
1.000000	673.000000	493.000000	171.000000	381.000000	905.000000	387.000000	149.000000	155.000000	768.000000	1492.000000	1175.000000	740.000000	684.000000	974.000000	853.000000	377.000000	335.000000	1.000000	1.000000	496.000000
279.000000	2002.000000	801.000000	177.000000	167.000000	533.000000	230.000000	1.000000	1.000000	186.000000	466.000000	239.000000	1110.000000	660.000000	349.000000	185.000000	361.000000	1.000000	1.000000	1.000000	509.000000
501.000000	1458.000000	432.000000	1.000000	1.000000	1.000000	1.000000	1.000000	1.000000	1.000000	1.000000	1.000000	1.000000	1.000000	1.000000	1.000000	1.000000	1.000000	1.000000	211.000000	288.000000
809.000000	489.000000	1.000000	1.000000	500.000000	1.000000	1.000000	208.000000	1.000000	694.000000	458.000000	415.000000	1.000000	1.000000	274.000000	390.000000	166.000000	673.000000	632.000000	241.000000	858.000000
491.000000	381.000000	1.000000	1.000000	1.000000	505.000000	451.000000	481.000000	800.000000	2845.000000	1398.000000	415.000000	362.000000	503.000000	406.000000	922.000000	949.000000	1642.000000	1501.000000	439.000000	451.000000
151.000000	644.000000	280.000000	1.000000	679.000000	628.000000	450.000000	1595.000000	1736.000000	3336.000000	1082.000000	1.000000	333.000000	1713.000000	1774.000000	932.000000	1790.000000	2232.000000	894.000000	243.000000	319.000000
1.000000	256.000000	157.000000	1.000000	209.000000	1.000000	714.000000	332.000000	309.000000	1047.000000	1.000000	1.000000	335.000000	1385.000000	971.000000	272.000000	1373.000000	701.000000	1.000000	91.000000	766.000000
691.000000	581.000000	1.000000	1.000000	1.000000	1.000000	165.000000	1.000000	235.000000	1042.000000	217.000000	1.000000	1.000000	179.000000	223.000000	1.000000	1.000000	1.000000	1.000000	622.000000	171.000000
207.000000	169.000000	1.000000	1.000000	1.000000	1.000000	1.000000	237.000000	558.000000	671.000000	1.000000	1.000000	1.000000	281.000000	663.000000	1.000000	1.000000	1.000000	176.000000	943.000000	209.000000
653.000000	513.000000	1.000000	267.000000	207.000000	1.000000	799.000000	950.000000	382.000000	1.000000	1.000000	1.000000	1536.000000	2507.000000	483.000000	1.000000	1.000000	1.000000	1059.000000	385.000000	1.000000
411.000000	157.000000	433.000000	209.000000	429.000000	845.000000	789.000000	429.000000	1.000000	1.000000	1.000000	1606.000000	2195.000000	1058.000000	1.000000	1.000000	1.000000	527.000000	595.000000	214.000000	296.000000
267.000000	1.000000	74.000000	219.000000	722.000000	196.000000	1.000000	1.000000	1.000000	1.000000	1.000000	183.000000	1.000000	1.000000	1.000000	343.000000	1.000000	357.000000	360.000000	147.000000	581.000000
419.000000	1.000000	1.000000	185.000000	80.000000	167.000000	1.000000	1.000000	1.000000	975.000000	472.000000	1.000000	1.000000	263.000000	843.000000	301.000000	1.000000	157.000000	147.000000	279.000000	592.000000
425.000000	231.000000	1.000000	1.000000	376.000000	221.000000	361.000000	510.000000	511.000000	971.000000	1.000000	308.000000	997.000000	643.000000	879.000000	1.000000	159.000000	149.000000	151.000000	293.000000	301.000000
1.000000	365.000000	1.000000	1172.000000	1385.000000	539.000000	1.000000	212.000000	391.000000	391.000000	663.000000	838.000000	857.000000	1786.000000	233.000000	1.000000	1.000000	1.000000	662.000000	1.000000	1.000000
451.000000	691.000000	1838.000000	2128.000000	484.000000	1.000000	1.000000	1.000000	1.000000	298.000000	1.000000	203.000000	387.000000	1.000000	393.000000	1.000000	174.000000	896.000000	205.000000	1.000000	314.000000
415.000000	1997.000000	1845.000000	344.000000	1.000000	1.000000	1.000000	1.000000	1.000000	1.000000	1.000000	1.000000	1.000000	1.000000	393.000000	377.000000	1585.000000	785.000000	197.000000	720.000000	919.000000
1807.000000	857.000000	1.000000	1.000000	172.000000	87.000000	230.000000	1.000000	1.000000	1.000000	1.000000	1.000000	1.000000	431.000000	742.000000	1408.000000	522.000000	197.000000	407.000000	787.000000	1.000000
1.000000	1.000000	1.000000	1.000000	1.000000	1.000000	1.000000	1.000000	1.000000	1.000000	1.000000	1.000000	183.000000	299.000000	279.000000	1.000000	1.000000	143.000000	379.000000	1.000000	157.000000
1.000000	1.000000	1.000000	1.000000	1.000000	1.000000	1.000000	1.000000	1.000000	1.000000	1.000000	1.000000	1.000000	1.000000	1.000000	1.000000	1.000000	1.000000	1.000000	1.000000	1.000000
1.000000	1.000000	1.000000	1.000000	1.000000	1.000000	1.000000	1.000000	1.000000	1.000000	1.000000	1.000000	1.000000	1.000000	1.000000	1.000000	1.000000	1.000000	1.000000	1.000000	1.000000
