21 25 0
576.000000	1004.000000	669.000000	205.000000	1.000000	1.000000	1.000000	1.000000	1.000000	383.000000	403.000000	719.000000	932.000000	503.000000	477.000000	203.000000	355.000000	367.000000	675.000000	465.000000	699.000000
240.000000	1.000000	1.000000	1.000000	1.000000	1.000000	1.000000	547.000000	605.000000	193.000000	1.000000	1.000000	1.000000	167.000000	437.000000	454.000000	495.000000	443.000000	1.000000	1.000000	191.000000
1.000000	1.000000	1.000000	383.000000	757.000000	1013.000000	1461.000000	2172.000000	1748.000000	1802.000000	1565.000000	1101.000000	896.000000	949.000000	1542.000000	1588.000000	1822.000000	1691.000000	1687.000000	1121.000000	321.000000
1.000000	481.000000	1297.000000	815.000000	690.000000	702.000000	764.000000	711.000000	670.000000	717.000000	883.000000	1033.000000	951.000000	859.000000	877.000000	1296.000000	1083.000000	1687.000000	1544.000000	1039.000000	889.000000
1.000000	889.000000	944.000000	284.000000	1.000000	1.000000	1.000000	1.000000	1.000000	1.000000	1.000000	1.000000	1.000000	1.000000	1.000000	1.000000	145.000000	211.000000	899.000000	1025.000000	607.000000
1.000000	1.000000	1.000000	975.000000	1921.000000	1625.000000	1451.000000	1637.000000	955.000000	708.000000	512.000000	431.000000	590.000000	513.000000	967.000000	915.000000	689.000000	825.000000	439.000000	243.000000	313.000000
1.000000	383.000000	1007.000000	2204.000000	3277.000000	3382.000000	3468.000000	3340.000000	3122.000000	2559.000000	1984.000000	1820.000000	2660.000000	2827.000000	3121.000000	3003.000000	2607.000000	2436.000000	1534.000000	1.000000	1.000000
1.000000	1.000000	603.000000	1183.000000	1823.000000	1847.000000	1781.000000	1695.000000	1596.000000	1230.000000	1.000000	357.000000	1618.000000	2526.000000	2666.000000	2304.000000	2183.000000	2401.000000	1593.000000	309.000000	1.000000
1.000000	247.000000	1.000000	1.000000	1.000000	1.000000	1.000000	1.000000	1.000000	68.000000	1.000000	1.000000	1.000000	1.000000	1.000000	231.000000	253.000000	253.000000	281.000000	135.000000	143.000000
171.000000	179.000000	279.000000	229.000000	1.000000	1.000000	1.000000	1.000000	1.000000	1.000000	1.000000	1.000000	1.000000	1.000000	1.000000	1.000000	1.000000	1.000000	312.000000	547.000000	140.000000
200.000000	1.000000	443.000000	1401.000000	1150.000000	557.000000	1.000000	1.000000	1.000000	1.000000	1.000000	1.000000	1.000000	1.000000	1.000000	1.000000	557.000000	894.000000	902.000000	598.000000	244.000000
1.000000	165.000000	597.000000	1337.000000	1633.000000	966.000000	1456.000000	2159.000000	994.000000	1.000000	1.000000	1.000000	1.000000	1467.000000	1257.000000	680.000000	557.000000	1752.000000	1344.000000	818.000000	846.000000
587.000000	548.000000	567.000000	584.000000	812.000000	1137.000000	1182.000000	1490.000000	1345.000000	2656.000000	2369.000000	2656.000000	2485.000000	1423.000000	1332.000000	1228.000000	1270.000000	1087.000000	226.000000	553.000000	1135.000000
765.000000	963.000000	753.000000	1.000000	149.000000	292.000000	1.000000	1.000000	1.000000	1959.000000	2553.000000	1893.000000	1095.000000	1.000000	1.000000	277.000000	974.000000	229.000000	217.000000	373.000000	689.000000
151.000000	411.000000	1.000000	1.000000	1.000000	1.000000	343.000000	970.000000	628.000000	1.000000	1.000000	1.000000	1.000000	649.000000	880.000000	289.000000	165.000000	165.000000	379.000000	379.000000	147.000000
145.000000	145.000000	1.000000	1.000000	490.000000	365.000000	1093.000000	2545.000000	2967.000000	2018.000000	856.000000	1497.000000	2707.000000	3172.000000	1508.000000	201.000000	1.000000	1.000000	1.000000	413.000000	379.000000
1.000000	145.000000	215.000000	546.000000	699.000000	168.000000	310.000000	512.000000	1341.000000	1107.000000	1257.000000	1168.000000	775.000000	631.000000	1.000000	1.000000	80.000000	1.000000	615.000000	248.000000	1.000000
143.000000	144.000000	265.000000	1200.000000	913.000000	586.000000	245.000000	1.000000	1.000000	1.000000	1.000000	70.000000	140.000000	1.000000	1.000000	1.000000	804.000000	571.000000	227.000000	1.000000	1.000000
1038.000000	603.000000	1321.000000	722.000000	411.000000	335.000000	882.000000	729.000000	366.000000	961.000000	949.000000	1.000000	1.000000	293.000000	397.000000	564.000000	1077.000000	593.000000	210.000000	662.000000	1249.000000
684.000000	277.000000	1.000000	1.000000	235.000000	647.000000	1190.000000	1356.000000	1111.000000	397.000000	447.000000	432.000000	426.000000	589.000000	510.000000	1460.000000	707.000000	149.000000	143.000000	685.000000	428.000000
1.000000	1.000000	1.000000	178.000000	180.000000	241.000000	767.000000	1243.000000	2442.000000	2805.000000	3108.000000	2945.000000	2586.000000	2518.000000	1775.000000	1.000000	1.000000	1.000000	671.000000	611.000000	439.000000
163.000000	169.000000	507.000000	508.000000	1.000000	1.000000	1.000000	255.000000	635.000000	881.000000	1039.000000	1575.000000	1271.000000	279.000000	1.000000	1.000000	1.000000	1.000000	166.000000	198.000000	364.000000
1.000000	1.000000	1.000000	1.000000	1.000000	1.000000	1.000000	1.000000	1.000000	149.000000	149.000000	1.000000	1.000000	1.000000	1.000000	1.000000	1.000000	1.000000	1.000000	1.000000	1.000000
1.000000	1.000000	1.000000	1.000000	1.000000	1.000000	1.000000	1.000000	1.000000	1.000000	1.000000	1.000000	1.000000	1.000000	1.000000	1.000000	1.000000	1.000000	1.000000	1.000000	1.000000
1.000000	1.000000	1.000000	1.000000	1.000000	1.000000	1.000000	1.000000	1.000000	1.000000	1.000000	1.000000	1.000000	1.000000	1.000000	1.000000	1.000000	1.000000	1.000000	1.000000	1.000000
