21 25 0
423.000000	245.000000	1194.000000	575.000000	269.000000	370.000000	815.000000	447.000000	335.000000	183.000000	282.000000	189.000000	249.000000	247.000000	339.000000	1.000000	666.000000	611.000000	179.000000	281.000000	884.000000
407.000000	900.000000	2449.000000	695.000000	487.000000	262.000000	1068.000000	267.000000	1.000000	185.000000	694.000000	247.000000	249.000000	247.000000	487.000000	301.000000	666.000000	1.000000	1.000000	1.000000	772.000000
141.000000	1943.000000	2387.000000	233.000000	457.000000	904.000000	481.000000	1.000000	1.000000	106.000000	988.000000	261.000000	315.000000	134.000000	485.000000	933.000000	492.000000	481.000000	1.000000	1.000000	754.000000
407.000000	1976.000000	2121.000000	333.000000	500.000000	430.000000	321.000000	1.000000	157.000000	1.000000	1019.000000	263.000000	486.000000	151.000000	451.000000	625.000000	163.000000	520.000000	1.000000	1.000000	685.000000
425.000000	2248.000000	1414.000000	173.000000	257.000000	167.000000	260.000000	1.000000	1.000000	1.000000	721.000000	249.000000	315.000000	283.000000	173.000000	224.000000	1.000000	361.000000	1.000000	1.000000	688.000000
421.000000	1887.000000	1362.000000	1.000000	447.000000	493.000000	1.000000	1.000000	1.000000	1.000000	299.000000	1.000000	1.000000	285.000000	1.000000	1.000000	1.000000	233.000000	438.000000	1.000000	1292.000000
503.000000	1507.000000	609.000000	1.000000	447.000000	493.000000	1.000000	1.000000	810.000000	385.000000	366.000000	1.000000	1.000000	285.000000	1.000000	1.000000	1.000000	884.000000	1260.000000	263.000000	1105.000000
963.000000	805.000000	1.000000	1.000000	1.000000	1.000000	1.000000	935.000000	917.000000	2302.000000	933.000000	273.000000	1.000000	1.000000	1.000000	1.000000	1.000000	795.000000	1472.000000	816.000000	1289.000000
636.000000	1504.000000	1.000000	469.000000	1.000000	1.000000	1.000000	1.000000	401.000000	3162.000000	1570.000000	415.000000	1.000000	1.000000	1.000000	1.000000	744.000000	1066.000000	1390.000000	816.000000	878.000000
597.000000	1958.000000	605.000000	309.000000	378.000000	1.000000	1.000000	1.000000	361.000000	3190.000000	1513.000000	223.000000	474.000000	296.000000	333.000000	1.000000	751.000000	822.000000	229.000000	249.000000	137.000000
598.000000	1567.000000	607.000000	197.000000	532.000000	1.000000	1.000000	1.000000	237.000000	2709.000000	409.000000	161.000000	547.000000	1414.000000	223.000000	1.000000	576.000000	1.000000	1.000000	340.000000	1.000000
699.000000	951.000000	523.000000	331.000000	887.000000	1.000000	1.000000	1.000000	379.000000	2805.000000	581.000000	147.000000	385.000000	2064.000000	766.000000	1.000000	221.000000	1.000000	1.000000	801.000000	175.000000
585.000000	810.000000	241.000000	355.000000	1147.000000	162.000000	1.000000	1.000000	471.000000	2180.000000	509.000000	1.000000	339.000000	2144.000000	1009.000000	1.000000	1.000000	1.000000	332.000000	481.000000	1.000000
1047.000000	418.000000	430.000000	437.000000	1135.000000	385.000000	383.000000	277.000000	1.000000	149.000000	511.000000	1.000000	281.000000	1632.000000	475.000000	1.000000	1.000000	1.000000	828.000000	623.000000	240.000000
703.000000	611.000000	401.000000	519.000000	1061.000000	641.000000	383.000000	1.000000	1.000000	1.000000	1.000000	428.000000	1.000000	524.000000	1.000000	1.000000	1.000000	237.000000	815.000000	515.000000	505.000000
281.000000	321.000000	419.000000	834.000000	1263.000000	373.000000	1.000000	433.000000	1.000000	1.000000	1.000000	1.000000	363.000000	1.000000	162.000000	85.000000	189.000000	271.000000	361.000000	141.000000	563.000000
383.000000	321.000000	403.000000	830.000000	858.000000	295.000000	1.000000	1.000000	1.000000	503.000000	1.000000	1.000000	1.000000	447.000000	396.000000	193.000000	379.000000	357.000000	449.000000	384.000000	1003.000000
419.000000	287.000000	377.000000	1075.000000	1229.000000	575.000000	671.000000	1.000000	1.000000	469.000000	1.000000	1.000000	1.000000	183.000000	597.000000	1.000000	207.000000	535.000000	518.000000	622.000000	607.000000
151.000000	323.000000	305.000000	1462.000000	1211.000000	811.000000	1699.000000	701.000000	1.000000	1.000000	1.000000	1.000000	432.000000	1.000000	345.000000	1.000000	159.000000	512.000000	542.000000	309.000000	589.000000
231.000000	781.000000	613.000000	593.000000	880.000000	649.000000	787.000000	1449.000000	933.000000	1.000000	1.000000	1.000000	1272.000000	1.000000	1.000000	1.000000	566.000000	884.000000	501.000000	277.000000	334.000000
207.000000	1486.000000	657.000000	476.000000	411.000000	201.000000	601.000000	1390.000000	1265.000000	1.000000	1.000000	1.000000	387.000000	1.000000	161.000000	277.000000	673.000000	841.000000	210.000000	409.000000	1.000000
757.000000	716.000000	1.000000	133.000000	418.000000	1.000000	565.000000	405.000000	303.000000	1.000000	1.000000	1.000000	1.000000	183.000000	441.000000	730.000000	522.000000	528.000000	197.000000	565.000000	168.000000
1.000000	305.000000	1.000000	185.000000	1.000000	1.000000	1.000000	1.000000	1.000000	1.000000	1.000000	1.000000	1.000000	251.000000	1.000000	185.000000	1.000000	1.000000	1.000000	1.000000	263.000000
1.000000	1.000000	1.000000	1.000000	1.000000	1.000000	1.000000	1.000000	1.000000	1.000000	1.000000	1.000000	1.000000	1.000000	1.000000	1.000000	1.000000	1.000000	1.000000	1.000000	1.000000
1.000000	1.000000	1.000000	1.000000	1.000000	1.000000	1.000000	1.000000	1.000000	1.000000	1.000000	1.000000	1.000000	1.000000	1.000000	1.000000	1.000000	1.000000	1.000000	1.000000	1.000000
