21 25 0
1.000000	598.000000	615.000000	133.000000	1.000000	1.000000	1.000000	1.000000	1.000000	1.000000	1.000000	283.000000	183.000000	1.000000	203.000000	1.000000	1.000000	133.000000	133.000000	553.000000	1368.000000
1.000000	1.000000	1.000000	1.000000	1.000000	1.000000	1.000000	162.000000	1.000000	1.000000	1.000000	1.000000	1.000000	1.000000	220.000000	309.000000	75.000000	1.000000	416.000000	1.000000	963.000000
1.000000	639.000000	867.000000	235.000000	1.000000	508.000000	585.000000	1.000000	175.000000	617.000000	746.000000	163.000000	190.000000	77.000000	732.000000	1022.000000	808.000000	1031.000000	345.000000	570.000000	335.000000
1.000000	1642.000000	1323.000000	1.000000	181.000000	511.000000	157.000000	1.000000	1.000000	210.000000	395.000000	263.000000	247.000000	151.000000	255.000000	593.000000	544.000000	1147.000000	720.000000	178.000000	885.000000
421.000000	1054.000000	1002.000000	1.000000	1.000000	1.000000	1.000000	1.000000	1.000000	1.000000	1.000000	1.000000	1.000000	1.000000	1.000000	1.000000	1.000000	185.000000	177.000000	1.000000	605.000000
473.000000	176.000000	668.000000	955.000000	1813.000000	613.000000	940.000000	703.000000	434.000000	1.000000	1.000000	238.000000	302.000000	737.000000	87.000000	1.000000	348.000000	887.000000	474.000000	1.000000	663.000000
1.000000	1.000000	414.000000	613.000000	2774.000000	2235.000000	1341.000000	2654.000000	2477.000000	1332.000000	474.000000	895.000000	1399.000000	2392.000000	1346.000000	1456.000000	1928.000000	2330.000000	1595.000000	475.000000	381.000000
1.000000	239.000000	1.000000	1.000000	1.000000	855.000000	1360.000000	1128.000000	2490.000000	1822.000000	417.000000	1.000000	554.000000	765.000000	1567.000000	1719.000000	1276.000000	1511.000000	1742.000000	719.000000	262.000000
1.000000	245.000000	1.000000	379.000000	1.000000	1.000000	1.000000	1.000000	369.000000	2490.000000	500.000000	1.000000	1.000000	1.000000	1.000000	1.000000	663.000000	1.000000	293.000000	213.000000	239.000000
426.000000	1499.000000	1178.000000	303.000000	380.000000	1.000000	1.000000	1.000000	1.000000	377.000000	1.000000	1.000000	1.000000	1.000000	1.000000	1.000000	1.000000	1.000000	1.000000	155.000000	1.000000
495.000000	772.000000	1198.000000	717.000000	757.000000	1.000000	1.000000	1.000000	1.000000	1.000000	1.000000	1.000000	239.000000	715.000000	1.000000	1.000000	1.000000	1.000000	1.000000	329.000000	1.000000
193.000000	612.000000	745.000000	1105.000000	1365.000000	355.000000	635.000000	983.000000	1022.000000	753.000000	1.000000	1.000000	357.000000	2197.000000	893.000000	175.000000	1.000000	1.000000	343.000000	495.000000	628.000000
227.000000	1003.000000	996.000000	405.000000	980.000000	563.000000	1.000000	598.000000	1213.000000	3576.000000	2623.000000	1.000000	1.000000	1117.000000	1570.000000	886.000000	1.000000	317.000000	227.000000	227.000000	729.000000
1111.000000	554.000000	809.000000	395.000000	644.000000	1.000000	1.000000	1.000000	1.000000	1603.000000	2000.000000	894.000000	1.000000	1.000000	139.000000	203.000000	1.000000	1.000000	1.000000	235.000000	1.000000
267.000000	887.000000	378.000000	589.000000	324.000000	1.000000	1.000000	1230.000000	382.000000	1.000000	1.000000	1.000000	1.000000	1.000000	1.000000	1.000000	1.000000	1.000000	463.000000	395.000000	1.000000
1.000000	303.000000	195.000000	896.000000	590.000000	324.000000	523.000000	1780.000000	2246.000000	1226.000000	1.000000	1.000000	265.000000	395.000000	1317.000000	1.000000	1.000000	1.000000	1.000000	401.000000	149.000000
1.000000	283.000000	595.000000	840.000000	851.000000	374.000000	1.000000	1.000000	409.000000	718.000000	160.000000	1.000000	1.000000	207.000000	131.000000	177.000000	192.000000	1.000000	1.000000	1.000000	1.000000
1.000000	1.000000	581.000000	429.000000	740.000000	642.000000	732.000000	1.000000	1.000000	1.000000	1.000000	1.000000	1.000000	1.000000	1.000000	1.000000	1.000000	1.000000	365.000000	1.000000	295.000000
661.000000	1.000000	1.000000	584.000000	603.000000	469.000000	1306.000000	983.000000	1.000000	1.000000	493.000000	1.000000	1.000000	1.000000	1.000000	1.000000	435.000000	370.000000	206.000000	305.000000	786.000000
1.000000	1.000000	1.000000	1.000000	675.000000	735.000000	1227.000000	2007.000000	1035.000000	143.000000	231.000000	1.000000	1.000000	1.000000	1.000000	1.000000	153.000000	529.000000	153.000000	281.000000	146.000000
183.000000	513.000000	1.000000	1.000000	179.000000	241.000000	797.000000	1403.000000	2232.000000	2060.000000	1678.000000	1133.000000	1.000000	288.000000	1.000000	1.000000	1.000000	334.000000	313.000000	305.000000	287.000000
185.000000	185.000000	1.000000	1.000000	1.000000	172.000000	1.000000	415.000000	541.000000	557.000000	895.000000	589.000000	277.000000	1.000000	183.000000	1.000000	1.000000	306.000000	1.000000	157.000000	336.000000
1.000000	167.000000	1.000000	1.000000	1.000000	1.000000	1.000000	1.000000	1.000000	1.000000	1.000000	1.000000	1.000000	1.000000	1.000000	1.000000	1.000000	1.000000	1.000000	1.000000	1.000000
1.000000	1.000000	1.000000	1.000000	1.000000	1.000000	1.000000	1.000000	1.000000	1.000000	1.000000	1.000000	1.000000	1.000000	1.000000	1.000000	1.000000	1.000000	1.000000	1.000000	1.000000
1.000000	1.000000	1.000000	1.000000	1.000000	1.000000	1.000000	1.000000	1.000000	1.000000	1.000000	1.000000	1.000000	1.000000	1.000000	1.000000	1.000000	1.000000	1.000000	1.000000	1.000000
