21 25 0
1.000000	1.000000	367.000000	435.000000	1361.000000	1932.000000	1983.000000	2094.000000	1417.000000	1010.000000	1191.000000	937.000000	858.000000	956.000000	1404.000000	1652.000000	1936.000000	2005.000000	1674.000000	1060.000000	407.000000
1.000000	363.000000	1302.000000	1688.000000	1611.000000	1750.000000	1259.000000	1165.000000	853.000000	1172.000000	1433.000000	1611.000000	1411.000000	1373.000000	1433.000000	1705.000000	1700.000000	1913.000000	1697.000000	998.000000	687.000000
1.000000	755.000000	1276.000000	606.000000	1.000000	1.000000	1.000000	1.000000	1.000000	1.000000	1.000000	1.000000	311.000000	179.000000	391.000000	415.000000	515.000000	671.000000	739.000000	851.000000	133.000000
1.000000	1.000000	321.000000	1.000000	1.000000	314.000000	434.000000	894.000000	761.000000	605.000000	648.000000	790.000000	807.000000	649.000000	450.000000	474.000000	281.000000	1.000000	1.000000	1.000000	1.000000
1.000000	619.000000	619.000000	771.000000	2104.000000	2288.000000	2212.000000	2547.000000	2535.000000	2291.000000	2113.000000	1920.000000	1811.000000	2650.000000	2565.000000	1766.000000	1560.000000	1317.000000	892.000000	364.000000	1.000000
1.000000	876.000000	389.000000	483.000000	1406.000000	1420.000000	883.000000	751.000000	958.000000	1082.000000	788.000000	758.000000	1078.000000	1539.000000	1640.000000	1430.000000	1320.000000	1225.000000	1450.000000	1041.000000	804.000000
381.000000	381.000000	1.000000	1.000000	1.000000	1.000000	1.000000	1.000000	1.000000	1.000000	1.000000	1.000000	1.000000	1.000000	1.000000	1.000000	1.000000	1.000000	271.000000	689.000000	654.000000
849.000000	641.000000	177.000000	315.000000	986.000000	772.000000	907.000000	935.000000	317.000000	1.000000	1.000000	1.000000	1.000000	500.000000	964.000000	911.000000	425.000000	684.000000	436.000000	260.000000	289.000000
1.000000	249.000000	1571.000000	1371.000000	1897.000000	2103.000000	1958.000000	2371.000000	1673.000000	1660.000000	1335.000000	836.000000	1413.000000	2107.000000	2414.000000	2457.000000	1710.000000	2260.000000	1528.000000	478.000000	173.000000
1.000000	138.000000	887.000000	1546.000000	2317.000000	2616.000000	2516.000000	2757.000000	2811.000000	2072.000000	701.000000	1.000000	907.000000	2671.000000	2869.000000	2475.000000	2243.000000	2173.000000	1263.000000	650.000000	721.000000
371.000000	1.000000	1.000000	349.000000	994.000000	879.000000	1623.000000	1925.000000	640.000000	334.000000	1.000000	1.000000	1.000000	730.000000	1300.000000	901.000000	1218.000000	930.000000	163.000000	1.000000	387.000000
303.000000	526.000000	1.000000	1.000000	1.000000	1.000000	178.000000	178.000000	1.000000	149.000000	757.000000	1056.000000	1.000000	1.000000	1.000000	1.000000	1.000000	1.000000	1.000000	1.000000	1.000000
193.000000	409.000000	169.000000	1.000000	1.000000	1.000000	1.000000	1.000000	1.000000	1.000000	1.000000	1.000000	1.000000	1.000000	1.000000	1.000000	1.000000	1.000000	1.000000	1.000000	1.000000
145.000000	1.000000	1.000000	195.000000	195.000000	718.000000	1524.000000	2400.000000	1784.000000	501.000000	140.000000	141.000000	546.000000	1461.000000	1272.000000	510.000000	1.000000	310.000000	161.000000	167.000000	561.000000
295.000000	289.000000	1.000000	383.000000	724.000000	555.000000	831.000000	1816.000000	2209.000000	2686.000000	2510.000000	2922.000000	3031.000000	2010.000000	1383.000000	658.000000	622.000000	903.000000	220.000000	1.000000	421.000000
412.000000	211.000000	1.000000	1.000000	147.000000	1.000000	1.000000	1.000000	1.000000	455.000000	136.000000	1.000000	1.000000	1.000000	1.000000	1.000000	315.000000	699.000000	195.000000	147.000000	285.000000
147.000000	303.000000	1.000000	1.000000	1.000000	189.000000	251.000000	1472.000000	1343.000000	967.000000	613.000000	465.000000	391.000000	894.000000	1207.000000	398.000000	145.000000	1.000000	1.000000	139.000000	141.000000
133.000000	1.000000	1.000000	1.000000	1.000000	177.000000	669.000000	1613.000000	2672.000000	1189.000000	444.000000	1043.000000	1459.000000	1477.000000	609.000000	235.000000	1.000000	1.000000	1.000000	1.000000	141.000000
1.000000	1.000000	1.000000	247.000000	709.000000	313.000000	1.000000	689.000000	566.000000	1115.000000	1734.000000	1612.000000	1218.000000	1046.000000	157.000000	1.000000	1.000000	1.000000	1.000000	1.000000	1.000000
365.000000	767.000000	1157.000000	1906.000000	851.000000	414.000000	1.000000	229.000000	791.000000	1560.000000	2337.000000	2545.000000	1980.000000	907.000000	1.000000	1.000000	1.000000	1.000000	368.000000	697.000000	540.000000
1770.000000	1881.000000	1915.000000	1096.000000	249.000000	83.000000	393.000000	1.000000	1.000000	1.000000	1.000000	1.000000	1.000000	1.000000	465.000000	465.000000	1022.000000	375.000000	385.000000	1415.000000	1920.000000
870.000000	455.000000	427.000000	167.000000	383.000000	601.000000	1.000000	775.000000	474.000000	1.000000	1.000000	1.000000	289.000000	228.000000	655.000000	1571.000000	1009.000000	839.000000	751.000000	853.000000	333.000000
1.000000	1.000000	1.000000	1.000000	1.000000	197.000000	477.000000	289.000000	1.000000	1.000000	1.000000	1.000000	1.000000	1.000000	175.000000	1.000000	1.000000	1.000000	629.000000	457.000000	1.000000
1.000000	1.000000	1.000000	1.000000	1.000000	1.000000	1.000000	1.000000	1.000000	1.000000	1.000000	1.000000	1.000000	1.000000	1.000000	1.000000	1.000000	1.000000	1.000000	1.000000	1.000000
1.000000	1.000000	1.000000	1.000000	1.000000	1.000000	1.000000	1.000000	1.000000	1.000000	1.000000	1.000000	1.000000	1.000000	1.000000	1.000000	1.000000	1.000000	1.000000	1.000000	1.000000
