21 25 0
999.000000	547.000000	1.000000	563.000000	756.000000	1.000000	693.000000	293.000000	970.000000	618.000000	337.000000	257.000000	1.000000	225.000000	1.000000	1.000000	1.000000	613.000000	1311.000000	941.000000	647.000000
1496.000000	181.000000	1.000000	439.000000	934.000000	1.000000	489.000000	663.000000	1095.000000	408.000000	537.000000	1.000000	303.000000	189.000000	1.000000	1.000000	327.000000	338.000000	1163.000000	1346.000000	1059.000000
1212.000000	147.000000	1.000000	1083.000000	1168.000000	349.000000	553.000000	879.000000	1135.000000	435.000000	506.000000	1.000000	475.000000	1.000000	215.000000	1.000000	327.000000	1.000000	953.000000	2165.000000	1403.000000
245.000000	1.000000	1.000000	1264.000000	819.000000	193.000000	371.000000	397.000000	1046.000000	605.000000	650.000000	1.000000	609.000000	343.000000	350.000000	1.000000	1.000000	373.000000	817.000000	1655.000000	345.000000
895.000000	1.000000	1.000000	451.000000	374.000000	1.000000	1.000000	1.000000	1442.000000	606.000000	317.000000	301.000000	165.000000	321.000000	374.000000	171.000000	1.000000	309.000000	657.000000	1863.000000	678.000000
1241.000000	1.000000	423.000000	1.000000	1.000000	1.000000	1.000000	1.000000	599.000000	176.000000	271.000000	1.000000	1.000000	1.000000	1080.000000	1.000000	1.000000	165.000000	1580.000000	1957.000000	1137.000000
558.000000	1.000000	1411.000000	291.000000	178.000000	1.000000	434.000000	1.000000	1.000000	1.000000	271.000000	317.000000	1.000000	1.000000	1394.000000	1.000000	1.000000	1.000000	1143.000000	1641.000000	1197.000000
1.000000	1.000000	1175.000000	1093.000000	173.000000	475.000000	435.000000	1.000000	1.000000	1.000000	297.000000	2317.000000	678.000000	1.000000	909.000000	1.000000	1.000000	1.000000	1.000000	1314.000000	746.000000
1.000000	1.000000	893.000000	1866.000000	904.000000	477.000000	1.000000	187.000000	1.000000	1.000000	760.000000	3336.000000	1183.000000	731.000000	484.000000	1.000000	1.000000	1.000000	262.000000	744.000000	627.000000
1.000000	1.000000	513.000000	1445.000000	1214.000000	481.000000	1.000000	187.000000	739.000000	1.000000	437.000000	3363.000000	1023.000000	1.000000	1.000000	1.000000	1.000000	1.000000	483.000000	264.000000	231.000000
505.000000	1.000000	1.000000	321.000000	1.000000	1.000000	1.000000	359.000000	937.000000	1.000000	417.000000	2564.000000	367.000000	1.000000	1.000000	1.000000	1.000000	195.000000	704.000000	1.000000	153.000000
249.000000	1.000000	1.000000	1.000000	1.000000	157.000000	159.000000	1063.000000	350.000000	1.000000	473.000000	2848.000000	744.000000	1.000000	335.000000	384.000000	297.000000	1232.000000	583.000000	1.000000	421.000000
1.000000	185.000000	211.000000	1.000000	1.000000	331.000000	161.000000	727.000000	1.000000	1.000000	477.000000	2607.000000	725.000000	1.000000	1.000000	1.000000	787.000000	1691.000000	211.000000	275.000000	429.000000
1.000000	495.000000	565.000000	1.000000	1.000000	1.000000	1.000000	591.000000	642.000000	299.000000	477.000000	1647.000000	148.000000	1.000000	1.000000	143.000000	1097.000000	1218.000000	327.000000	839.000000	721.000000
300.000000	571.000000	529.000000	200.000000	1.000000	1.000000	1.000000	1.000000	642.000000	450.000000	1.000000	1.000000	1.000000	468.000000	151.000000	403.000000	829.000000	559.000000	360.000000	827.000000	402.000000
291.000000	448.000000	1.000000	376.000000	1.000000	395.000000	156.000000	206.000000	1.000000	459.000000	1.000000	871.000000	1.000000	469.000000	1.000000	323.000000	634.000000	677.000000	835.000000	638.000000	214.000000
291.000000	715.000000	528.000000	1.000000	1.000000	352.000000	1.000000	398.000000	862.000000	434.000000	1.000000	1377.000000	1.000000	1.000000	257.000000	293.000000	899.000000	864.000000	1166.000000	984.000000	209.000000
155.000000	718.000000	449.000000	1.000000	153.000000	363.000000	207.000000	173.000000	831.000000	1.000000	1.000000	457.000000	1.000000	1.000000	341.000000	178.000000	868.000000	496.000000	741.000000	595.000000	390.000000
302.000000	997.000000	623.000000	1.000000	305.000000	697.000000	1.000000	1.000000	1.000000	260.000000	409.000000	457.000000	1.000000	393.000000	207.000000	864.000000	703.000000	233.000000	859.000000	907.000000	390.000000
302.000000	671.000000	585.000000	1.000000	395.000000	901.000000	1.000000	1.000000	1.000000	1.000000	409.000000	1.000000	397.000000	921.000000	589.000000	940.000000	229.000000	205.000000	1281.000000	703.000000	173.000000
1.000000	173.000000	461.000000	1250.000000	559.000000	1325.000000	172.000000	178.000000	1.000000	1.000000	1.000000	1.000000	553.000000	695.000000	425.000000	552.000000	227.000000	277.000000	353.000000	213.000000	1.000000
133.000000	1.000000	525.000000	1026.000000	729.000000	368.000000	925.000000	215.000000	1.000000	1.000000	1.000000	1.000000	385.000000	297.000000	1.000000	405.000000	1.000000	279.000000	436.000000	1.000000	183.000000
441.000000	1.000000	129.000000	1.000000	357.000000	185.000000	1.000000	1.000000	1.000000	1.000000	1.000000	1.000000	1.000000	1.000000	1.000000	249.000000	1.000000	1.000000	309.000000	199.000000	145.000000
1.000000	1.000000	1.000000	1.000000	1.000000	1.000000	1.000000	1.000000	1.000000	1.000000	1.000000	1.000000	1.000000	1.000000	1.000000	1.000000	1.000000	1.000000	1.000000	1.000000	1.000000
1.000000	1.000000	1.000000	1.000000	1.000000	1.000000	1.000000	1.000000	1.000000	1.000000	1.000000	1.000000	1.000000	1.000000	1.000000	1.000000	1.000000	1.000000	1.000000	1.000000	1.000000
