21 25 0
1.000000	1.000000	1.000000	636.000000	854.000000	1250.000000	1176.000000	1148.000000	1054.000000	1062.000000	508.000000	486.000000	227.000000	1.000000	962.000000	791.000000	637.000000	1095.000000	1520.000000	937.000000	530.000000
1.000000	1.000000	1.000000	141.000000	204.000000	359.000000	770.000000	410.000000	673.000000	825.000000	485.000000	943.000000	670.000000	143.000000	323.000000	283.000000	623.000000	1306.000000	1322.000000	1237.000000	1394.000000
1.000000	1.000000	1.000000	374.000000	161.000000	1.000000	1.000000	1.000000	1.000000	1.000000	1.000000	1.000000	1.000000	1.000000	215.000000	187.000000	1.000000	1.000000	1107.000000	1564.000000	709.000000
163.000000	1.000000	1.000000	297.000000	537.000000	237.000000	214.000000	185.000000	428.000000	669.000000	189.000000	1.000000	169.000000	333.000000	218.000000	1.000000	149.000000	1.000000	1.000000	841.000000	441.000000
484.000000	1.000000	1.000000	167.000000	493.000000	727.000000	223.000000	822.000000	1869.000000	1742.000000	1023.000000	655.000000	877.000000	648.000000	1067.000000	681.000000	575.000000	819.000000	1025.000000	384.000000	1.000000
797.000000	1.000000	1.000000	1.000000	1.000000	157.000000	1.000000	69.000000	845.000000	1140.000000	439.000000	153.000000	167.000000	137.000000	209.000000	327.000000	357.000000	485.000000	1393.000000	1648.000000	1156.000000
527.000000	1.000000	449.000000	172.000000	425.000000	1.000000	1.000000	1.000000	1.000000	1.000000	1.000000	1.000000	1.000000	1.000000	1.000000	1.000000	1.000000	1.000000	1011.000000	1513.000000	1186.000000
161.000000	1.000000	212.000000	313.000000	842.000000	473.000000	1.000000	143.000000	1.000000	1.000000	297.000000	398.000000	1.000000	1.000000	1.000000	1.000000	1.000000	1.000000	1.000000	595.000000	480.000000
1.000000	202.000000	1117.000000	1991.000000	1204.000000	1286.000000	771.000000	489.000000	642.000000	1.000000	431.000000	2872.000000	1584.000000	789.000000	681.000000	489.000000	262.000000	1.000000	1.000000	1.000000	1.000000
1.000000	1.000000	870.000000	1686.000000	1637.000000	1407.000000	1898.000000	2034.000000	1271.000000	1.000000	1.000000	2613.000000	1145.000000	1016.000000	1280.000000	1163.000000	867.000000	532.000000	1.000000	221.000000	317.000000
243.000000	1.000000	1.000000	317.000000	1355.000000	484.000000	592.000000	848.000000	319.000000	1.000000	309.000000	1988.000000	259.000000	357.000000	932.000000	643.000000	409.000000	209.000000	1.000000	1.000000	537.000000
303.000000	225.000000	1.000000	1.000000	1.000000	1.000000	1.000000	1.000000	1.000000	1.000000	459.000000	1694.000000	653.000000	1.000000	1.000000	157.000000	1.000000	178.000000	1.000000	1.000000	1.000000
1.000000	551.000000	217.000000	1.000000	1.000000	1.000000	1.000000	548.000000	1.000000	1.000000	1.000000	381.000000	1.000000	1.000000	1.000000	1.000000	1.000000	188.000000	88.000000	1.000000	1.000000
297.000000	169.000000	565.000000	163.000000	1.000000	1.000000	1.000000	1540.000000	2103.000000	772.000000	1.000000	1.000000	1.000000	1.000000	1.000000	247.000000	1.000000	164.000000	299.000000	328.000000	227.000000
443.000000	663.000000	201.000000	293.000000	1.000000	1.000000	1.000000	495.000000	2108.000000	2400.000000	832.000000	1.000000	1.000000	1.000000	839.000000	703.000000	470.000000	844.000000	209.000000	161.000000	253.000000
287.000000	438.000000	1.000000	345.000000	1.000000	1.000000	860.000000	1.000000	1.000000	466.000000	462.000000	1.000000	1.000000	1.000000	1.000000	437.000000	551.000000	610.000000	378.000000	209.000000	1.000000
143.000000	291.000000	142.000000	1.000000	1.000000	1.000000	193.000000	1488.000000	748.000000	1.000000	1.000000	1.000000	1.000000	1.000000	1.000000	1.000000	197.000000	1.000000	500.000000	251.000000	143.000000
133.000000	143.000000	1.000000	1.000000	1.000000	1.000000	239.000000	842.000000	1302.000000	276.000000	1.000000	1.000000	1.000000	1.000000	1.000000	201.000000	1.000000	1.000000	432.000000	251.000000	1.000000
1.000000	213.000000	351.000000	1.000000	1.000000	1.000000	1.000000	195.000000	738.000000	1086.000000	1557.000000	665.000000	458.000000	1.000000	1.000000	1.000000	1.000000	1.000000	597.000000	1.000000	1.000000
1.000000	181.000000	507.000000	403.000000	342.000000	1060.000000	1.000000	1.000000	1.000000	855.000000	1225.000000	979.000000	622.000000	527.000000	1.000000	1.000000	1.000000	1.000000	283.000000	823.000000	257.000000
678.000000	573.000000	2041.000000	1022.000000	557.000000	756.000000	1041.000000	214.000000	1.000000	1.000000	1.000000	1.000000	1.000000	1.000000	387.000000	431.000000	227.000000	1.000000	521.000000	661.000000	1135.000000
1.000000	437.000000	585.000000	342.000000	595.000000	804.000000	913.000000	734.000000	413.000000	1.000000	1.000000	1.000000	1.000000	1.000000	1.000000	365.000000	431.000000	923.000000	627.000000	1.000000	312.000000
305.000000	1.000000	1.000000	153.000000	153.000000	343.000000	307.000000	149.000000	1.000000	1.000000	1.000000	1.000000	1.000000	1.000000	1.000000	1.000000	1.000000	1.000000	485.000000	629.000000	199.000000
1.000000	1.000000	1.000000	1.000000	1.000000	1.000000	1.000000	1.000000	1.000000	1.000000	1.000000	1.000000	1.000000	1.000000	1.000000	1.000000	1.000000	1.000000	1.000000	1.000000	1.000000
1.000000	1.000000	1.000000	1.000000	1.000000	1.000000	1.000000	1.000000	1.000000	1.000000	1.000000	1.000000	1.000000	1.000000	1.000000	1.000000	1.000000	1.000000	1.000000	1.000000	1.000000
