21 25 0
583.000000	781.000000	1.000000	276.000000	124.000000	1.000000	1.000000	1.000000	246.000000	617.000000	546.000000	285.000000	237.000000	301.000000	1.000000	153.000000	1.000000	151.000000	339.000000	1.000000	147.000000
1149.000000	1.000000	1.000000	83.000000	1.000000	1.000000	1.000000	381.000000	760.000000	625.000000	412.000000	199.000000	1.000000	1.000000	1.000000	1.000000	1.000000	296.000000	1.000000	261.000000	416.000000
270.000000	1.000000	1.000000	1.000000	462.000000	135.000000	1216.000000	1289.000000	877.000000	209.000000	469.000000	1.000000	376.000000	215.000000	159.000000	1.000000	1.000000	338.000000	859.000000	1002.000000	239.000000
1.000000	1.000000	1.000000	1038.000000	600.000000	161.000000	311.000000	378.000000	187.000000	263.000000	317.000000	1.000000	281.000000	177.000000	157.000000	1.000000	1.000000	245.000000	464.000000	1647.000000	581.000000
1.000000	1.000000	1.000000	138.000000	1.000000	1.000000	1.000000	1.000000	1.000000	1.000000	1.000000	1.000000	1.000000	1.000000	1.000000	1.000000	1.000000	163.000000	173.000000	631.000000	473.000000
1.000000	1.000000	1.000000	1.000000	1.000000	654.000000	1228.000000	747.000000	436.000000	1.000000	1.000000	1.000000	1.000000	1.000000	934.000000	942.000000	192.000000	1.000000	997.000000	698.000000	409.000000
1.000000	1.000000	931.000000	1451.000000	877.000000	1803.000000	2786.000000	1918.000000	1669.000000	480.000000	153.000000	647.000000	1457.000000	1804.000000	2758.000000	1772.000000	744.000000	363.000000	901.000000	417.000000	1.000000
1.000000	509.000000	1225.000000	1233.000000	1437.000000	1656.000000	768.000000	1.000000	382.000000	1.000000	1.000000	1407.000000	2385.000000	2342.000000	1916.000000	1096.000000	827.000000	343.000000	1.000000	469.000000	1.000000
1.000000	1.000000	1.000000	924.000000	1.000000	1.000000	1.000000	1.000000	1.000000	1.000000	1.000000	1537.000000	1307.000000	319.000000	1.000000	1.000000	1.000000	1.000000	70.000000	1.000000	331.000000
1.000000	1.000000	1.000000	1.000000	1.000000	1.000000	1.000000	1.000000	1.000000	1.000000	387.000000	1272.000000	333.000000	1.000000	1.000000	1.000000	1.000000	139.000000	377.000000	445.000000	310.000000
1.000000	1.000000	1.000000	1.000000	1.000000	1.000000	1.000000	1.000000	1.000000	1.000000	339.000000	629.000000	1.000000	1.000000	1.000000	1.000000	1.000000	548.000000	1444.000000	484.000000	182.000000
1.000000	1.000000	1.000000	339.000000	1.000000	1.000000	626.000000	1928.000000	552.000000	1.000000	1.000000	881.000000	337.000000	667.000000	1.000000	1.000000	296.000000	1829.000000	1405.000000	216.000000	372.000000
1.000000	1.000000	377.000000	141.000000	1.000000	489.000000	1648.000000	1001.000000	1.000000	1.000000	1670.000000	3085.000000	2341.000000	1.000000	295.000000	1.000000	1234.000000	1807.000000	227.000000	213.000000	1109.000000
457.000000	271.000000	169.000000	1.000000	1.000000	219.000000	302.000000	1.000000	1.000000	196.000000	1767.000000	1198.000000	156.000000	1.000000	1.000000	1.000000	957.000000	737.000000	218.000000	713.000000	663.000000
1.000000	347.000000	1.000000	1.000000	1.000000	1.000000	1.000000	1.000000	426.000000	1.000000	1.000000	1.000000	1.000000	613.000000	906.000000	215.000000	367.000000	1.000000	267.000000	801.000000	403.000000
1.000000	306.000000	1.000000	1.000000	1.000000	187.000000	198.000000	618.000000	1277.000000	966.000000	1.000000	627.000000	2373.000000	2776.000000	1188.000000	305.000000	1.000000	1.000000	298.000000	881.000000	364.000000
1.000000	1.000000	215.000000	1.000000	1.000000	158.000000	262.000000	760.000000	1007.000000	1.000000	373.000000	957.000000	348.000000	1.000000	1.000000	331.000000	164.000000	731.000000	1078.000000	544.000000	1.000000
296.000000	383.000000	290.000000	359.000000	1.000000	173.000000	1.000000	1.000000	1.000000	1.000000	1.000000	1.000000	1.000000	1.000000	339.000000	373.000000	826.000000	924.000000	489.000000	1.000000	1.000000
486.000000	858.000000	294.000000	1.000000	1.000000	72.000000	1.000000	1.000000	1.000000	485.000000	461.000000	1.000000	1.000000	395.000000	337.000000	806.000000	1556.000000	594.000000	73.000000	251.000000	317.000000
728.000000	141.000000	231.000000	1.000000	153.000000	671.000000	1.000000	1.000000	1.000000	1.000000	1.000000	1.000000	397.000000	936.000000	1842.000000	1863.000000	1.000000	1.000000	711.000000	147.000000	285.000000
1.000000	1.000000	157.000000	181.000000	1290.000000	594.000000	1.000000	1.000000	339.000000	643.000000	297.000000	1462.000000	1779.000000	2148.000000	1441.000000	1.000000	1.000000	1.000000	1.000000	1.000000	415.000000
371.000000	1.000000	1199.000000	588.000000	346.000000	1.000000	1.000000	1.000000	547.000000	525.000000	872.000000	561.000000	965.000000	389.000000	1.000000	143.000000	1.000000	1.000000	169.000000	1.000000	1.000000
1.000000	513.000000	1.000000	1.000000	1.000000	1.000000	1.000000	1.000000	1.000000	1.000000	1.000000	1.000000	1.000000	1.000000	1.000000	249.000000	1.000000	1.000000	1.000000	1.000000	1.000000
1.000000	1.000000	1.000000	1.000000	1.000000	1.000000	1.000000	1.000000	1.000000	1.000000	1.000000	1.000000	1.000000	1.000000	1.000000	1.000000	1.000000	1.000000	1.000000	1.000000	1.000000
1.000000	1.000000	1.000000	1.000000	1.000000	1.000000	1.000000	1.000000	1.000000	1.000000	1.000000	1.000000	1.000000	1.000000	1.000000	1.000000	1.000000	1.000000	1.000000	1.000000	1.000000
