21 25 0
204.000000	1.000000	1.000000	1.000000	550.000000	1218.000000	73.000000	181.000000	175.000000	183.000000	161.000000	1.000000	487.000000	311.000000	628.000000	305.000000	1.000000	1.000000	1.000000	1.000000	287.000000
1.000000	1.000000	285.000000	509.000000	723.000000	359.000000	1.000000	1.000000	1.000000	154.000000	467.000000	547.000000	528.000000	787.000000	807.000000	77.000000	1.000000	1.000000	1.000000	507.000000	608.000000
459.000000	1.000000	275.000000	423.000000	631.000000	191.000000	193.000000	163.000000	532.000000	515.000000	823.000000	167.000000	308.000000	627.000000	521.000000	149.000000	227.000000	1.000000	1.000000	651.000000	935.000000
471.000000	1.000000	133.000000	898.000000	951.000000	629.000000	172.000000	339.000000	313.000000	513.000000	175.000000	1.000000	182.000000	549.000000	351.000000	645.000000	509.000000	245.000000	237.000000	732.000000	1235.000000
1.000000	466.000000	849.000000	823.000000	331.000000	1.000000	1.000000	1.000000	1.000000	311.000000	435.000000	510.000000	581.000000	541.000000	439.000000	601.000000	185.000000	1.000000	1.000000	371.000000	1383.000000
1.000000	885.000000	677.000000	573.000000	1.000000	1.000000	163.000000	825.000000	597.000000	1.000000	1.000000	331.000000	317.000000	1.000000	1.000000	215.000000	1.000000	1.000000	1.000000	217.000000	1533.000000
1.000000	227.000000	570.000000	609.000000	1281.000000	1496.000000	2672.000000	1866.000000	1.000000	1.000000	477.000000	1.000000	1.000000	946.000000	1025.000000	1205.000000	1.000000	1.000000	1.000000	1452.000000	1326.000000
1.000000	1.000000	464.000000	413.000000	416.000000	560.000000	901.000000	907.000000	1.000000	182.000000	608.000000	1252.000000	1590.000000	919.000000	1895.000000	733.000000	378.000000	195.000000	365.000000	1373.000000	937.000000
1.000000	1.000000	300.000000	1.000000	1.000000	1.000000	1.000000	1.000000	1.000000	237.000000	428.000000	1197.000000	236.000000	1.000000	468.000000	1.000000	195.000000	451.000000	1.000000	803.000000	550.000000
1.000000	1.000000	1.000000	1.000000	1.000000	1.000000	1.000000	145.000000	531.000000	1.000000	1.000000	1349.000000	1.000000	1.000000	1.000000	1.000000	1.000000	220.000000	1.000000	1182.000000	1.000000
1.000000	1.000000	1.000000	620.000000	315.000000	1.000000	809.000000	1899.000000	362.000000	1.000000	1.000000	1.000000	1.000000	1.000000	1.000000	1.000000	243.000000	1.000000	220.000000	215.000000	1.000000
1.000000	1.000000	667.000000	329.000000	1.000000	539.000000	2133.000000	1645.000000	1.000000	1.000000	1042.000000	365.000000	1.000000	1.000000	243.000000	1.000000	209.000000	189.000000	180.000000	215.000000	185.000000
1.000000	1.000000	508.000000	202.000000	665.000000	1408.000000	1312.000000	361.000000	1.000000	1345.000000	1738.000000	289.000000	1.000000	1178.000000	342.000000	1.000000	470.000000	674.000000	501.000000	501.000000	856.000000
1.000000	300.000000	440.000000	908.000000	811.000000	511.000000	1.000000	1.000000	1.000000	1345.000000	2171.000000	1858.000000	1.000000	347.000000	267.000000	974.000000	748.000000	843.000000	295.000000	271.000000	682.000000
169.000000	231.000000	177.000000	573.000000	979.000000	1.000000	1.000000	1.000000	1.000000	449.000000	1.000000	1.000000	1.000000	1.000000	191.000000	359.000000	207.000000	1.000000	1.000000	161.000000	715.000000
169.000000	647.000000	313.000000	469.000000	145.000000	1.000000	1.000000	1226.000000	1253.000000	325.000000	1.000000	1.000000	1.000000	737.000000	1380.000000	595.000000	1.000000	1.000000	1.000000	1068.000000	2303.000000
1136.000000	368.000000	377.000000	449.000000	1.000000	1.000000	1.000000	401.000000	307.000000	518.000000	383.000000	409.000000	409.000000	365.000000	1.000000	332.000000	209.000000	1.000000	597.000000	806.000000	1314.000000
1.000000	1.000000	463.000000	772.000000	1.000000	1.000000	1.000000	1.000000	1.000000	1.000000	373.000000	1.000000	1.000000	1.000000	285.000000	285.000000	303.000000	922.000000	738.000000	919.000000	1338.000000
1.000000	400.000000	263.000000	266.000000	1.000000	171.000000	219.000000	363.000000	366.000000	337.000000	371.000000	538.000000	311.000000	309.000000	1329.000000	1348.000000	891.000000	576.000000	487.000000	1847.000000	1219.000000
1.000000	965.000000	234.000000	1.000000	1.000000	249.000000	208.000000	1.000000	1.000000	1.000000	367.000000	385.000000	317.000000	755.000000	809.000000	812.000000	781.000000	1.000000	179.000000	1325.000000	541.000000
1355.000000	509.000000	213.000000	1.000000	1.000000	140.000000	1.000000	1.000000	355.000000	367.000000	385.000000	951.000000	1140.000000	1098.000000	817.000000	684.000000	325.000000	501.000000	703.000000	1.000000	165.000000
1003.000000	625.000000	496.000000	483.000000	1.000000	437.000000	1.000000	167.000000	319.000000	865.000000	853.000000	1096.000000	1012.000000	489.000000	405.000000	299.000000	739.000000	1.000000	219.000000	1.000000	191.000000
1050.000000	753.000000	485.000000	1.000000	437.000000	303.000000	796.000000	968.000000	911.000000	687.000000	365.000000	733.000000	535.000000	410.000000	453.000000	285.000000	415.000000	1104.000000	329.000000	268.000000	1.000000
639.000000	186.000000	1.000000	1.000000	261.000000	191.000000	203.000000	226.000000	1.000000	1.000000	1.000000	1.000000	1.000000	1.000000	502.000000	417.000000	1.000000	725.000000	1.000000	1.000000	1.000000
213.000000	1.000000	1.000000	1.000000	1.000000	272.000000	1.000000	1.000000	1.000000	1.000000	1.000000	1.000000	1.000000	149.000000	1.000000	1.000000	1.000000	1.000000	1.000000	1.000000	1.000000
