21 25 0
1129.000000	1085.000000	866.000000	716.000000	158.000000	495.000000	307.000000	561.000000	764.000000	175.000000	145.000000	161.000000	1.000000	489.000000	1.000000	153.000000	238.000000	582.000000	413.000000	1.000000	193.000000
2284.000000	971.000000	636.000000	776.000000	1.000000	495.000000	684.000000	564.000000	1.000000	1.000000	163.000000	161.000000	1.000000	1.000000	1.000000	157.000000	160.000000	532.000000	719.000000	159.000000	1.000000
2471.000000	1484.000000	457.000000	1.000000	1.000000	1.000000	185.000000	135.000000	1.000000	1.000000	373.000000	1.000000	1.000000	1.000000	163.000000	239.000000	83.000000	363.000000	973.000000	422.000000	1.000000
2043.000000	1688.000000	499.000000	1.000000	1.000000	179.000000	1.000000	1.000000	1.000000	1.000000	461.000000	363.000000	149.000000	1.000000	167.000000	174.000000	239.000000	802.000000	1226.000000	548.000000	1.000000
2293.000000	1842.000000	457.000000	1.000000	1.000000	1.000000	1.000000	1.000000	1.000000	1.000000	473.000000	157.000000	149.000000	1.000000	1.000000	1.000000	253.000000	1019.000000	1881.000000	655.000000	1.000000
2590.000000	1289.000000	223.000000	1.000000	1.000000	482.000000	1.000000	1.000000	1.000000	233.000000	138.000000	1.000000	1.000000	432.000000	1.000000	1.000000	652.000000	1190.000000	2357.000000	411.000000	1.000000
1891.000000	799.000000	148.000000	1.000000	1.000000	691.000000	1.000000	1.000000	1224.000000	581.000000	1.000000	1.000000	233.000000	873.000000	1.000000	1.000000	822.000000	946.000000	1937.000000	283.000000	1.000000
1143.000000	193.000000	1.000000	1.000000	1.000000	1.000000	1.000000	347.000000	1243.000000	956.000000	1.000000	1.000000	1.000000	656.000000	1.000000	1.000000	1343.000000	417.000000	1626.000000	1.000000	149.000000
1442.000000	465.000000	1.000000	1.000000	1.000000	1.000000	1.000000	347.000000	427.000000	1632.000000	393.000000	1.000000	415.000000	145.000000	329.000000	597.000000	1439.000000	751.000000	1148.000000	1.000000	826.000000
1837.000000	657.000000	1.000000	1.000000	1.000000	115.000000	145.000000	1.000000	1.000000	1928.000000	1.000000	1.000000	1383.000000	438.000000	1.000000	297.000000	219.000000	1031.000000	1015.000000	1.000000	774.000000
1809.000000	438.000000	1079.000000	1.000000	460.000000	315.000000	1.000000	1.000000	577.000000	2030.000000	1.000000	1.000000	1545.000000	148.000000	1.000000	1.000000	1.000000	535.000000	1074.000000	1.000000	754.000000
1887.000000	470.000000	288.000000	281.000000	538.000000	315.000000	1.000000	1.000000	1642.000000	1609.000000	1.000000	234.000000	1552.000000	1189.000000	1.000000	363.000000	1.000000	389.000000	993.000000	554.000000	1.000000
1666.000000	676.000000	288.000000	281.000000	1.000000	1.000000	417.000000	523.000000	1308.000000	1864.000000	1.000000	1311.000000	435.000000	491.000000	330.000000	628.000000	292.000000	391.000000	1375.000000	883.000000	149.000000
1109.000000	749.000000	178.000000	1.000000	1.000000	319.000000	1175.000000	253.000000	135.000000	1856.000000	1.000000	1775.000000	856.000000	191.000000	1.000000	175.000000	1.000000	767.000000	1532.000000	994.000000	179.000000
1330.000000	903.000000	1.000000	1.000000	1.000000	862.000000	2069.000000	1.000000	1.000000	1003.000000	1.000000	462.000000	1385.000000	351.000000	1.000000	1.000000	119.000000	1070.000000	1632.000000	1488.000000	179.000000
1380.000000	339.000000	772.000000	1.000000	1.000000	1016.000000	645.000000	1.000000	1.000000	1.000000	280.000000	1.000000	809.000000	435.000000	485.000000	1.000000	549.000000	1287.000000	1473.000000	1455.000000	251.000000
1410.000000	685.000000	830.000000	523.000000	455.000000	763.000000	1.000000	1.000000	1.000000	369.000000	1.000000	1.000000	809.000000	854.000000	787.000000	166.000000	249.000000	1462.000000	1163.000000	503.000000	559.000000
1519.000000	418.000000	377.000000	848.000000	1084.000000	1768.000000	1.000000	1.000000	1.000000	371.000000	1.000000	1.000000	621.000000	608.000000	492.000000	1.000000	251.000000	1514.000000	1723.000000	907.000000	1031.000000
845.000000	151.000000	455.000000	456.000000	1197.000000	1201.000000	655.000000	1.000000	1.000000	1.000000	1.000000	1.000000	622.000000	514.000000	191.000000	1.000000	283.000000	1240.000000	1106.000000	451.000000	1091.000000
817.000000	1.000000	886.000000	235.000000	505.000000	852.000000	1210.000000	308.000000	1.000000	1.000000	1.000000	1.000000	304.000000	515.000000	191.000000	325.000000	207.000000	1188.000000	454.000000	307.000000	881.000000
1444.000000	855.000000	1159.000000	320.000000	232.000000	221.000000	803.000000	611.000000	402.000000	1.000000	1.000000	1.000000	423.000000	1.000000	175.000000	1.000000	342.000000	886.000000	517.000000	836.000000	193.000000
659.000000	1058.000000	1222.000000	789.000000	1.000000	373.000000	245.000000	323.000000	403.000000	1.000000	1.000000	1.000000	423.000000	1.000000	139.000000	1.000000	1085.000000	641.000000	976.000000	1449.000000	1.000000
1.000000	213.000000	644.000000	573.000000	481.000000	1.000000	438.000000	1.000000	1.000000	1.000000	1.000000	1.000000	1.000000	274.000000	260.000000	183.000000	1160.000000	417.000000	413.000000	1485.000000	1.000000
1.000000	209.000000	633.000000	741.000000	1.000000	1.000000	1.000000	1.000000	1.000000	1.000000	1.000000	1.000000	1.000000	165.000000	1.000000	481.000000	285.000000	379.000000	1.000000	801.000000	1.000000
1.000000	1.000000	185.000000	272.000000	1.000000	1.000000	1.000000	1.000000	1.000000	223.000000	1.000000	1.000000	1.000000	1.000000	1.000000	389.000000	1.000000	1.000000	1.000000	1.000000	1.000000
