21 25 0
1.000000	1.000000	1.000000	1.000000	671.000000	1126.000000	501.000000	356.000000	548.000000	552.000000	489.000000	976.000000	859.000000	923.000000	1312.000000	499.000000	476.000000	471.000000	159.000000	1.000000	1.000000
1.000000	1.000000	291.000000	652.000000	257.000000	390.000000	163.000000	252.000000	333.000000	868.000000	1104.000000	933.000000	1087.000000	1265.000000	1696.000000	1845.000000	1360.000000	833.000000	156.000000	1.000000	1.000000
971.000000	1379.000000	411.000000	265.000000	699.000000	1335.000000	1663.000000	1538.000000	836.000000	702.000000	939.000000	472.000000	167.000000	301.000000	468.000000	697.000000	1058.000000	1226.000000	366.000000	740.000000	376.000000
902.000000	899.000000	425.000000	536.000000	1645.000000	2052.000000	2317.000000	912.000000	841.000000	838.000000	708.000000	704.000000	862.000000	875.000000	1059.000000	1061.000000	942.000000	517.000000	187.000000	675.000000	453.000000
430.000000	430.000000	220.000000	297.000000	359.000000	368.000000	598.000000	1.000000	563.000000	593.000000	837.000000	830.000000	841.000000	1171.000000	1173.000000	1115.000000	911.000000	750.000000	237.000000	1.000000	373.000000
1412.000000	689.000000	766.000000	778.000000	715.000000	503.000000	439.000000	307.000000	1.000000	1.000000	262.000000	515.000000	378.000000	377.000000	376.000000	376.000000	399.000000	390.000000	285.000000	554.000000	451.000000
485.000000	421.000000	1165.000000	2170.000000	2422.000000	2954.000000	2852.000000	2355.000000	904.000000	895.000000	720.000000	843.000000	1041.000000	1371.000000	1523.000000	1217.000000	780.000000	776.000000	259.000000	1036.000000	722.000000
1.000000	312.000000	548.000000	492.000000	651.000000	1112.000000	1293.000000	1575.000000	1190.000000	1076.000000	1162.000000	1720.000000	1939.000000	1979.000000	2201.000000	2006.000000	916.000000	863.000000	809.000000	569.000000	426.000000
183.000000	1.000000	1.000000	1.000000	1.000000	1.000000	1.000000	1.000000	1.000000	452.000000	645.000000	251.000000	251.000000	306.000000	418.000000	417.000000	165.000000	669.000000	688.000000	673.000000	509.000000
1.000000	1.000000	1.000000	1.000000	1.000000	1.000000	1.000000	1.000000	1.000000	1.000000	1.000000	1.000000	1.000000	343.000000	1.000000	1.000000	194.000000	219.000000	508.000000	665.000000	243.000000
1.000000	236.000000	1.000000	1.000000	239.000000	173.000000	754.000000	1253.000000	1.000000	1.000000	1.000000	1.000000	1.000000	1.000000	1.000000	133.000000	131.000000	305.000000	303.000000	1.000000	1.000000
1.000000	1.000000	1.000000	426.000000	1018.000000	1077.000000	1554.000000	750.000000	1.000000	235.000000	1.000000	1.000000	1.000000	1.000000	1.000000	642.000000	335.000000	1.000000	1.000000	1.000000	1.000000
1.000000	1.000000	206.000000	407.000000	663.000000	1256.000000	1131.000000	1.000000	800.000000	1385.000000	1383.000000	1042.000000	876.000000	1125.000000	1042.000000	1416.000000	1049.000000	715.000000	492.000000	207.000000	1.000000
241.000000	239.000000	523.000000	979.000000	934.000000	599.000000	1.000000	1.000000	1310.000000	2401.000000	3026.000000	2947.000000	1629.000000	724.000000	261.000000	894.000000	1367.000000	1335.000000	533.000000	1.000000	1.000000
503.000000	149.000000	263.000000	159.000000	646.000000	490.000000	327.000000	1.000000	1.000000	282.000000	556.000000	349.000000	413.000000	1.000000	1.000000	1.000000	553.000000	1.000000	1.000000	373.000000	327.000000
290.000000	487.000000	227.000000	1.000000	1.000000	371.000000	1578.000000	1717.000000	1351.000000	1267.000000	793.000000	787.000000	1191.000000	1880.000000	1262.000000	217.000000	1.000000	1.000000	1.000000	477.000000	971.000000
826.000000	415.000000	449.000000	705.000000	1.000000	1.000000	350.000000	482.000000	357.000000	827.000000	926.000000	773.000000	1368.000000	1382.000000	829.000000	1.000000	1.000000	1.000000	233.000000	1.000000	142.000000
139.000000	1.000000	1.000000	656.000000	1010.000000	497.000000	1.000000	1.000000	1.000000	424.000000	149.000000	1.000000	1.000000	1.000000	285.000000	285.000000	1.000000	429.000000	706.000000	807.000000	881.000000
1.000000	1.000000	1.000000	247.000000	724.000000	1114.000000	1214.000000	889.000000	852.000000	2036.000000	1134.000000	1108.000000	923.000000	613.000000	783.000000	736.000000	715.000000	498.000000	487.000000	1810.000000	1467.000000
151.000000	1.000000	1.000000	1.000000	235.000000	1249.000000	909.000000	668.000000	341.000000	179.000000	527.000000	457.000000	565.000000	519.000000	836.000000	869.000000	694.000000	171.000000	345.000000	862.000000	1203.000000
389.000000	1.000000	1.000000	1.000000	1.000000	406.000000	1079.000000	1387.000000	1767.000000	1738.000000	1379.000000	1006.000000	1108.000000	1076.000000	809.000000	543.000000	173.000000	1.000000	388.000000	1.000000	1.000000
389.000000	458.000000	483.000000	485.000000	435.000000	602.000000	551.000000	532.000000	1322.000000	2175.000000	2059.000000	2185.000000	1213.000000	838.000000	385.000000	1.000000	285.000000	413.000000	1.000000	1.000000	1.000000
1.000000	747.000000	460.000000	1.000000	582.000000	717.000000	999.000000	1050.000000	1007.000000	829.000000	922.000000	999.000000	878.000000	705.000000	664.000000	185.000000	1.000000	1.000000	1.000000	548.000000	679.000000
1.000000	1.000000	1.000000	1.000000	1.000000	158.000000	250.000000	233.000000	222.000000	207.000000	293.000000	165.000000	170.000000	244.000000	244.000000	1.000000	1.000000	1.000000	1.000000	221.000000	232.000000
1.000000	1.000000	1.000000	1.000000	1.000000	1.000000	1.000000	1.000000	1.000000	1.000000	1.000000	1.000000	1.000000	149.000000	1.000000	1.000000	1.000000	1.000000	1.000000	1.000000	161.000000
