21 25 0
1333.000000	2157.000000	1673.000000	1165.000000	868.000000	1014.000000	1285.000000	1555.000000	1592.000000	1419.000000	1060.000000	627.000000	487.000000	485.000000	427.000000	940.000000	1284.000000	1620.000000	1308.000000	980.000000	1.000000
829.000000	1234.000000	1163.000000	561.000000	791.000000	909.000000	1675.000000	1703.000000	886.000000	867.000000	327.000000	217.000000	1.000000	1.000000	1.000000	1.000000	1.000000	418.000000	857.000000	736.000000	714.000000
319.000000	264.000000	355.000000	632.000000	941.000000	1021.000000	935.000000	717.000000	431.000000	181.000000	331.000000	598.000000	557.000000	493.000000	623.000000	654.000000	673.000000	473.000000	159.000000	596.000000	347.000000
1.000000	1.000000	1.000000	139.000000	186.000000	185.000000	306.000000	252.000000	1.000000	405.000000	945.000000	618.000000	525.000000	631.000000	579.000000	366.000000	366.000000	572.000000	251.000000	448.000000	74.000000
395.000000	441.000000	393.000000	722.000000	577.000000	936.000000	1454.000000	1018.000000	650.000000	554.000000	813.000000	830.000000	624.000000	805.000000	851.000000	940.000000	577.000000	278.000000	298.000000	688.000000	1.000000
1.000000	1.000000	1.000000	508.000000	814.000000	1122.000000	965.000000	182.000000	525.000000	845.000000	787.000000	793.000000	1038.000000	1777.000000	2072.000000	1319.000000	922.000000	640.000000	169.000000	213.000000	1.000000
823.000000	1.000000	1.000000	330.000000	330.000000	438.000000	437.000000	1.000000	1.000000	834.000000	1043.000000	649.000000	311.000000	369.000000	570.000000	147.000000	164.000000	265.000000	1.000000	397.000000	859.000000
827.000000	263.000000	249.000000	795.000000	881.000000	970.000000	703.000000	759.000000	595.000000	198.000000	383.000000	235.000000	134.000000	1.000000	1.000000	1.000000	372.000000	219.000000	1.000000	1.000000	219.000000
314.000000	681.000000	1141.000000	876.000000	885.000000	2146.000000	2660.000000	2252.000000	917.000000	229.000000	538.000000	330.000000	526.000000	1772.000000	1595.000000	1293.000000	297.000000	1.000000	1.000000	315.000000	716.000000
149.000000	1.000000	339.000000	335.000000	339.000000	1118.000000	1993.000000	1626.000000	1305.000000	1116.000000	985.000000	242.000000	410.000000	1450.000000	1611.000000	698.000000	311.000000	526.000000	501.000000	157.000000	1.000000
1.000000	1.000000	1.000000	130.000000	831.000000	608.000000	599.000000	1.000000	360.000000	1470.000000	621.000000	300.000000	338.000000	140.000000	686.000000	897.000000	963.000000	984.000000	177.000000	384.000000	382.000000
975.000000	1.000000	1.000000	1.000000	250.000000	297.000000	1.000000	1.000000	427.000000	1013.000000	940.000000	382.000000	995.000000	815.000000	458.000000	1040.000000	994.000000	461.000000	1.000000	846.000000	1.000000
671.000000	1.000000	1.000000	1.000000	131.000000	1.000000	251.000000	263.000000	278.000000	1.000000	646.000000	598.000000	411.000000	166.000000	1.000000	1.000000	1.000000	251.000000	301.000000	1.000000	1.000000
1.000000	1.000000	1.000000	1.000000	1.000000	1.000000	930.000000	1004.000000	331.000000	341.000000	329.000000	1.000000	1.000000	1.000000	363.000000	1.000000	305.000000	305.000000	1.000000	1.000000	1.000000
1.000000	1.000000	91.000000	257.000000	259.000000	825.000000	1345.000000	1402.000000	1201.000000	860.000000	1224.000000	1352.000000	1329.000000	1727.000000	1659.000000	683.000000	217.000000	561.000000	349.000000	1.000000	1.000000
1.000000	1.000000	1.000000	195.000000	743.000000	474.000000	176.000000	1.000000	176.000000	1361.000000	451.000000	294.000000	330.000000	338.000000	546.000000	630.000000	623.000000	457.000000	459.000000	349.000000	665.000000
209.000000	355.000000	434.000000	1.000000	205.000000	924.000000	1295.000000	1.000000	143.000000	344.000000	629.000000	301.000000	169.000000	405.000000	598.000000	637.000000	754.000000	223.000000	1.000000	371.000000	613.000000
343.000000	680.000000	1.000000	193.000000	855.000000	1067.000000	1315.000000	2569.000000	2033.000000	1499.000000	1220.000000	1468.000000	2427.000000	2164.000000	1639.000000	706.000000	1.000000	1.000000	1.000000	1.000000	487.000000
1058.000000	984.000000	649.000000	1.000000	355.000000	206.000000	279.000000	329.000000	439.000000	837.000000	245.000000	280.000000	313.000000	371.000000	224.000000	474.000000	1.000000	381.000000	507.000000	492.000000	1.000000
783.000000	471.000000	765.000000	1.000000	171.000000	1.000000	195.000000	647.000000	1342.000000	2230.000000	1994.000000	2006.000000	716.000000	135.000000	1.000000	321.000000	1.000000	1.000000	1.000000	1.000000	1.000000
1.000000	485.000000	1012.000000	1106.000000	1283.000000	729.000000	855.000000	902.000000	906.000000	1034.000000	1467.000000	1364.000000	1374.000000	1313.000000	920.000000	821.000000	437.000000	694.000000	304.000000	819.000000	1653.000000
1.000000	1.000000	1.000000	1.000000	626.000000	1114.000000	1097.000000	397.000000	1.000000	1.000000	1.000000	273.000000	421.000000	169.000000	621.000000	1425.000000	1249.000000	838.000000	423.000000	974.000000	1477.000000
1.000000	1.000000	1.000000	1.000000	1.000000	1.000000	400.000000	195.000000	466.000000	204.000000	1.000000	1.000000	1.000000	273.000000	781.000000	381.000000	198.000000	455.000000	1.000000	1.000000	1.000000
219.000000	1.000000	434.000000	1.000000	1.000000	344.000000	1.000000	155.000000	1.000000	1.000000	1.000000	1.000000	1.000000	1.000000	1.000000	1.000000	1.000000	1.000000	1.000000	1.000000	1.000000
1.000000	1.000000	1.000000	1.000000	1.000000	95.000000	1.000000	1.000000	203.000000	155.000000	155.000000	1.000000	1.000000	1.000000	1.000000	1.000000	1.000000	1.000000	1.000000	1.000000	1.000000
