21 25 0
262.000000	503.000000	427.000000	419.000000	472.000000	745.000000	1513.000000	666.000000	316.000000	153.000000	1.000000	1.000000	1.000000	1.000000	1.000000	721.000000	1394.000000	1676.000000	930.000000	1231.000000	477.000000
471.000000	1.000000	837.000000	1.000000	649.000000	503.000000	507.000000	1674.000000	876.000000	173.000000	152.000000	141.000000	1.000000	155.000000	1.000000	1.000000	1.000000	389.000000	1033.000000	1239.000000	1736.000000
443.000000	1.000000	429.000000	147.000000	355.000000	309.000000	463.000000	1.000000	399.000000	180.000000	149.000000	152.000000	181.000000	478.000000	311.000000	160.000000	231.000000	1.000000	1.000000	333.000000	1381.000000
377.000000	1.000000	1.000000	323.000000	143.000000	1.000000	1.000000	1.000000	165.000000	149.000000	1.000000	151.000000	312.000000	409.000000	83.000000	171.000000	81.000000	1.000000	1.000000	1.000000	917.000000
201.000000	1.000000	381.000000	727.000000	589.000000	1221.000000	558.000000	374.000000	197.000000	161.000000	332.000000	264.000000	521.000000	450.000000	610.000000	456.000000	209.000000	73.000000	1.000000	1266.000000	1054.000000
331.000000	1.000000	1.000000	1.000000	1.000000	171.000000	1026.000000	175.000000	1.000000	319.000000	696.000000	1.000000	1.000000	669.000000	332.000000	786.000000	544.000000	1.000000	1.000000	1242.000000	1401.000000
1.000000	1.000000	1.000000	289.000000	1.000000	1.000000	368.000000	1.000000	1.000000	1.000000	1310.000000	942.000000	1.000000	1.000000	325.000000	1.000000	1.000000	263.000000	1.000000	395.000000	1552.000000
473.000000	247.000000	1160.000000	333.000000	597.000000	911.000000	1.000000	1.000000	1.000000	1.000000	367.000000	555.000000	1.000000	1.000000	1.000000	1.000000	1.000000	1.000000	1.000000	549.000000	705.000000
1.000000	173.000000	523.000000	588.000000	916.000000	1098.000000	1262.000000	929.000000	405.000000	1.000000	510.000000	1.000000	1.000000	767.000000	602.000000	1.000000	1.000000	1.000000	1.000000	831.000000	341.000000
1.000000	1.000000	213.000000	1113.000000	785.000000	295.000000	379.000000	1149.000000	337.000000	353.000000	778.000000	1.000000	1.000000	822.000000	559.000000	757.000000	165.000000	1.000000	229.000000	481.000000	454.000000
363.000000	1.000000	185.000000	1.000000	1102.000000	190.000000	1.000000	1.000000	1.000000	391.000000	1161.000000	1529.000000	180.000000	1.000000	1283.000000	911.000000	541.000000	1.000000	489.000000	598.000000	862.000000
162.000000	1.000000	193.000000	300.000000	304.000000	297.000000	1.000000	1.000000	1.000000	1.000000	356.000000	1623.000000	329.000000	635.000000	269.000000	813.000000	334.000000	793.000000	193.000000	491.000000	1164.000000
169.000000	1.000000	1.000000	459.000000	1.000000	1.000000	1.000000	1.000000	1.000000	1.000000	173.000000	1191.000000	243.000000	662.000000	279.000000	1.000000	181.000000	285.000000	253.000000	367.000000	1035.000000
160.000000	131.000000	237.000000	1.000000	1.000000	1.000000	1.000000	1485.000000	387.000000	329.000000	339.000000	1.000000	1.000000	568.000000	693.000000	1.000000	1.000000	1.000000	1.000000	369.000000	887.000000
277.000000	174.000000	512.000000	1093.000000	257.000000	1.000000	1.000000	988.000000	2265.000000	1008.000000	1197.000000	339.000000	1.000000	443.000000	1516.000000	938.000000	1.000000	1.000000	195.000000	537.000000	657.000000
367.000000	1.000000	548.000000	1065.000000	694.000000	877.000000	249.000000	1.000000	280.000000	822.000000	709.000000	1.000000	1.000000	1.000000	779.000000	1456.000000	485.000000	1.000000	391.000000	369.000000	473.000000
487.000000	457.000000	535.000000	807.000000	177.000000	470.000000	2460.000000	475.000000	1.000000	1.000000	1.000000	1.000000	1.000000	1.000000	147.000000	734.000000	80.000000	1.000000	1.000000	391.000000	825.000000
373.000000	429.000000	1.000000	488.000000	143.000000	1.000000	836.000000	2896.000000	787.000000	1.000000	225.000000	485.000000	1.000000	1.000000	1.000000	394.000000	1.000000	1.000000	1.000000	1.000000	1.000000
615.000000	786.000000	632.000000	264.000000	319.000000	1.000000	1.000000	525.000000	1709.000000	774.000000	1.000000	1.000000	1.000000	1.000000	504.000000	788.000000	1.000000	1.000000	1.000000	1.000000	1.000000
143.000000	463.000000	873.000000	687.000000	495.000000	374.000000	137.000000	1.000000	716.000000	2013.000000	803.000000	798.000000	376.000000	1.000000	1.000000	539.000000	1.000000	1.000000	493.000000	191.000000	1098.000000
1.000000	740.000000	1093.000000	1102.000000	1579.000000	497.000000	406.000000	137.000000	1.000000	956.000000	623.000000	1111.000000	901.000000	233.000000	431.000000	449.000000	231.000000	1.000000	168.000000	1082.000000	1601.000000
1.000000	582.000000	233.000000	235.000000	1087.000000	1176.000000	480.000000	396.000000	1.000000	1.000000	1.000000	1.000000	1.000000	175.000000	1.000000	151.000000	794.000000	1347.000000	1.000000	309.000000	1291.000000
243.000000	910.000000	225.000000	207.000000	192.000000	433.000000	433.000000	327.000000	397.000000	1.000000	1.000000	1.000000	1.000000	1.000000	1.000000	1.000000	1.000000	620.000000	433.000000	1.000000	1.000000
261.000000	665.000000	135.000000	209.000000	448.000000	427.000000	1.000000	1.000000	1.000000	1.000000	1.000000	1.000000	1.000000	1.000000	1.000000	1.000000	1.000000	1.000000	1.000000	1.000000	1.000000
1.000000	243.000000	1.000000	1.000000	1.000000	270.000000	1.000000	1.000000	1.000000	1.000000	1.000000	1.000000	1.000000	1.000000	1.000000	1.000000	1.000000	1.000000	1.000000	1.000000	1.000000
