21 25 0
259.000000	1.000000	1.000000	1.000000	1.000000	1.000000	321.000000	167.000000	159.000000	181.000000	458.000000	407.000000	1.000000	1.000000	150.000000	300.000000	318.000000	510.000000	328.000000	1.000000	1.000000
703.000000	377.000000	435.000000	331.000000	1.000000	1.000000	179.000000	379.000000	167.000000	193.000000	1.000000	151.000000	1.000000	1.000000	157.000000	312.000000	571.000000	317.000000	656.000000	141.000000	1.000000
1414.000000	869.000000	423.000000	1.000000	205.000000	434.000000	889.000000	339.000000	1.000000	163.000000	316.000000	153.000000	1.000000	147.000000	1.000000	1.000000	621.000000	894.000000	397.000000	1.000000	1.000000
448.000000	1255.000000	1.000000	1.000000	198.000000	518.000000	573.000000	619.000000	560.000000	197.000000	648.000000	640.000000	161.000000	1.000000	331.000000	1.000000	371.000000	756.000000	453.000000	1.000000	354.000000
813.000000	449.000000	1.000000	1.000000	1.000000	1.000000	1.000000	587.000000	459.000000	1.000000	212.000000	233.000000	1.000000	1.000000	1.000000	1.000000	407.000000	682.000000	1179.000000	149.000000	371.000000
1749.000000	1155.000000	213.000000	1.000000	1.000000	323.000000	151.000000	1.000000	1.000000	1.000000	204.000000	1.000000	1.000000	1.000000	1.000000	1.000000	206.000000	279.000000	583.000000	305.000000	449.000000
995.000000	601.000000	305.000000	1.000000	344.000000	1648.000000	1190.000000	1066.000000	1152.000000	640.000000	183.000000	510.000000	858.000000	472.000000	653.000000	217.000000	1.000000	216.000000	724.000000	298.000000	1.000000
779.000000	1.000000	1.000000	1.000000	1.000000	636.000000	844.000000	946.000000	1649.000000	1132.000000	1.000000	1.000000	303.000000	1040.000000	918.000000	820.000000	469.000000	532.000000	853.000000	1.000000	426.000000
185.000000	1.000000	1.000000	1.000000	1.000000	1.000000	489.000000	1.000000	499.000000	933.000000	1.000000	1.000000	1.000000	1.000000	1.000000	338.000000	462.000000	1.000000	394.000000	424.000000	493.000000
255.000000	255.000000	1.000000	1.000000	1.000000	1.000000	1.000000	1.000000	1.000000	234.000000	1.000000	1.000000	1.000000	201.000000	1.000000	1.000000	445.000000	1.000000	166.000000	421.000000	255.000000
367.000000	171.000000	236.000000	1.000000	1.000000	197.000000	173.000000	403.000000	1.000000	477.000000	1.000000	1.000000	774.000000	570.000000	517.000000	1.000000	1.000000	275.000000	329.000000	1.000000	1.000000
391.000000	258.000000	1.000000	420.000000	1.000000	223.000000	707.000000	790.000000	707.000000	450.000000	1.000000	1.000000	484.000000	1492.000000	523.000000	529.000000	1.000000	373.000000	643.000000	1.000000	1.000000
868.000000	258.000000	289.000000	248.000000	255.000000	1.000000	219.000000	137.000000	1072.000000	1910.000000	331.000000	933.000000	281.000000	845.000000	1401.000000	804.000000	205.000000	515.000000	340.000000	1.000000	165.000000
1075.000000	602.000000	1.000000	206.000000	505.000000	562.000000	1.000000	1.000000	371.000000	2442.000000	1239.000000	1131.000000	1199.000000	1.000000	221.000000	1174.000000	610.000000	785.000000	460.000000	1.000000	153.000000
1053.000000	814.000000	1.000000	1.000000	1.000000	576.000000	1354.000000	295.000000	1.000000	491.000000	1507.000000	245.000000	353.000000	1.000000	1.000000	1.000000	322.000000	582.000000	92.000000	1.000000	219.000000
1407.000000	339.000000	746.000000	1.000000	1.000000	536.000000	609.000000	1561.000000	1.000000	857.000000	1.000000	1.000000	489.000000	903.000000	487.000000	1.000000	303.000000	283.000000	407.000000	1.000000	1.000000
1131.000000	415.000000	786.000000	793.000000	428.000000	1.000000	1.000000	169.000000	1.000000	1.000000	1.000000	1.000000	776.000000	895.000000	503.000000	487.000000	1.000000	680.000000	139.000000	359.000000	1.000000
841.000000	625.000000	251.000000	842.000000	965.000000	1012.000000	1.000000	1.000000	1.000000	1.000000	1.000000	1.000000	1.000000	1.000000	1.000000	1.000000	1.000000	397.000000	449.000000	457.000000	1.000000
606.000000	420.000000	1.000000	318.000000	880.000000	1374.000000	878.000000	179.000000	1.000000	370.000000	536.000000	361.000000	285.000000	191.000000	161.000000	1.000000	1.000000	505.000000	1.000000	1.000000	1.000000
495.000000	1.000000	319.000000	171.000000	337.000000	1123.000000	1467.000000	759.000000	353.000000	1.000000	1.000000	1.000000	1.000000	737.000000	1.000000	1.000000	1.000000	242.000000	687.000000	308.000000	497.000000
319.000000	387.000000	787.000000	1.000000	171.000000	179.000000	1074.000000	1580.000000	1647.000000	1334.000000	1.000000	1.000000	1.000000	1.000000	1.000000	1.000000	1.000000	511.000000	321.000000	219.000000	357.000000
536.000000	1234.000000	1112.000000	601.000000	673.000000	652.000000	415.000000	280.000000	599.000000	1124.000000	1321.000000	723.000000	1.000000	1.000000	1.000000	1.000000	1.000000	413.000000	513.000000	975.000000	1.000000
1.000000	323.000000	266.000000	725.000000	315.000000	727.000000	989.000000	655.000000	829.000000	381.000000	708.000000	814.000000	772.000000	554.000000	649.000000	185.000000	1.000000	1.000000	173.000000	695.000000	931.000000
1.000000	1.000000	259.000000	383.000000	1.000000	1.000000	254.000000	206.000000	137.000000	222.000000	1.000000	170.000000	201.000000	214.000000	1.000000	420.000000	1.000000	1.000000	1.000000	173.000000	619.000000
1.000000	1.000000	1.000000	191.000000	1.000000	1.000000	1.000000	1.000000	1.000000	1.000000	1.000000	1.000000	1.000000	1.000000	1.000000	1.000000	1.000000	1.000000	1.000000	1.000000	1.000000
