21 25 0
1028.000000	2130.000000	1218.000000	948.000000	362.000000	477.000000	1.000000	1488.000000	1313.000000	859.000000	643.000000	559.000000	501.000000	487.000000	1.000000	1.000000	1.000000	305.000000	212.000000	343.000000	1.000000
1421.000000	769.000000	649.000000	289.000000	479.000000	499.000000	1165.000000	561.000000	1.000000	685.000000	163.000000	158.000000	1.000000	1.000000	1.000000	1.000000	1.000000	109.000000	311.000000	1.000000	221.000000
1168.000000	356.000000	493.000000	181.000000	1.000000	507.000000	345.000000	1.000000	1.000000	1.000000	532.000000	155.000000	1.000000	1.000000	1.000000	175.000000	159.000000	161.000000	249.000000	477.000000	1.000000
1232.000000	266.000000	481.000000	1.000000	1.000000	1.000000	186.000000	1.000000	1.000000	1.000000	669.000000	1.000000	1.000000	75.000000	1.000000	1.000000	1.000000	1.000000	641.000000	584.000000	1.000000
1177.000000	1327.000000	395.000000	1.000000	417.000000	323.000000	1454.000000	1.000000	193.000000	195.000000	477.000000	167.000000	1.000000	1.000000	340.000000	441.000000	274.000000	389.000000	775.000000	139.000000	1.000000
1303.000000	762.000000	1.000000	1.000000	214.000000	1478.000000	438.000000	171.000000	177.000000	1.000000	1017.000000	161.000000	81.000000	340.000000	629.000000	1.000000	169.000000	423.000000	887.000000	1.000000	1.000000
1105.000000	431.000000	1.000000	1.000000	1.000000	440.000000	1.000000	1.000000	345.000000	1244.000000	315.000000	1.000000	1.000000	457.000000	1.000000	1.000000	178.000000	544.000000	135.000000	1.000000	1.000000
667.000000	1.000000	1.000000	1.000000	1.000000	1.000000	1.000000	691.000000	1184.000000	633.000000	406.000000	1.000000	1.000000	1.000000	1.000000	1.000000	1060.000000	441.000000	283.000000	1.000000	354.000000
132.000000	614.000000	635.000000	1.000000	351.000000	1.000000	966.000000	1206.000000	425.000000	853.000000	417.000000	1.000000	1.000000	189.000000	302.000000	803.000000	955.000000	484.000000	205.000000	1.000000	1255.000000
588.000000	764.000000	459.000000	1.000000	1.000000	495.000000	1614.000000	840.000000	1.000000	2226.000000	545.000000	1.000000	1239.000000	349.000000	1.000000	731.000000	1.000000	734.000000	143.000000	1.000000	518.000000
1043.000000	1.000000	1.000000	1.000000	762.000000	862.000000	365.000000	1.000000	578.000000	2725.000000	1.000000	1.000000	440.000000	1.000000	1.000000	222.000000	1096.000000	384.000000	1.000000	151.000000	218.000000
1669.000000	397.000000	236.000000	1.000000	244.000000	1.000000	1.000000	307.000000	2067.000000	1580.000000	1.000000	1.000000	159.000000	1.000000	1.000000	261.000000	81.000000	1.000000	554.000000	402.000000	1.000000
499.000000	389.000000	287.000000	1.000000	1.000000	1.000000	507.000000	907.000000	826.000000	706.000000	1.000000	1.000000	1.000000	1.000000	1.000000	285.000000	1.000000	211.000000	916.000000	161.000000	1.000000
189.000000	1.000000	1.000000	1.000000	1.000000	545.000000	1252.000000	556.000000	1.000000	1.000000	1.000000	1.000000	179.000000	163.000000	739.000000	1.000000	1.000000	657.000000	569.000000	1.000000	179.000000
490.000000	1.000000	1.000000	221.000000	257.000000	912.000000	1422.000000	267.000000	1.000000	1.000000	433.000000	675.000000	1940.000000	1166.000000	1.000000	1.000000	1.000000	753.000000	1028.000000	143.000000	1.000000
1.000000	1.000000	538.000000	1.000000	547.000000	1365.000000	230.000000	1.000000	1.000000	1.000000	1.000000	1.000000	330.000000	1.000000	283.000000	346.000000	623.000000	1523.000000	1007.000000	1.000000	327.000000
1.000000	356.000000	480.000000	1.000000	389.000000	427.000000	1.000000	1.000000	1.000000	1.000000	862.000000	303.000000	307.000000	283.000000	1090.000000	834.000000	574.000000	985.000000	1027.000000	359.000000	793.000000
1146.000000	480.000000	1.000000	1.000000	420.000000	907.000000	171.000000	1.000000	431.000000	1185.000000	555.000000	317.000000	567.000000	2170.000000	942.000000	1.000000	255.000000	1118.000000	480.000000	903.000000	824.000000
1438.000000	1.000000	1.000000	229.000000	935.000000	289.000000	1.000000	305.000000	1.000000	233.000000	233.000000	1.000000	1055.000000	902.000000	1.000000	1.000000	597.000000	802.000000	749.000000	492.000000	476.000000
512.000000	1.000000	1.000000	1.000000	290.000000	1.000000	1.000000	1.000000	1.000000	1.000000	1.000000	767.000000	226.000000	1.000000	1.000000	489.000000	736.000000	1144.000000	670.000000	1.000000	1.000000
251.000000	1.000000	1.000000	1.000000	1.000000	396.000000	312.000000	746.000000	614.000000	248.000000	357.000000	1.000000	421.000000	477.000000	433.000000	273.000000	774.000000	774.000000	1.000000	159.000000	249.000000
181.000000	413.000000	1.000000	1.000000	1.000000	1.000000	189.000000	1.000000	1.000000	1.000000	1.000000	421.000000	477.000000	1.000000	876.000000	1153.000000	963.000000	829.000000	1177.000000	953.000000	1.000000
1.000000	1.000000	1.000000	163.000000	481.000000	1.000000	1.000000	1.000000	1.000000	1.000000	1.000000	1.000000	160.000000	427.000000	771.000000	461.000000	375.000000	509.000000	219.000000	819.000000	1.000000
1.000000	209.000000	442.000000	694.000000	1.000000	1.000000	1.000000	1.000000	1.000000	1.000000	1.000000	1.000000	1.000000	1.000000	1.000000	201.000000	355.000000	355.000000	313.000000	1.000000	1.000000
1.000000	1.000000	139.000000	266.000000	1.000000	1.000000	1.000000	1.000000	1.000000	1.000000	1.000000	1.000000	1.000000	1.000000	1.000000	285.000000	1.000000	1.000000	1.000000	1.000000	1.000000
