21 25 0
441.000000	1.000000	355.000000	413.000000	485.000000	466.000000	1.000000	1.000000	1.000000	163.000000	1.000000	1.000000	153.000000	229.000000	307.000000	475.000000	457.000000	1103.000000	1.000000	853.000000	850.000000
473.000000	1.000000	953.000000	560.000000	538.000000	1.000000	1.000000	1.000000	1.000000	1.000000	1.000000	1.000000	301.000000	617.000000	698.000000	1.000000	1.000000	429.000000	238.000000	868.000000	2048.000000
473.000000	289.000000	1221.000000	508.000000	772.000000	1.000000	1.000000	1.000000	203.000000	1.000000	1.000000	1.000000	473.000000	417.000000	407.000000	151.000000	1.000000	1.000000	238.000000	839.000000	2001.000000
499.000000	423.000000	832.000000	852.000000	1041.000000	1.000000	1.000000	1.000000	493.000000	163.000000	1.000000	1.000000	328.000000	375.000000	167.000000	313.000000	76.000000	1.000000	239.000000	1093.000000	2056.000000
475.000000	1453.000000	1213.000000	1241.000000	1438.000000	1.000000	1.000000	1.000000	1.000000	175.000000	1.000000	1.000000	167.000000	181.000000	151.000000	341.000000	1.000000	1.000000	1.000000	1347.000000	2469.000000
195.000000	1445.000000	925.000000	821.000000	851.000000	1.000000	1.000000	486.000000	1.000000	1.000000	1.000000	434.000000	1.000000	1.000000	228.000000	1.000000	86.000000	1.000000	1.000000	1530.000000	2632.000000
1.000000	1301.000000	571.000000	291.000000	1063.000000	1.000000	1.000000	489.000000	1.000000	1.000000	234.000000	1385.000000	1.000000	1.000000	764.000000	205.000000	204.000000	1.000000	1.000000	1926.000000	2075.000000
185.000000	1082.000000	571.000000	392.000000	1588.000000	712.000000	1.000000	1.000000	1.000000	1.000000	921.000000	1772.000000	1.000000	1.000000	1021.000000	1.000000	205.000000	1.000000	1.000000	1999.000000	1165.000000
185.000000	508.000000	197.000000	815.000000	1275.000000	1.000000	418.000000	657.000000	277.000000	1.000000	481.000000	1831.000000	1.000000	336.000000	1086.000000	1.000000	207.000000	143.000000	1.000000	2407.000000	1.000000
367.000000	804.000000	1.000000	1149.000000	468.000000	1.000000	418.000000	1043.000000	569.000000	1.000000	1174.000000	2408.000000	1.000000	153.000000	753.000000	213.000000	1.000000	454.000000	514.000000	1896.000000	1.000000
499.000000	274.000000	367.000000	827.000000	514.000000	1.000000	1.000000	1017.000000	295.000000	1.000000	1606.000000	1870.000000	1.000000	1.000000	271.000000	1.000000	482.000000	1.000000	449.000000	817.000000	787.000000
740.000000	503.000000	466.000000	992.000000	320.000000	305.000000	328.000000	1499.000000	1.000000	1.000000	2622.000000	1554.000000	1.000000	1015.000000	271.000000	1.000000	1052.000000	287.000000	771.000000	635.000000	998.000000
744.000000	817.000000	746.000000	971.000000	1.000000	305.000000	328.000000	608.000000	1.000000	1.000000	1740.000000	1801.000000	1.000000	1427.000000	203.000000	1.000000	429.000000	746.000000	856.000000	907.000000	1673.000000
471.000000	1374.000000	818.000000	1163.000000	387.000000	1.000000	1.000000	273.000000	297.000000	693.000000	421.000000	1114.000000	1.000000	995.000000	565.000000	191.000000	213.000000	164.000000	295.000000	663.000000	1435.000000
149.000000	1448.000000	791.000000	1149.000000	1006.000000	1.000000	1.000000	1.000000	744.000000	348.000000	421.000000	1.000000	1.000000	1.000000	553.000000	467.000000	1.000000	1.000000	153.000000	1172.000000	2076.000000
864.000000	1594.000000	972.000000	1173.000000	467.000000	1.000000	1.000000	1114.000000	142.000000	202.000000	1.000000	1.000000	1.000000	1.000000	614.000000	1043.000000	195.000000	1.000000	1.000000	1633.000000	1986.000000
769.000000	789.000000	1008.000000	1431.000000	179.000000	1.000000	251.000000	861.000000	417.000000	1.000000	1.000000	235.000000	161.000000	1.000000	1.000000	860.000000	219.000000	233.000000	280.000000	1425.000000	1354.000000
743.000000	649.000000	737.000000	1046.000000	1.000000	1.000000	116.000000	1162.000000	877.000000	1.000000	293.000000	470.000000	362.000000	1.000000	495.000000	731.000000	211.000000	179.000000	606.000000	1255.000000	1367.000000
343.000000	1864.000000	1245.000000	926.000000	1.000000	1.000000	209.000000	300.000000	1.000000	425.000000	1.000000	1.000000	1.000000	249.000000	956.000000	1135.000000	535.000000	234.000000	497.000000	1553.000000	1453.000000
946.000000	1617.000000	1098.000000	440.000000	391.000000	492.000000	137.000000	1.000000	1.000000	551.000000	425.000000	1.000000	1.000000	631.000000	867.000000	913.000000	231.000000	1.000000	253.000000	841.000000	1111.000000
1045.000000	922.000000	1027.000000	263.000000	1188.000000	631.000000	1.000000	1.000000	1.000000	552.000000	763.000000	393.000000	761.000000	635.000000	191.000000	745.000000	1.000000	209.000000	219.000000	507.000000	922.000000
1116.000000	1401.000000	773.000000	213.000000	969.000000	1204.000000	470.000000	1.000000	1.000000	1.000000	1.000000	393.000000	763.000000	525.000000	162.000000	297.000000	739.000000	658.000000	509.000000	613.000000	688.000000
856.000000	998.000000	774.000000	215.000000	566.000000	629.000000	1.000000	155.000000	1.000000	1.000000	1.000000	1.000000	1.000000	1.000000	163.000000	417.000000	485.000000	1436.000000	712.000000	269.000000	219.000000
986.000000	865.000000	1.000000	215.000000	658.000000	366.000000	1.000000	161.000000	1.000000	1.000000	1.000000	1.000000	1.000000	1.000000	1.000000	217.000000	1.000000	1120.000000	1.000000	1.000000	1.000000
245.000000	266.000000	1.000000	1.000000	170.000000	273.000000	1.000000	1.000000	1.000000	1.000000	1.000000	1.000000	1.000000	1.000000	1.000000	1.000000	1.000000	390.000000	1.000000	1.000000	1.000000
