21 25 0
1329.000000	1203.000000	425.000000	1.000000	1.000000	481.000000	410.000000	431.000000	1.000000	1.000000	1.000000	1.000000	1.000000	320.000000	336.000000	277.000000	199.000000	266.000000	465.000000	723.000000	581.000000
567.000000	1087.000000	425.000000	865.000000	808.000000	424.000000	1.000000	863.000000	1.000000	1.000000	1.000000	1.000000	1.000000	1.000000	406.000000	262.000000	88.000000	652.000000	1.000000	199.000000	450.000000
303.000000	645.000000	381.000000	249.000000	335.000000	1.000000	1.000000	1.000000	183.000000	1.000000	143.000000	219.000000	72.000000	1.000000	574.000000	1.000000	515.000000	462.000000	201.000000	135.000000	1.000000
854.000000	897.000000	1054.000000	797.000000	1.000000	1.000000	353.000000	1.000000	1.000000	1.000000	718.000000	640.000000	178.000000	1.000000	1.000000	131.000000	467.000000	597.000000	283.000000	133.000000	1.000000
1234.000000	1793.000000	1895.000000	663.000000	1.000000	1.000000	1.000000	133.000000	201.000000	1.000000	799.000000	739.000000	178.000000	1.000000	1.000000	131.000000	131.000000	823.000000	337.000000	1.000000	581.000000
1625.000000	1522.000000	1608.000000	1.000000	1.000000	1.000000	1.000000	1.000000	488.000000	281.000000	421.000000	270.000000	1.000000	1.000000	1.000000	1.000000	183.000000	753.000000	377.000000	487.000000	1125.000000
1413.000000	1979.000000	755.000000	1.000000	1.000000	1.000000	1.000000	1.000000	400.000000	979.000000	1.000000	1.000000	1.000000	309.000000	297.000000	1.000000	141.000000	397.000000	534.000000	729.000000	822.000000
1159.000000	1693.000000	559.000000	1.000000	1.000000	1.000000	1.000000	1.000000	2039.000000	1661.000000	222.000000	1.000000	1.000000	939.000000	1.000000	1.000000	361.000000	669.000000	380.000000	263.000000	669.000000
1318.000000	1285.000000	309.000000	1.000000	1.000000	1.000000	1.000000	947.000000	2399.000000	1428.000000	226.000000	1.000000	231.000000	652.000000	408.000000	255.000000	129.000000	655.000000	645.000000	257.000000	544.000000
1112.000000	743.000000	311.000000	310.000000	1.000000	1.000000	1.000000	153.000000	1803.000000	421.000000	1.000000	153.000000	273.000000	443.000000	408.000000	335.000000	129.000000	150.000000	351.000000	257.000000	181.000000
916.000000	755.000000	291.000000	242.000000	1.000000	1.000000	1.000000	1154.000000	1187.000000	200.000000	1.000000	367.000000	289.000000	725.000000	1.000000	125.000000	1.000000	554.000000	784.000000	291.000000	1.000000
542.000000	1238.000000	179.000000	1.000000	205.000000	1.000000	1.000000	1433.000000	711.000000	269.000000	1.000000	367.000000	865.000000	432.000000	499.000000	138.000000	305.000000	1380.000000	744.000000	411.000000	589.000000
570.000000	1421.000000	850.000000	203.000000	205.000000	1.000000	1.000000	1101.000000	195.000000	256.000000	1.000000	1.000000	1156.000000	488.000000	935.000000	407.000000	655.000000	1604.000000	793.000000	149.000000	865.000000
1275.000000	1845.000000	694.000000	538.000000	141.000000	1.000000	1.000000	1612.000000	241.000000	1.000000	1.000000	527.000000	819.000000	474.000000	1030.000000	607.000000	1340.000000	839.000000	683.000000	1.000000	417.000000
1351.000000	1391.000000	499.000000	483.000000	1.000000	1.000000	690.000000	2604.000000	1.000000	1.000000	1.000000	1378.000000	1.000000	1.000000	455.000000	759.000000	1304.000000	805.000000	702.000000	267.000000	163.000000
1671.000000	1291.000000	613.000000	426.000000	1.000000	1.000000	1216.000000	1290.000000	1.000000	1.000000	503.000000	475.000000	1.000000	359.000000	192.000000	996.000000	967.000000	1044.000000	570.000000	268.000000	163.000000
1374.000000	899.000000	1185.000000	1.000000	1.000000	1.000000	385.000000	1.000000	1.000000	983.000000	746.000000	1.000000	663.000000	1690.000000	625.000000	591.000000	1114.000000	495.000000	528.000000	268.000000	1156.000000
931.000000	1625.000000	1514.000000	765.000000	1.000000	1.000000	150.000000	1.000000	499.000000	1.000000	166.000000	1.000000	759.000000	652.000000	463.000000	794.000000	977.000000	743.000000	522.000000	547.000000	657.000000
831.000000	1291.000000	992.000000	981.000000	1.000000	448.000000	861.000000	1.000000	1.000000	1.000000	1.000000	237.000000	626.000000	667.000000	1.000000	595.000000	1126.000000	886.000000	354.000000	877.000000	431.000000
372.000000	1218.000000	1338.000000	1165.000000	1.000000	700.000000	1276.000000	1.000000	1.000000	1.000000	345.000000	567.000000	1448.000000	376.000000	122.000000	869.000000	999.000000	724.000000	439.000000	1019.000000	395.000000
667.000000	1211.000000	1870.000000	1549.000000	149.000000	981.000000	1275.000000	1.000000	1.000000	1.000000	346.000000	503.000000	839.000000	193.000000	121.000000	255.000000	823.000000	587.000000	1045.000000	1015.000000	383.000000
489.000000	991.000000	2143.000000	1655.000000	467.000000	1044.000000	1482.000000	1.000000	1.000000	1.000000	383.000000	341.000000	374.000000	439.000000	451.000000	787.000000	648.000000	943.000000	983.000000	433.000000	567.000000
396.000000	1412.000000	1599.000000	1737.000000	457.000000	460.000000	1153.000000	221.000000	1.000000	1.000000	384.000000	494.000000	635.000000	521.000000	860.000000	875.000000	794.000000	599.000000	791.000000	466.000000	308.000000
396.000000	973.000000	1658.000000	1755.000000	387.000000	550.000000	399.000000	1.000000	1.000000	1.000000	1.000000	546.000000	1441.000000	320.000000	998.000000	1290.000000	745.000000	813.000000	515.000000	937.000000	265.000000
1.000000	509.000000	443.000000	947.000000	387.000000	1.000000	403.000000	1.000000	1.000000	451.000000	334.000000	510.000000	1324.000000	1.000000	239.000000	1258.000000	563.000000	123.000000	131.000000	765.000000	129.000000
