21 25 0
1.000000	427.000000	1444.000000	2166.000000	849.000000	1.000000	1.000000	1.000000	1.000000	1.000000	217.000000	1.000000	1.000000	1.000000	1.000000	283.000000	276.000000	517.000000	321.000000	168.000000	487.000000
1.000000	429.000000	725.000000	1231.000000	413.000000	1.000000	1.000000	153.000000	1.000000	1.000000	217.000000	1.000000	554.000000	469.000000	227.000000	267.000000	276.000000	382.000000	585.000000	338.000000	389.000000
269.000000	463.000000	1.000000	319.000000	1.000000	139.000000	543.000000	445.000000	201.000000	1.000000	1.000000	1.000000	75.000000	249.000000	1.000000	139.000000	337.000000	193.000000	982.000000	881.000000	201.000000
495.000000	1.000000	1.000000	1.000000	667.000000	1.000000	119.000000	374.000000	201.000000	1.000000	1.000000	1.000000	1.000000	207.000000	1.000000	64.000000	525.000000	209.000000	867.000000	744.000000	367.000000
275.000000	367.000000	245.000000	616.000000	1838.000000	295.000000	1.000000	1.000000	193.000000	1.000000	201.000000	1.000000	1.000000	464.000000	1.000000	1.000000	373.000000	209.000000	639.000000	720.000000	233.000000
565.000000	1.000000	1.000000	1387.000000	1087.000000	543.000000	1.000000	239.000000	1.000000	167.000000	349.000000	1.000000	297.000000	1.000000	1.000000	1.000000	374.000000	259.000000	230.000000	948.000000	329.000000
693.000000	800.000000	409.000000	681.000000	525.000000	1.000000	1.000000	239.000000	1.000000	167.000000	715.000000	635.000000	197.000000	1.000000	1.000000	1.000000	666.000000	502.000000	782.000000	1043.000000	339.000000
1.000000	509.000000	629.000000	203.000000	233.000000	1423.000000	1.000000	315.000000	1.000000	1.000000	1765.000000	2275.000000	461.000000	1.000000	1.000000	1.000000	684.000000	255.000000	552.000000	1269.000000	719.000000
143.000000	698.000000	1200.000000	149.000000	662.000000	2419.000000	1.000000	1.000000	1.000000	167.000000	1899.000000	1163.000000	483.000000	1.000000	1.000000	1.000000	712.000000	259.000000	1.000000	1398.000000	893.000000
386.000000	821.000000	1286.000000	351.000000	153.000000	720.000000	1.000000	1.000000	1.000000	601.000000	1464.000000	820.000000	1.000000	1.000000	249.000000	246.000000	522.000000	253.000000	182.000000	1065.000000	789.000000
943.000000	531.000000	802.000000	359.000000	1.000000	1.000000	1.000000	1.000000	1.000000	605.000000	1215.000000	356.000000	1.000000	1.000000	1.000000	475.000000	402.000000	270.000000	531.000000	689.000000	679.000000
935.000000	543.000000	988.000000	151.000000	463.000000	563.000000	236.000000	155.000000	1.000000	1249.000000	848.000000	269.000000	1.000000	1.000000	1.000000	1111.000000	628.000000	423.000000	807.000000	1202.000000	1086.000000
1062.000000	796.000000	604.000000	773.000000	420.000000	733.000000	769.000000	318.000000	1.000000	1275.000000	193.000000	632.000000	305.000000	1.000000	341.000000	1084.000000	862.000000	437.000000	1136.000000	1109.000000	1095.000000
948.000000	990.000000	677.000000	921.000000	639.000000	1681.000000	1239.000000	1.000000	1.000000	1139.000000	1.000000	1.000000	1.000000	1.000000	1.000000	605.000000	651.000000	746.000000	967.000000	698.000000	1163.000000
1170.000000	1049.000000	671.000000	635.000000	986.000000	1767.000000	1.000000	1.000000	1.000000	1833.000000	425.000000	1.000000	1.000000	880.000000	265.000000	539.000000	713.000000	593.000000	672.000000	784.000000	377.000000
1095.000000	192.000000	1158.000000	853.000000	1405.000000	1233.000000	1.000000	1.000000	1.000000	779.000000	297.000000	1.000000	329.000000	273.000000	823.000000	333.000000	649.000000	615.000000	511.000000	993.000000	1.000000
447.000000	883.000000	998.000000	283.000000	1436.000000	520.000000	1.000000	910.000000	339.000000	1.000000	1.000000	1415.000000	983.000000	261.000000	1008.000000	239.000000	695.000000	419.000000	1264.000000	851.000000	1.000000
449.000000	1780.000000	809.000000	1096.000000	1710.000000	377.000000	1.000000	219.000000	245.000000	1.000000	409.000000	285.000000	471.000000	1.000000	327.000000	428.000000	531.000000	784.000000	1759.000000	963.000000	187.000000
702.000000	897.000000	214.000000	1223.000000	2163.000000	301.000000	1.000000	1.000000	399.000000	275.000000	1.000000	1.000000	1.000000	1.000000	612.000000	255.000000	304.000000	1228.000000	1337.000000	595.000000	170.000000
650.000000	651.000000	1.000000	855.000000	1292.000000	619.000000	1.000000	1.000000	913.000000	1678.000000	1.000000	1.000000	1.000000	341.000000	1261.000000	446.000000	582.000000	1495.000000	865.000000	496.000000	474.000000
582.000000	1019.000000	427.000000	1001.000000	1630.000000	739.000000	1.000000	427.000000	155.000000	221.000000	1.000000	1.000000	1.000000	647.000000	826.000000	685.000000	1037.000000	1427.000000	547.000000	779.000000	907.000000
1114.000000	965.000000	957.000000	1189.000000	1578.000000	983.000000	1.000000	217.000000	712.000000	223.000000	1.000000	167.000000	358.000000	691.000000	425.000000	404.000000	893.000000	861.000000	652.000000	644.000000	275.000000
1166.000000	1093.000000	794.000000	1200.000000	1374.000000	1315.000000	1.000000	1.000000	1085.000000	223.000000	1.000000	1.000000	455.000000	211.000000	1160.000000	767.000000	1405.000000	1010.000000	527.000000	197.000000	1.000000
1055.000000	1078.000000	299.000000	1053.000000	1142.000000	1361.000000	287.000000	1009.000000	819.000000	1.000000	1.000000	1.000000	359.000000	967.000000	957.000000	1152.000000	1219.000000	589.000000	343.000000	1.000000	1.000000
290.000000	257.000000	143.000000	255.000000	529.000000	897.000000	287.000000	955.000000	676.000000	1.000000	1.000000	1.000000	1.000000	691.000000	712.000000	127.000000	525.000000	847.000000	429.000000	1.000000	1.000000
