21 25 0
1.000000	293.000000	493.000000	1.000000	1.000000	1.000000	1.000000	1.000000	1.000000	1.000000	1.000000	1.000000	135.000000	342.000000	330.000000	522.000000	221.000000	239.000000	465.000000	919.000000	899.000000
1.000000	491.000000	1.000000	1.000000	1.000000	1.000000	1.000000	1.000000	1.000000	680.000000	505.000000	131.000000	330.000000	145.000000	342.000000	435.000000	450.000000	233.000000	1.000000	460.000000	455.000000
131.000000	155.000000	1.000000	1.000000	1.000000	1.000000	1.000000	157.000000	346.000000	1150.000000	1043.000000	161.000000	338.000000	64.000000	1.000000	1.000000	331.000000	348.000000	221.000000	1.000000	1.000000
185.000000	1.000000	159.000000	1.000000	1.000000	616.000000	725.000000	1.000000	1.000000	173.000000	358.000000	369.000000	174.000000	1.000000	1.000000	459.000000	145.000000	1.000000	185.000000	1.000000	1.000000
349.000000	667.000000	1.000000	341.000000	221.000000	1059.000000	1479.000000	1238.000000	762.000000	1.000000	151.000000	335.000000	199.000000	1.000000	1.000000	248.000000	151.000000	495.000000	231.000000	181.000000	124.000000
445.000000	723.000000	369.000000	1.000000	1.000000	1.000000	247.000000	1315.000000	580.000000	1.000000	413.000000	185.000000	304.000000	1.000000	1.000000	139.000000	213.000000	337.000000	1.000000	877.000000	787.000000
279.000000	333.000000	1.000000	1.000000	1.000000	461.000000	463.000000	1.000000	171.000000	293.000000	1.000000	1.000000	1.000000	1.000000	1.000000	1.000000	1.000000	372.000000	229.000000	297.000000	975.000000
397.000000	279.000000	333.000000	1.000000	651.000000	501.000000	1303.000000	1126.000000	639.000000	1038.000000	1.000000	1.000000	348.000000	1053.000000	1365.000000	1854.000000	1193.000000	984.000000	257.000000	227.000000	874.000000
355.000000	731.000000	1.000000	1.000000	1.000000	1.000000	939.000000	405.000000	1572.000000	1350.000000	1.000000	1.000000	1.000000	855.000000	1289.000000	1157.000000	1143.000000	887.000000	703.000000	257.000000	173.000000
1.000000	291.000000	1.000000	310.000000	1.000000	1.000000	1.000000	1.000000	1.000000	1.000000	1.000000	1.000000	1.000000	1.000000	1.000000	469.000000	189.000000	1.000000	1.000000	223.000000	181.000000
503.000000	339.000000	1.000000	1.000000	233.000000	154.000000	315.000000	1.000000	1.000000	1.000000	1.000000	157.000000	1.000000	1.000000	1.000000	177.000000	453.000000	1.000000	1.000000	385.000000	1.000000
1.000000	899.000000	1.000000	1.000000	206.000000	1.000000	1.000000	1026.000000	1015.000000	634.000000	1.000000	1.000000	459.000000	1.000000	195.000000	1.000000	365.000000	943.000000	1.000000	1.000000	387.000000
1027.000000	976.000000	186.000000	219.000000	1.000000	1.000000	1.000000	1081.000000	1231.000000	770.000000	789.000000	615.000000	1154.000000	1629.000000	715.000000	197.000000	1.000000	362.000000	639.000000	1.000000	532.000000
761.000000	751.000000	886.000000	320.000000	143.000000	1.000000	1.000000	1.000000	1.000000	441.000000	1.000000	583.000000	1.000000	1058.000000	1904.000000	780.000000	531.000000	524.000000	363.000000	475.000000	217.000000
489.000000	621.000000	503.000000	321.000000	183.000000	1.000000	1.000000	1.000000	1.000000	1.000000	1.000000	1.000000	1.000000	1.000000	994.000000	1254.000000	1240.000000	754.000000	1.000000	413.000000	163.000000
1707.000000	413.000000	399.000000	1.000000	1.000000	1.000000	1.000000	1120.000000	893.000000	499.000000	1.000000	585.000000	1331.000000	843.000000	403.000000	769.000000	611.000000	431.000000	213.000000	261.000000	393.000000
1310.000000	969.000000	1153.000000	1.000000	1.000000	1.000000	317.000000	1357.000000	1220.000000	511.000000	441.000000	405.000000	2038.000000	1776.000000	465.000000	1.000000	1.000000	1.000000	1.000000	204.000000	1.000000
439.000000	1436.000000	445.000000	391.000000	1.000000	237.000000	1.000000	1.000000	499.000000	1.000000	445.000000	434.000000	405.000000	884.000000	145.000000	319.000000	1.000000	1.000000	485.000000	1.000000	1.000000
706.000000	1151.000000	771.000000	1051.000000	1.000000	225.000000	490.000000	141.000000	1.000000	1.000000	611.000000	245.000000	182.000000	1.000000	1.000000	305.000000	1.000000	1.000000	1.000000	1.000000	1.000000
577.000000	1048.000000	1079.000000	643.000000	1.000000	147.000000	475.000000	1.000000	1.000000	1.000000	1.000000	645.000000	907.000000	201.000000	1.000000	245.000000	143.000000	683.000000	1.000000	1.000000	213.000000
457.000000	228.000000	748.000000	493.000000	1.000000	277.000000	428.000000	1.000000	1.000000	1.000000	1.000000	1.000000	1.000000	193.000000	1.000000	1.000000	1.000000	1.000000	433.000000	181.000000	467.000000
414.000000	951.000000	499.000000	1085.000000	191.000000	807.000000	1283.000000	694.000000	440.000000	561.000000	546.000000	545.000000	393.000000	168.000000	1.000000	255.000000	1.000000	172.000000	267.000000	583.000000	1.000000
135.000000	1302.000000	863.000000	1095.000000	1.000000	209.000000	949.000000	1534.000000	1099.000000	852.000000	968.000000	1672.000000	1056.000000	434.000000	183.000000	1.000000	1.000000	377.000000	239.000000	517.000000	247.000000
1.000000	145.000000	1141.000000	1327.000000	451.000000	1.000000	1.000000	285.000000	425.000000	305.000000	1.000000	409.000000	868.000000	205.000000	1.000000	1.000000	169.000000	1.000000	1.000000	1.000000	1.000000
1.000000	1.000000	162.000000	757.000000	389.000000	1.000000	1.000000	1.000000	1.000000	1.000000	1.000000	1.000000	239.000000	1.000000	1.000000	433.000000	1.000000	1.000000	1.000000	133.000000	129.000000
