21 25 0
1407.000000	1043.000000	421.000000	1.000000	865.000000	2327.000000	2526.000000	1538.000000	1500.000000	791.000000	657.000000	212.000000	434.000000	161.000000	319.000000	898.000000	1.000000	1.000000	465.000000	247.000000	1.000000
223.000000	421.000000	307.000000	907.000000	2807.000000	2331.000000	821.000000	860.000000	1.000000	1.000000	1.000000	1.000000	1.000000	343.000000	400.000000	1.000000	1.000000	697.000000	1.000000	1.000000	1.000000
383.000000	407.000000	1102.000000	1932.000000	2107.000000	429.000000	1.000000	1.000000	1.000000	1.000000	1.000000	1.000000	1.000000	1.000000	199.000000	545.000000	299.000000	1.000000	1.000000	1.000000	1.000000
1.000000	1056.000000	1460.000000	2092.000000	381.000000	1.000000	1.000000	1.000000	1.000000	1.000000	345.000000	730.000000	537.000000	361.000000	709.000000	155.000000	1.000000	1.000000	1.000000	1.000000	1.000000
1075.000000	583.000000	1763.000000	381.000000	1.000000	1.000000	1.000000	1.000000	1.000000	1.000000	409.000000	658.000000	176.000000	147.000000	1.000000	1.000000	1.000000	331.000000	1.000000	1.000000	1.000000
1244.000000	1442.000000	1147.000000	1.000000	1.000000	392.000000	1.000000	335.000000	281.000000	1.000000	1.000000	174.000000	1.000000	1.000000	327.000000	1676.000000	389.000000	1.000000	251.000000	1.000000	535.000000
1068.000000	1581.000000	701.000000	1.000000	1.000000	710.000000	720.000000	1.000000	1.000000	295.000000	1.000000	1.000000	1.000000	1469.000000	3223.000000	1028.000000	241.000000	241.000000	1.000000	313.000000	1.000000
975.000000	1361.000000	241.000000	1.000000	461.000000	1.000000	1.000000	1.000000	275.000000	1579.000000	225.000000	1.000000	1.000000	499.000000	1.000000	1.000000	1.000000	1.000000	1.000000	1.000000	1.000000
1147.000000	571.000000	1.000000	1.000000	1.000000	1.000000	139.000000	479.000000	2381.000000	648.000000	293.000000	1.000000	1.000000	1.000000	1.000000	1.000000	707.000000	371.000000	1.000000	1.000000	269.000000
535.000000	1.000000	1.000000	467.000000	515.000000	735.000000	1065.000000	1609.000000	2188.000000	432.000000	1.000000	209.000000	303.000000	1129.000000	1129.000000	1610.000000	1.000000	371.000000	215.000000	1.000000	1.000000
159.000000	1.000000	254.000000	242.000000	178.000000	1.000000	149.000000	1581.000000	1174.000000	200.000000	1.000000	277.000000	619.000000	646.000000	733.000000	1.000000	1.000000	147.000000	135.000000	1.000000	1.000000
417.000000	243.000000	1.000000	106.000000	1.000000	284.000000	369.000000	527.000000	1.000000	160.000000	1.000000	237.000000	235.000000	1.000000	1.000000	1.000000	1.000000	471.000000	501.000000	1.000000	1.000000
481.000000	241.000000	507.000000	135.000000	472.000000	1.000000	1.000000	1.000000	1.000000	1.000000	1.000000	1.000000	1.000000	237.000000	492.000000	1.000000	347.000000	661.000000	145.000000	165.000000	1.000000
637.000000	965.000000	1.000000	1.000000	175.000000	1.000000	1.000000	686.000000	1188.000000	1079.000000	1.000000	373.000000	1196.000000	1019.000000	1.000000	157.000000	685.000000	499.000000	257.000000	1.000000	1.000000
459.000000	531.000000	1.000000	1.000000	1.000000	1.000000	700.000000	3382.000000	1916.000000	313.000000	313.000000	1658.000000	572.000000	397.000000	1.000000	1.000000	1.000000	1.000000	552.000000	1.000000	1.000000
1.000000	323.000000	1.000000	1.000000	1.000000	681.000000	2763.000000	355.000000	1.000000	1.000000	503.000000	1.000000	1.000000	1.000000	1.000000	157.000000	465.000000	653.000000	153.000000	1.000000	411.000000
501.000000	423.000000	1.000000	259.000000	1.000000	353.000000	1.000000	1.000000	311.000000	862.000000	787.000000	1.000000	1.000000	422.000000	1.000000	694.000000	805.000000	597.000000	1.000000	194.000000	719.000000
423.000000	1.000000	262.000000	1.000000	1.000000	1.000000	232.000000	1132.000000	2406.000000	517.000000	457.000000	241.000000	607.000000	1308.000000	657.000000	1.000000	533.000000	229.000000	330.000000	557.000000	815.000000
233.000000	327.000000	1.000000	1.000000	1.000000	521.000000	1839.000000	2191.000000	1.000000	1.000000	1.000000	1.000000	1076.000000	1619.000000	1.000000	173.000000	748.000000	594.000000	393.000000	1047.000000	597.000000
1.000000	1112.000000	1.000000	719.000000	1.000000	821.000000	639.000000	1.000000	1.000000	257.000000	938.000000	730.000000	1017.000000	182.000000	1.000000	698.000000	604.000000	637.000000	790.000000	885.000000	351.000000
309.000000	794.000000	831.000000	623.000000	1.000000	387.000000	1.000000	1.000000	223.000000	1502.000000	1076.000000	572.000000	721.000000	1.000000	1.000000	639.000000	598.000000	583.000000	711.000000	249.000000	391.000000
312.000000	476.000000	1277.000000	465.000000	1.000000	287.000000	1.000000	435.000000	1.000000	1.000000	1.000000	1.000000	1.000000	143.000000	149.000000	184.000000	407.000000	667.000000	438.000000	431.000000	365.000000
470.000000	143.000000	777.000000	587.000000	427.000000	1.000000	1.000000	1.000000	1.000000	1.000000	368.000000	1.000000	1.000000	310.000000	356.000000	328.000000	1.000000	147.000000	403.000000	143.000000	605.000000
337.000000	943.000000	933.000000	593.000000	1.000000	215.000000	1.000000	1.000000	1.000000	82.000000	262.000000	621.000000	748.000000	438.000000	333.000000	981.000000	518.000000	139.000000	259.000000	897.000000	895.000000
335.000000	449.000000	299.000000	881.000000	1.000000	479.000000	160.000000	1.000000	1.000000	602.000000	213.000000	643.000000	411.000000	1.000000	155.000000	396.000000	379.000000	253.000000	265.000000	849.000000	365.000000
