21 25 0
531.000000	321.000000	1092.000000	466.000000	715.000000	459.000000	1.000000	1.000000	151.000000	421.000000	417.000000	141.000000	141.000000	326.000000	207.000000	477.000000	209.000000	209.000000	245.000000	920.000000	1015.000000
407.000000	457.000000	837.000000	1.000000	1.000000	1.000000	573.000000	1815.000000	1808.000000	1483.000000	1106.000000	822.000000	672.000000	709.000000	737.000000	705.000000	399.000000	199.000000	1.000000	352.000000	778.000000
1.000000	1.000000	1.000000	1.000000	307.000000	833.000000	965.000000	1382.000000	1645.000000	1422.000000	1541.000000	1090.000000	947.000000	874.000000	465.000000	315.000000	1.000000	1.000000	209.000000	1.000000	1.000000
1.000000	1.000000	1.000000	271.000000	1109.000000	1329.000000	929.000000	373.000000	155.000000	157.000000	344.000000	342.000000	308.000000	1.000000	1.000000	303.000000	351.000000	193.000000	139.000000	1.000000	201.000000
169.000000	1.000000	273.000000	288.000000	1220.000000	1983.000000	2784.000000	2191.000000	1023.000000	528.000000	200.000000	336.000000	532.000000	1082.000000	2059.000000	2168.000000	1193.000000	882.000000	847.000000	350.000000	123.000000
183.000000	1.000000	381.000000	162.000000	712.000000	857.000000	1021.000000	1163.000000	1077.000000	570.000000	742.000000	1146.000000	1962.000000	1950.000000	1205.000000	555.000000	377.000000	155.000000	189.000000	231.000000	151.000000
135.000000	73.000000	73.000000	1.000000	1.000000	487.000000	390.000000	1.000000	1.000000	1.000000	1.000000	129.000000	127.000000	1.000000	1.000000	1.000000	1.000000	1.000000	1.000000	1.000000	297.000000
1.000000	1.000000	258.000000	257.000000	1579.000000	2792.000000	3244.000000	2008.000000	1160.000000	309.000000	1.000000	163.000000	357.000000	964.000000	2516.000000	2723.000000	2109.000000	1292.000000	1.000000	1.000000	1.000000
421.000000	815.000000	696.000000	442.000000	1396.000000	1969.000000	1247.000000	889.000000	355.000000	621.000000	544.000000	577.000000	791.000000	1287.000000	2023.000000	2021.000000	1288.000000	511.000000	305.000000	301.000000	473.000000
1.000000	1.000000	1.000000	1.000000	1.000000	1.000000	1.000000	1.000000	1.000000	1.000000	501.000000	1.000000	1.000000	1.000000	1.000000	1.000000	1.000000	1.000000	1.000000	1.000000	1.000000
529.000000	397.000000	1.000000	1.000000	1195.000000	1189.000000	593.000000	151.000000	1.000000	1.000000	1.000000	1.000000	1.000000	1.000000	357.000000	919.000000	958.000000	135.000000	1.000000	1.000000	1.000000
1.000000	1.000000	129.000000	1.000000	135.000000	892.000000	125.000000	654.000000	920.000000	1104.000000	754.000000	712.000000	764.000000	405.000000	470.000000	325.000000	501.000000	341.000000	167.000000	387.000000	617.000000
1.000000	1.000000	170.000000	1.000000	1.000000	172.000000	1159.000000	2695.000000	2854.000000	2608.000000	2631.000000	2604.000000	2128.000000	1583.000000	440.000000	273.000000	1.000000	1.000000	171.000000	159.000000	1.000000
1.000000	168.000000	467.000000	226.000000	393.000000	1036.000000	936.000000	1.000000	411.000000	475.000000	737.000000	303.000000	553.000000	1201.000000	1563.000000	713.000000	691.000000	772.000000	743.000000	1.000000	1.000000
1.000000	1.000000	1.000000	537.000000	870.000000	762.000000	1.000000	1.000000	1.000000	499.000000	551.000000	539.000000	499.000000	1.000000	293.000000	706.000000	803.000000	407.000000	1.000000	1.000000	1.000000
1077.000000	505.000000	1.000000	1.000000	1.000000	1.000000	1.000000	1331.000000	2904.000000	2684.000000	479.000000	1009.000000	1058.000000	405.000000	403.000000	1.000000	1.000000	1.000000	583.000000	603.000000	393.000000
1.000000	1.000000	1.000000	1.000000	1.000000	1.000000	1241.000000	2843.000000	2590.000000	849.000000	815.000000	1087.000000	1787.000000	1764.000000	469.000000	361.000000	1.000000	1.000000	1.000000	1.000000	1.000000
1.000000	1.000000	1.000000	156.000000	238.000000	219.000000	1.000000	1.000000	1.000000	1.000000	447.000000	511.000000	379.000000	1.000000	1.000000	1.000000	189.000000	1.000000	485.000000	207.000000	389.000000
1036.000000	1136.000000	916.000000	503.000000	239.000000	214.000000	1.000000	437.000000	458.000000	1724.000000	1914.000000	546.000000	1.000000	1.000000	1.000000	392.000000	1.000000	1.000000	1.000000	1.000000	1.000000
1008.000000	1196.000000	937.000000	363.000000	1.000000	1.000000	901.000000	2350.000000	1433.000000	867.000000	709.000000	713.000000	453.000000	765.000000	201.000000	1.000000	1.000000	473.000000	1.000000	1.000000	727.000000
423.000000	283.000000	197.000000	1.000000	164.000000	229.000000	228.000000	1.000000	1.000000	1.000000	1.000000	1.000000	1.000000	1.000000	235.000000	1.000000	811.000000	747.000000	599.000000	668.000000	876.000000
339.000000	127.000000	501.000000	499.000000	1.000000	448.000000	911.000000	1068.000000	1200.000000	1320.000000	1420.000000	989.000000	869.000000	540.000000	326.000000	728.000000	475.000000	177.000000	357.000000	573.000000	397.000000
185.000000	653.000000	915.000000	447.000000	1.000000	409.000000	1210.000000	1770.000000	2232.000000	2134.000000	1770.000000	1810.000000	1458.000000	569.000000	872.000000	419.000000	353.000000	564.000000	713.000000	749.000000	337.000000
1.000000	145.000000	159.000000	1.000000	499.000000	1.000000	1.000000	455.000000	535.000000	519.000000	373.000000	497.000000	367.000000	213.000000	209.000000	1.000000	1.000000	1.000000	1.000000	1.000000	1.000000
1.000000	1.000000	1.000000	139.000000	527.000000	1.000000	1.000000	1.000000	1.000000	1.000000	1.000000	1.000000	1.000000	1.000000	1.000000	1.000000	1.000000	1.000000	1.000000	1.000000	1.000000
