21 25 0
284.000000	395.000000	1407.000000	1839.000000	1310.000000	461.000000	1.000000	1.000000	1.000000	127.000000	141.000000	1.000000	1.000000	1.000000	233.000000	1.000000	267.000000	1.000000	1.000000	1.000000	211.000000
396.000000	1175.000000	1343.000000	869.000000	179.000000	1.000000	546.000000	1143.000000	935.000000	605.000000	357.000000	1.000000	1.000000	1.000000	1.000000	161.000000	1.000000	1.000000	1.000000	1.000000	459.000000
1027.000000	331.000000	737.000000	299.000000	839.000000	717.000000	895.000000	902.000000	810.000000	328.000000	145.000000	153.000000	1.000000	173.000000	315.000000	1.000000	1.000000	1.000000	1.000000	1.000000	1.000000
495.000000	285.000000	185.000000	553.000000	1346.000000	1672.000000	541.000000	537.000000	1.000000	1.000000	1.000000	166.000000	1.000000	1.000000	1.000000	1.000000	576.000000	186.000000	1.000000	162.000000	201.000000
261.000000	171.000000	748.000000	918.000000	1838.000000	880.000000	645.000000	452.000000	1.000000	1.000000	1.000000	1.000000	1.000000	586.000000	1607.000000	1684.000000	880.000000	1.000000	185.000000	229.000000	1.000000
183.000000	1.000000	129.000000	886.000000	956.000000	435.000000	1.000000	1.000000	1.000000	137.000000	1.000000	397.000000	1356.000000	2295.000000	503.000000	1.000000	187.000000	1.000000	1.000000	1.000000	307.000000
675.000000	409.000000	310.000000	425.000000	1.000000	1.000000	481.000000	319.000000	391.000000	1.000000	1.000000	656.000000	381.000000	1.000000	1.000000	1.000000	1.000000	1.000000	1.000000	607.000000	327.000000
1.000000	481.000000	438.000000	258.000000	425.000000	2407.000000	2488.000000	1240.000000	1.000000	1.000000	221.000000	1400.000000	196.000000	1.000000	663.000000	1917.000000	1724.000000	253.000000	133.000000	198.000000	639.000000
1.000000	262.000000	466.000000	309.000000	1597.000000	1965.000000	780.000000	1.000000	1.000000	1.000000	1547.000000	1361.000000	293.000000	641.000000	1435.000000	707.000000	282.000000	1.000000	279.000000	377.000000	651.000000
1.000000	249.000000	499.000000	281.000000	939.000000	1.000000	1.000000	1.000000	1.000000	321.000000	687.000000	447.000000	1.000000	1.000000	1.000000	1.000000	1.000000	1.000000	205.000000	1.000000	1.000000
162.000000	1.000000	123.000000	1.000000	207.000000	679.000000	163.000000	1.000000	1.000000	129.000000	1.000000	1.000000	1.000000	1.000000	1.000000	161.000000	527.000000	157.000000	1.000000	725.000000	265.000000
1.000000	1.000000	126.000000	1.000000	339.000000	151.000000	1.000000	252.000000	1.000000	1438.000000	1264.000000	540.000000	1.000000	1.000000	145.000000	487.000000	603.000000	306.000000	1.000000	979.000000	654.000000
1.000000	149.000000	1.000000	131.000000	1.000000	359.000000	989.000000	671.000000	1324.000000	1405.000000	1465.000000	693.000000	183.000000	1.000000	319.000000	579.000000	1.000000	309.000000	1101.000000	813.000000	1.000000
1.000000	168.000000	130.000000	169.000000	426.000000	1554.000000	2683.000000	1.000000	1.000000	513.000000	155.000000	1.000000	1.000000	1.000000	173.000000	341.000000	326.000000	934.000000	1513.000000	147.000000	1.000000
1.000000	190.000000	128.000000	139.000000	753.000000	1809.000000	1.000000	1.000000	1.000000	881.000000	789.000000	1.000000	319.000000	1.000000	231.000000	159.000000	576.000000	757.000000	155.000000	241.000000	637.000000
1.000000	1.000000	1.000000	1.000000	151.000000	323.000000	1.000000	377.000000	2883.000000	1632.000000	399.000000	417.000000	789.000000	533.000000	375.000000	1.000000	260.000000	1.000000	1.000000	1252.000000	395.000000
1.000000	1.000000	1.000000	1.000000	1.000000	1.000000	1.000000	2950.000000	1611.000000	591.000000	435.000000	329.000000	1752.000000	657.000000	273.000000	281.000000	260.000000	391.000000	782.000000	1261.000000	70.000000
1.000000	1.000000	1.000000	156.000000	454.000000	249.000000	133.000000	1.000000	1.000000	1.000000	312.000000	1082.000000	1.000000	1.000000	1.000000	386.000000	393.000000	233.000000	1341.000000	785.000000	670.000000
906.000000	1.000000	1.000000	485.000000	740.000000	351.000000	1.000000	1.000000	257.000000	1864.000000	1271.000000	1.000000	1.000000	1.000000	563.000000	561.000000	287.000000	1123.000000	767.000000	393.000000	335.000000
249.000000	611.000000	1.000000	250.000000	230.000000	1.000000	1.000000	573.000000	2162.000000	957.000000	1.000000	1.000000	1.000000	167.000000	1090.000000	265.000000	624.000000	1409.000000	895.000000	203.000000	812.000000
459.000000	1.000000	1.000000	356.000000	221.000000	261.000000	1.000000	1.000000	1.000000	1.000000	1.000000	1.000000	1.000000	437.000000	378.000000	346.000000	1239.000000	1369.000000	535.000000	629.000000	1273.000000
1.000000	1.000000	1.000000	174.000000	1.000000	1.000000	1.000000	1.000000	626.000000	729.000000	947.000000	674.000000	568.000000	665.000000	328.000000	918.000000	909.000000	885.000000	323.000000	1035.000000	427.000000
271.000000	579.000000	180.000000	190.000000	297.000000	163.000000	1.000000	629.000000	2107.000000	1901.000000	913.000000	686.000000	651.000000	337.000000	622.000000	602.000000	1053.000000	295.000000	639.000000	229.000000	241.000000
130.000000	503.000000	216.000000	163.000000	355.000000	315.000000	287.000000	764.000000	828.000000	235.000000	145.000000	441.000000	1.000000	1.000000	1081.000000	1113.000000	409.000000	337.000000	313.000000	1.000000	1.000000
123.000000	1.000000	1.000000	361.000000	419.000000	431.000000	1.000000	1.000000	1.000000	1.000000	1.000000	1.000000	1.000000	429.000000	1.000000	119.000000	665.000000	309.000000	1.000000	1.000000	1.000000
