21 25 0
825.000000	151.000000	1.000000	153.000000	865.000000	2759.000000	3101.000000	2773.000000	2424.000000	2061.000000	1944.000000	1825.000000	1393.000000	1126.000000	766.000000	1049.000000	1183.000000	804.000000	459.000000	1.000000	1.000000
185.000000	183.000000	1.000000	841.000000	2715.000000	2092.000000	1251.000000	890.000000	423.000000	347.000000	377.000000	428.000000	747.000000	864.000000	804.000000	646.000000	281.000000	736.000000	599.000000	429.000000	189.000000
383.000000	297.000000	887.000000	1337.000000	1236.000000	457.000000	139.000000	404.000000	1.000000	1.000000	1.000000	1.000000	1.000000	242.000000	139.000000	698.000000	537.000000	250.000000	624.000000	217.000000	173.000000
1.000000	994.000000	654.000000	1023.000000	1.000000	157.000000	889.000000	898.000000	941.000000	1051.000000	887.000000	1071.000000	1210.000000	1465.000000	1386.000000	683.000000	547.000000	367.000000	269.000000	269.000000	609.000000
1.000000	371.000000	1.000000	1.000000	1.000000	1.000000	1.000000	1.000000	177.000000	508.000000	689.000000	708.000000	630.000000	237.000000	1.000000	1.000000	1.000000	1.000000	209.000000	1.000000	1.000000
268.000000	167.000000	1.000000	1.000000	416.000000	1127.000000	1159.000000	1211.000000	463.000000	179.000000	1.000000	1.000000	1.000000	1.000000	1320.000000	1083.000000	936.000000	490.000000	1.000000	1.000000	364.000000
383.000000	1.000000	1.000000	323.000000	1145.000000	1980.000000	2054.000000	1908.000000	156.000000	431.000000	716.000000	453.000000	298.000000	1680.000000	3045.000000	2155.000000	1869.000000	1260.000000	283.000000	177.000000	1.000000
1.000000	351.000000	349.000000	1.000000	1.000000	1.000000	1.000000	1.000000	1.000000	1.000000	341.000000	1.000000	1.000000	435.000000	1.000000	131.000000	165.000000	1.000000	1.000000	233.000000	1.000000
475.000000	293.000000	1.000000	1.000000	388.000000	731.000000	1010.000000	875.000000	471.000000	151.000000	1.000000	1.000000	245.000000	698.000000	978.000000	1006.000000	352.000000	1.000000	1.000000	1.000000	1.000000
1.000000	1.000000	176.000000	504.000000	1330.000000	3161.000000	3224.000000	2418.000000	1769.000000	656.000000	263.000000	1010.000000	1823.000000	2204.000000	2794.000000	2514.000000	1695.000000	1161.000000	847.000000	243.000000	649.000000
1.000000	1.000000	247.000000	1.000000	215.000000	623.000000	663.000000	1143.000000	851.000000	1858.000000	1399.000000	1140.000000	1307.000000	894.000000	910.000000	996.000000	167.000000	1.000000	1.000000	1.000000	1.000000
1.000000	1.000000	1.000000	356.000000	369.000000	578.000000	424.000000	164.000000	1.000000	871.000000	235.000000	235.000000	1.000000	1.000000	187.000000	187.000000	150.000000	155.000000	1.000000	1.000000	1.000000
1.000000	1.000000	273.000000	685.000000	804.000000	473.000000	1.000000	1.000000	1.000000	1.000000	1.000000	1.000000	1.000000	1.000000	1.000000	1.000000	513.000000	203.000000	1.000000	1.000000	1.000000
1.000000	1.000000	1.000000	1.000000	1.000000	1.000000	1.000000	1.000000	2295.000000	1593.000000	1274.000000	1175.000000	1215.000000	455.000000	1.000000	1.000000	155.000000	1.000000	165.000000	1.000000	1.000000
959.000000	419.000000	333.000000	165.000000	1.000000	1.000000	368.000000	3152.000000	2915.000000	2240.000000	2231.000000	2377.000000	2190.000000	1144.000000	602.000000	272.000000	1.000000	1.000000	267.000000	621.000000	353.000000
503.000000	668.000000	177.000000	177.000000	451.000000	727.000000	835.000000	355.000000	345.000000	1.000000	265.000000	769.000000	829.000000	739.000000	1024.000000	547.000000	417.000000	757.000000	367.000000	159.000000	353.000000
967.000000	1.000000	326.000000	609.000000	929.000000	507.000000	1.000000	1.000000	434.000000	495.000000	883.000000	434.000000	477.000000	453.000000	143.000000	714.000000	999.000000	453.000000	187.000000	1.000000	1.000000
337.000000	1.000000	131.000000	131.000000	1.000000	1.000000	838.000000	2941.000000	2812.000000	1774.000000	1143.000000	1277.000000	941.000000	981.000000	684.000000	1.000000	195.000000	1.000000	1.000000	1.000000	349.000000
383.000000	326.000000	1.000000	1.000000	1.000000	287.000000	1395.000000	1577.000000	447.000000	467.000000	485.000000	423.000000	327.000000	1019.000000	719.000000	1.000000	1.000000	1.000000	169.000000	1084.000000	867.000000
352.000000	1.000000	1.000000	1.000000	1.000000	202.000000	1.000000	257.000000	263.000000	506.000000	1235.000000	567.000000	452.000000	292.000000	149.000000	152.000000	1.000000	300.000000	237.000000	361.000000	1.000000
781.000000	529.000000	488.000000	425.000000	147.000000	177.000000	466.000000	1474.000000	2012.000000	2551.000000	2721.000000	1862.000000	733.000000	616.000000	333.000000	205.000000	578.000000	251.000000	295.000000	295.000000	391.000000
756.000000	1132.000000	623.000000	349.000000	349.000000	1.000000	191.000000	763.000000	651.000000	579.000000	233.000000	349.000000	541.000000	543.000000	203.000000	203.000000	442.000000	1.000000	1.000000	1.000000	1.000000
143.000000	143.000000	623.000000	704.000000	597.000000	277.000000	192.000000	1.000000	1.000000	1.000000	1.000000	1.000000	1.000000	1.000000	1.000000	1.000000	1.000000	147.000000	415.000000	411.000000	699.000000
127.000000	127.000000	435.000000	435.000000	435.000000	959.000000	1125.000000	831.000000	180.000000	445.000000	544.000000	664.000000	167.000000	196.000000	196.000000	128.000000	298.000000	285.000000	379.000000	1095.000000	1109.000000
479.000000	1.000000	1.000000	1.000000	1.000000	153.000000	185.000000	301.000000	941.000000	1034.000000	298.000000	623.000000	1.000000	1.000000	331.000000	408.000000	245.000000	567.000000	796.000000	377.000000	507.000000
