21 25 0
1.000000	1.000000	431.000000	1.000000	453.000000	899.000000	777.000000	449.000000	279.000000	1376.000000	1239.000000	1443.000000	1110.000000	1083.000000	1.000000	281.000000	1027.000000	1079.000000	518.000000	159.000000	463.000000
1.000000	1.000000	1.000000	340.000000	887.000000	1.000000	481.000000	1.000000	1.000000	1.000000	1.000000	387.000000	511.000000	788.000000	650.000000	609.000000	281.000000	627.000000	978.000000	711.000000	177.000000
1.000000	1.000000	1.000000	278.000000	341.000000	1.000000	1.000000	1.000000	1.000000	1.000000	1.000000	1.000000	1.000000	314.000000	1.000000	414.000000	474.000000	90.000000	838.000000	838.000000	323.000000
1.000000	389.000000	1.000000	1.000000	1.000000	1.000000	163.000000	655.000000	445.000000	420.000000	1.000000	143.000000	149.000000	145.000000	1.000000	1.000000	590.000000	215.000000	585.000000	405.000000	355.000000
1.000000	1.000000	1.000000	150.000000	335.000000	1.000000	1.000000	1.000000	565.000000	199.000000	168.000000	1.000000	1.000000	1.000000	1.000000	1.000000	268.000000	137.000000	327.000000	451.000000	161.000000
1.000000	1.000000	1.000000	151.000000	508.000000	857.000000	850.000000	1074.000000	1.000000	1.000000	1.000000	1.000000	1.000000	1.000000	449.000000	431.000000	759.000000	241.000000	181.000000	327.000000	299.000000
1.000000	1.000000	1.000000	267.000000	557.000000	828.000000	1059.000000	426.000000	1.000000	173.000000	909.000000	429.000000	1.000000	783.000000	567.000000	771.000000	1139.000000	585.000000	918.000000	896.000000	299.000000
1.000000	1.000000	1.000000	1.000000	1.000000	485.000000	1.000000	1.000000	1.000000	1.000000	519.000000	785.000000	231.000000	1.000000	1.000000	1.000000	399.000000	615.000000	507.000000	588.000000	746.000000
1.000000	151.000000	1.000000	1.000000	387.000000	1873.000000	279.000000	1.000000	1.000000	1.000000	247.000000	601.000000	593.000000	268.000000	189.000000	140.000000	369.000000	255.000000	1.000000	155.000000	463.000000
1.000000	1.000000	166.000000	1.000000	1.000000	2095.000000	1650.000000	577.000000	285.000000	1.000000	735.000000	895.000000	643.000000	547.000000	182.000000	211.000000	613.000000	439.000000	299.000000	500.000000	759.000000
1.000000	184.000000	569.000000	1.000000	1.000000	519.000000	427.000000	1.000000	1.000000	317.000000	1143.000000	356.000000	1.000000	1.000000	474.000000	602.000000	1.000000	1.000000	1.000000	287.000000	225.000000
289.000000	1.000000	456.000000	615.000000	333.000000	332.000000	220.000000	1.000000	1.000000	129.000000	157.000000	1.000000	1.000000	1.000000	187.000000	659.000000	1.000000	1.000000	745.000000	751.000000	361.000000
158.000000	1.000000	1.000000	569.000000	934.000000	623.000000	1.000000	1.000000	1.000000	1.000000	1.000000	273.000000	1.000000	1.000000	1.000000	502.000000	809.000000	1.000000	399.000000	479.000000	903.000000
1.000000	290.000000	1.000000	1.000000	159.000000	553.000000	1.000000	1.000000	877.000000	655.000000	482.000000	493.000000	363.000000	651.000000	271.000000	1.000000	375.000000	404.000000	399.000000	676.000000	485.000000
959.000000	374.000000	427.000000	169.000000	1.000000	1.000000	1.000000	1.000000	749.000000	1777.000000	437.000000	587.000000	975.000000	1106.000000	951.000000	367.000000	346.000000	405.000000	175.000000	303.000000	501.000000
1503.000000	320.000000	770.000000	293.000000	1177.000000	257.000000	1.000000	1.000000	1.000000	1.000000	1.000000	501.000000	277.000000	1485.000000	1470.000000	691.000000	474.000000	423.000000	1.000000	1.000000	1.000000
865.000000	1072.000000	795.000000	384.000000	1149.000000	417.000000	213.000000	1.000000	1.000000	1.000000	169.000000	507.000000	969.000000	402.000000	681.000000	537.000000	331.000000	1.000000	185.000000	1.000000	1.000000
129.000000	488.000000	165.000000	601.000000	317.000000	131.000000	938.000000	1581.000000	1177.000000	225.000000	1.000000	594.000000	1035.000000	463.000000	196.000000	1.000000	1.000000	361.000000	1121.000000	207.000000	1.000000
382.000000	281.000000	164.000000	576.000000	309.000000	219.000000	1.000000	509.000000	639.000000	465.000000	1.000000	423.000000	1.000000	1221.000000	669.000000	169.000000	1.000000	377.000000	745.000000	429.000000	119.000000
363.000000	1.000000	1.000000	238.000000	657.000000	219.000000	1.000000	141.000000	154.000000	1098.000000	370.000000	370.000000	230.000000	1.000000	153.000000	209.000000	1.000000	1.000000	1.000000	709.000000	203.000000
568.000000	463.000000	159.000000	156.000000	531.000000	509.000000	1.000000	286.000000	408.000000	1369.000000	1741.000000	599.000000	1.000000	1.000000	1.000000	209.000000	1.000000	1.000000	1.000000	321.000000	423.000000
589.000000	143.000000	145.000000	695.000000	954.000000	183.000000	1.000000	1.000000	185.000000	329.000000	1.000000	1.000000	257.000000	1.000000	1.000000	401.000000	419.000000	1.000000	1.000000	1.000000	273.000000
182.000000	1.000000	145.000000	481.000000	1083.000000	954.000000	293.000000	1.000000	1.000000	1.000000	1.000000	1.000000	1.000000	1.000000	333.000000	807.000000	1.000000	928.000000	1.000000	1.000000	1.000000
1.000000	375.000000	1.000000	144.000000	917.000000	1221.000000	1055.000000	625.000000	714.000000	1.000000	1.000000	1.000000	1.000000	306.000000	191.000000	333.000000	811.000000	992.000000	145.000000	139.000000	133.000000
290.000000	147.000000	1.000000	1.000000	151.000000	541.000000	593.000000	836.000000	1038.000000	1.000000	1.000000	1.000000	1.000000	1.000000	523.000000	1.000000	735.000000	777.000000	549.000000	1.000000	125.000000
