21 25 0
919.000000	1.000000	177.000000	271.000000	545.000000	674.000000	739.000000	1407.000000	313.000000	453.000000	1.000000	141.000000	1.000000	75.000000	1.000000	143.000000	1.000000	353.000000	205.000000	826.000000	1.000000
1228.000000	1.000000	351.000000	1123.000000	535.000000	677.000000	1157.000000	653.000000	558.000000	677.000000	517.000000	1.000000	655.000000	1.000000	325.000000	1.000000	187.000000	275.000000	523.000000	297.000000	1.000000
1180.000000	282.000000	483.000000	987.000000	1.000000	1.000000	417.000000	1.000000	173.000000	223.000000	179.000000	155.000000	633.000000	173.000000	1.000000	223.000000	605.000000	444.000000	523.000000	623.000000	1.000000
1428.000000	296.000000	260.000000	133.000000	1.000000	1.000000	143.000000	1.000000	369.000000	1.000000	1.000000	1.000000	383.000000	1.000000	1.000000	125.000000	796.000000	882.000000	659.000000	461.000000	1.000000
2109.000000	286.000000	1.000000	1.000000	299.000000	133.000000	1.000000	171.000000	369.000000	1.000000	1.000000	1.000000	143.000000	144.000000	1.000000	1.000000	174.000000	572.000000	1943.000000	943.000000	285.000000
1878.000000	1.000000	127.000000	132.000000	1.000000	133.000000	1.000000	313.000000	1.000000	1.000000	1.000000	422.000000	1.000000	1.000000	1.000000	1.000000	1.000000	187.000000	1685.000000	2575.000000	338.000000
1249.000000	1.000000	616.000000	587.000000	1.000000	1.000000	1.000000	1.000000	1.000000	1.000000	311.000000	1.000000	441.000000	1.000000	1.000000	1.000000	1.000000	1.000000	1280.000000	2392.000000	657.000000
609.000000	1.000000	530.000000	1462.000000	388.000000	1.000000	1.000000	1.000000	462.000000	1.000000	629.000000	1551.000000	1057.000000	1.000000	1.000000	1.000000	1.000000	1.000000	467.000000	2162.000000	720.000000
339.000000	1.000000	545.000000	849.000000	849.000000	1.000000	1.000000	1.000000	940.000000	1.000000	699.000000	3052.000000	1181.000000	1.000000	1.000000	1.000000	1.000000	1.000000	129.000000	1549.000000	472.000000
429.000000	1.000000	590.000000	1097.000000	1.000000	1.000000	1.000000	549.000000	1626.000000	1.000000	625.000000	3425.000000	1471.000000	1.000000	492.000000	1.000000	1.000000	1.000000	319.000000	1125.000000	219.000000
353.000000	437.000000	471.000000	802.000000	1.000000	1.000000	1.000000	1313.000000	1543.000000	1.000000	460.000000	2664.000000	135.000000	1.000000	1.000000	1.000000	1.000000	1.000000	330.000000	969.000000	575.000000
1.000000	729.000000	473.000000	1.000000	1.000000	1.000000	1.000000	1533.000000	442.000000	1.000000	1.000000	2144.000000	1.000000	1.000000	1.000000	349.000000	621.000000	763.000000	401.000000	513.000000	892.000000
1.000000	213.000000	179.000000	1.000000	1.000000	1.000000	601.000000	861.000000	1.000000	1.000000	1.000000	2529.000000	1400.000000	1.000000	1.000000	349.000000	1.000000	312.000000	294.000000	1013.000000	575.000000
1.000000	1.000000	1.000000	614.000000	1.000000	1.000000	359.000000	1197.000000	1567.000000	1.000000	1.000000	1009.000000	820.000000	1.000000	1.000000	1.000000	1.000000	138.000000	677.000000	934.000000	348.000000
291.000000	1.000000	1.000000	249.000000	1.000000	267.000000	1.000000	139.000000	1057.000000	1.000000	1.000000	1.000000	1.000000	1.000000	410.000000	189.000000	131.000000	233.000000	1374.000000	939.000000	137.000000
403.000000	1.000000	1.000000	167.000000	153.000000	1231.000000	1.000000	1.000000	365.000000	1.000000	1.000000	1.000000	483.000000	575.000000	483.000000	1.000000	159.000000	507.000000	1575.000000	517.000000	223.000000
555.000000	129.000000	1.000000	1.000000	187.000000	1299.000000	602.000000	1.000000	367.000000	1.000000	282.000000	259.000000	549.000000	398.000000	1.000000	1.000000	782.000000	1319.000000	791.000000	190.000000	163.000000
396.000000	450.000000	1.000000	1.000000	1.000000	459.000000	766.000000	1059.000000	281.000000	1.000000	282.000000	1.000000	577.000000	214.000000	306.000000	1.000000	525.000000	1043.000000	795.000000	68.000000	309.000000
135.000000	487.000000	755.000000	1.000000	1.000000	210.000000	191.000000	1059.000000	265.000000	345.000000	1.000000	1.000000	1.000000	1.000000	274.000000	307.000000	520.000000	1211.000000	359.000000	1.000000	143.000000
739.000000	846.000000	997.000000	165.000000	137.000000	1.000000	1.000000	243.000000	129.000000	347.000000	335.000000	1.000000	1.000000	163.000000	503.000000	327.000000	507.000000	1428.000000	1281.000000	732.000000	139.000000
1235.000000	1204.000000	1736.000000	1678.000000	1025.000000	1.000000	1.000000	1.000000	516.000000	1.000000	335.000000	271.000000	1.000000	239.000000	1063.000000	821.000000	625.000000	960.000000	1603.000000	913.000000	933.000000
1457.000000	1636.000000	945.000000	1245.000000	1223.000000	1.000000	1.000000	1.000000	1.000000	1.000000	1.000000	1.000000	247.000000	159.000000	425.000000	809.000000	455.000000	951.000000	1576.000000	1215.000000	933.000000
895.000000	1411.000000	926.000000	1007.000000	1481.000000	611.000000	193.000000	1.000000	1.000000	1.000000	1.000000	1.000000	1.000000	1.000000	141.000000	851.000000	197.000000	490.000000	784.000000	1239.000000	1067.000000
497.000000	123.000000	395.000000	481.000000	779.000000	196.000000	1.000000	1.000000	1.000000	1.000000	1.000000	1.000000	1.000000	1.000000	1.000000	327.000000	1.000000	297.000000	501.000000	325.000000	411.000000
1.000000	1.000000	1.000000	1.000000	1.000000	1.000000	1.000000	1.000000	1.000000	1.000000	1.000000	1.000000	1.000000	1.000000	1.000000	1.000000	1.000000	1.000000	1.000000	1.000000	1.000000
