21 25 0
1.000000	1.000000	589.000000	137.000000	299.000000	565.000000	1.000000	1.000000	1.000000	289.000000	1.000000	1.000000	107.000000	1.000000	1.000000	1.000000	1.000000	1.000000	179.000000	1.000000	394.000000
129.000000	603.000000	397.000000	299.000000	1.000000	393.000000	1.000000	1.000000	667.000000	353.000000	1.000000	379.000000	1.000000	255.000000	427.000000	525.000000	389.000000	1.000000	265.000000	259.000000	375.000000
127.000000	375.000000	1.000000	1.000000	349.000000	769.000000	414.000000	1.000000	1.000000	143.000000	381.000000	538.000000	455.000000	1163.000000	1445.000000	757.000000	503.000000	333.000000	343.000000	167.000000	367.000000
1.000000	1.000000	328.000000	370.000000	1057.000000	871.000000	1.000000	1.000000	249.000000	393.000000	645.000000	794.000000	764.000000	862.000000	1135.000000	828.000000	662.000000	1156.000000	319.000000	261.000000	325.000000
1.000000	835.000000	858.000000	1481.000000	1625.000000	523.000000	281.000000	431.000000	863.000000	1276.000000	1212.000000	939.000000	615.000000	1044.000000	648.000000	344.000000	624.000000	538.000000	582.000000	1.000000	365.000000
1.000000	1441.000000	2107.000000	1253.000000	369.000000	309.000000	841.000000	976.000000	924.000000	917.000000	627.000000	553.000000	668.000000	737.000000	183.000000	125.000000	1.000000	135.000000	1.000000	1.000000	607.000000
587.000000	1951.000000	1652.000000	245.000000	379.000000	830.000000	753.000000	1.000000	1.000000	1.000000	1.000000	1.000000	175.000000	175.000000	1.000000	1.000000	1.000000	1.000000	1.000000	1.000000	768.000000
1011.000000	1684.000000	265.000000	1.000000	1.000000	1.000000	1.000000	1.000000	1.000000	1.000000	1.000000	1.000000	1.000000	1.000000	1.000000	1.000000	1.000000	205.000000	151.000000	1.000000	983.000000
473.000000	267.000000	1.000000	733.000000	1.000000	492.000000	727.000000	277.000000	1.000000	1275.000000	2170.000000	1.000000	179.000000	411.000000	1.000000	343.000000	530.000000	694.000000	181.000000	1.000000	187.000000
177.000000	1.000000	1.000000	1.000000	433.000000	1273.000000	2944.000000	683.000000	963.000000	3630.000000	1729.000000	1.000000	275.000000	1889.000000	1857.000000	1153.000000	918.000000	1261.000000	771.000000	1.000000	327.000000
329.000000	1.000000	1.000000	1.000000	794.000000	1486.000000	1111.000000	301.000000	407.000000	1317.000000	1.000000	1.000000	399.000000	1443.000000	485.000000	711.000000	895.000000	907.000000	200.000000	328.000000	660.000000
692.000000	299.000000	1.000000	1.000000	321.000000	1064.000000	1.000000	1.000000	1.000000	340.000000	1.000000	1.000000	1.000000	347.000000	1.000000	139.000000	1.000000	1.000000	1.000000	354.000000	1.000000
927.000000	1.000000	1.000000	1.000000	127.000000	497.000000	423.000000	1.000000	1.000000	1.000000	1.000000	1.000000	1.000000	1.000000	1.000000	1.000000	1.000000	1.000000	1.000000	1.000000	1.000000
470.000000	189.000000	209.000000	201.000000	440.000000	599.000000	759.000000	1.000000	1.000000	1.000000	1.000000	379.000000	351.000000	399.000000	183.000000	1.000000	1.000000	239.000000	225.000000	1.000000	545.000000
173.000000	307.000000	527.000000	433.000000	701.000000	641.000000	684.000000	1.000000	411.000000	403.000000	1118.000000	985.000000	1272.000000	483.000000	1.000000	469.000000	860.000000	493.000000	1.000000	1.000000	806.000000
1.000000	415.000000	359.000000	161.000000	727.000000	354.000000	1.000000	161.000000	1.000000	502.000000	1.000000	1.000000	1.000000	1.000000	375.000000	697.000000	1072.000000	161.000000	1.000000	298.000000	855.000000
205.000000	411.000000	1.000000	339.000000	423.000000	1.000000	477.000000	77.000000	478.000000	1.000000	1.000000	135.000000	187.000000	585.000000	1123.000000	1526.000000	181.000000	1.000000	1.000000	446.000000	277.000000
959.000000	1.000000	1.000000	1.000000	1.000000	151.000000	621.000000	1.000000	133.000000	816.000000	341.000000	217.000000	469.000000	1222.000000	1283.000000	213.000000	1.000000	1.000000	142.000000	411.000000	67.000000
435.000000	913.000000	233.000000	1.000000	1.000000	151.000000	1.000000	1.000000	152.000000	108.000000	289.000000	519.000000	390.000000	181.000000	1.000000	203.000000	189.000000	1.000000	477.000000	1.000000	137.000000
1301.000000	762.000000	1066.000000	862.000000	1.000000	1.000000	1.000000	468.000000	471.000000	185.000000	746.000000	1647.000000	754.000000	431.000000	397.000000	189.000000	598.000000	1.000000	416.000000	305.000000	283.000000
1528.000000	857.000000	501.000000	1.000000	1.000000	1.000000	1.000000	201.000000	215.000000	601.000000	614.000000	344.000000	1.000000	1.000000	1.000000	661.000000	469.000000	336.000000	789.000000	451.000000	1.000000
475.000000	1111.000000	1.000000	215.000000	1.000000	1.000000	201.000000	1.000000	1.000000	1.000000	1.000000	157.000000	1.000000	328.000000	395.000000	631.000000	317.000000	1177.000000	281.000000	1.000000	1115.000000
891.000000	387.000000	239.000000	577.000000	1.000000	477.000000	425.000000	1.000000	185.000000	1.000000	1.000000	502.000000	645.000000	219.000000	539.000000	850.000000	995.000000	971.000000	1.000000	1117.000000	511.000000
135.000000	1.000000	1.000000	1.000000	1.000000	313.000000	1.000000	1.000000	1.000000	1.000000	1.000000	1.000000	285.000000	785.000000	521.000000	1.000000	507.000000	1.000000	128.000000	1.000000	507.000000
1.000000	1.000000	1.000000	1.000000	1.000000	1.000000	1.000000	1.000000	1.000000	1.000000	1.000000	1.000000	1.000000	1.000000	1.000000	1.000000	1.000000	1.000000	1.000000	1.000000	1.000000
