21 25 0
195.000000	479.000000	189.000000	135.000000	1.000000	375.000000	656.000000	750.000000	1077.000000	618.000000	471.000000	509.000000	425.000000	592.000000	456.000000	219.000000	1.000000	536.000000	133.000000	1.000000	1.000000
1.000000	189.000000	1.000000	1.000000	471.000000	1021.000000	943.000000	445.000000	564.000000	220.000000	561.000000	478.000000	453.000000	1041.000000	683.000000	441.000000	654.000000	161.000000	149.000000	221.000000	141.000000
1.000000	1.000000	1.000000	227.000000	562.000000	922.000000	1015.000000	879.000000	391.000000	431.000000	396.000000	408.000000	330.000000	1.000000	1.000000	1.000000	169.000000	359.000000	269.000000	269.000000	323.000000
1.000000	550.000000	215.000000	1.000000	1.000000	1.000000	621.000000	481.000000	828.000000	931.000000	477.000000	353.000000	1.000000	1.000000	1.000000	1.000000	1.000000	1.000000	1.000000	1.000000	909.000000
1.000000	1039.000000	1.000000	1.000000	1.000000	1.000000	1.000000	1.000000	1.000000	1.000000	193.000000	1.000000	1.000000	1.000000	1.000000	267.000000	1.000000	1.000000	1.000000	612.000000	1198.000000
1.000000	851.000000	1.000000	1.000000	345.000000	358.000000	467.000000	481.000000	1.000000	1.000000	1.000000	1.000000	1.000000	1.000000	1.000000	1.000000	1.000000	335.000000	360.000000	1.000000	832.000000
1.000000	801.000000	337.000000	381.000000	781.000000	1675.000000	1625.000000	1420.000000	968.000000	489.000000	239.000000	331.000000	361.000000	1136.000000	723.000000	485.000000	209.000000	344.000000	207.000000	1.000000	783.000000
449.000000	1229.000000	1.000000	1.000000	836.000000	1359.000000	1928.000000	1865.000000	2297.000000	1800.000000	418.000000	376.000000	739.000000	1891.000000	2547.000000	2134.000000	1379.000000	925.000000	169.000000	1.000000	851.000000
824.000000	1146.000000	317.000000	423.000000	567.000000	487.000000	421.000000	874.000000	1097.000000	2236.000000	1.000000	1.000000	1.000000	207.000000	223.000000	975.000000	763.000000	2015.000000	658.000000	1.000000	1.000000
199.000000	794.000000	1297.000000	617.000000	1.000000	1.000000	1.000000	1.000000	497.000000	491.000000	1.000000	1.000000	1.000000	1.000000	1.000000	1.000000	1.000000	1.000000	333.000000	313.000000	1.000000
573.000000	858.000000	1048.000000	1503.000000	668.000000	341.000000	568.000000	1.000000	1.000000	592.000000	1.000000	1.000000	1.000000	153.000000	1.000000	1.000000	1.000000	1.000000	1.000000	1.000000	1.000000
1347.000000	799.000000	937.000000	1044.000000	1538.000000	1210.000000	717.000000	1334.000000	253.000000	393.000000	1.000000	1.000000	1.000000	1727.000000	1321.000000	249.000000	237.000000	1.000000	1.000000	1.000000	1.000000
477.000000	639.000000	707.000000	614.000000	1212.000000	748.000000	1.000000	1.000000	1487.000000	3251.000000	2432.000000	1.000000	1.000000	267.000000	2039.000000	1399.000000	821.000000	204.000000	1.000000	313.000000	1.000000
562.000000	275.000000	500.000000	423.000000	504.000000	767.000000	261.000000	1.000000	1.000000	1240.000000	2296.000000	795.000000	1.000000	191.000000	510.000000	771.000000	1161.000000	315.000000	1.000000	325.000000	1.000000
991.000000	684.000000	215.000000	135.000000	1.000000	528.000000	1397.000000	711.000000	1.000000	1.000000	1.000000	1.000000	1.000000	1.000000	1.000000	185.000000	351.000000	1.000000	1.000000	1.000000	1.000000
492.000000	759.000000	775.000000	1.000000	1.000000	1.000000	607.000000	2181.000000	1941.000000	1.000000	1.000000	1.000000	1.000000	1.000000	187.000000	477.000000	1.000000	189.000000	1.000000	1.000000	1.000000
254.000000	568.000000	1169.000000	1221.000000	147.000000	1.000000	1.000000	225.000000	1757.000000	1689.000000	989.000000	285.000000	732.000000	391.000000	197.000000	197.000000	1.000000	1.000000	1.000000	1.000000	1.000000
159.000000	356.000000	589.000000	1487.000000	1315.000000	201.000000	1.000000	1.000000	1.000000	173.000000	157.000000	235.000000	231.000000	1.000000	171.000000	1.000000	1.000000	1.000000	151.000000	141.000000	275.000000
501.000000	164.000000	472.000000	862.000000	1341.000000	734.000000	213.000000	1.000000	1.000000	1.000000	1.000000	1.000000	1.000000	1.000000	171.000000	427.000000	1.000000	1.000000	1.000000	437.000000	423.000000
1021.000000	1.000000	209.000000	737.000000	1706.000000	1705.000000	799.000000	171.000000	1.000000	1.000000	1.000000	1.000000	1.000000	1.000000	1.000000	441.000000	985.000000	327.000000	149.000000	435.000000	437.000000
991.000000	1.000000	1.000000	356.000000	1067.000000	2103.000000	2016.000000	845.000000	459.000000	253.000000	1.000000	1.000000	1.000000	1.000000	1.000000	607.000000	987.000000	997.000000	472.000000	192.000000	649.000000
1217.000000	177.000000	205.000000	1.000000	290.000000	987.000000	1784.000000	1882.000000	1719.000000	1110.000000	675.000000	317.000000	167.000000	255.000000	1.000000	161.000000	1241.000000	529.000000	897.000000	1.000000	647.000000
633.000000	1.000000	209.000000	153.000000	1.000000	1.000000	1.000000	358.000000	390.000000	418.000000	555.000000	572.000000	177.000000	1.000000	1.000000	1.000000	499.000000	379.000000	451.000000	491.000000	139.000000
1.000000	1.000000	1.000000	1.000000	1.000000	1.000000	1.000000	1.000000	1.000000	1.000000	1.000000	1.000000	1.000000	1.000000	1.000000	1.000000	1.000000	499.000000	1.000000	325.000000	1.000000
1.000000	1.000000	1.000000	1.000000	1.000000	1.000000	1.000000	1.000000	1.000000	1.000000	1.000000	1.000000	1.000000	1.000000	1.000000	1.000000	1.000000	1.000000	1.000000	1.000000	1.000000
