21 25 0
777.000000	182.000000	141.000000	278.000000	400.000000	421.000000	911.000000	1113.000000	343.000000	259.000000	202.000000	377.000000	1.000000	1.000000	139.000000	1.000000	312.000000	323.000000	1.000000	563.000000	135.000000
757.000000	327.000000	349.000000	339.000000	269.000000	400.000000	811.000000	1078.000000	1024.000000	359.000000	365.000000	1.000000	252.000000	266.000000	1.000000	259.000000	229.000000	66.000000	163.000000	1.000000	1.000000
632.000000	135.000000	1.000000	349.000000	1.000000	1.000000	259.000000	415.000000	1.000000	405.000000	485.000000	581.000000	485.000000	449.000000	535.000000	1441.000000	797.000000	471.000000	1.000000	1.000000	1.000000
1.000000	1.000000	1.000000	244.000000	413.000000	155.000000	462.000000	479.000000	199.000000	1.000000	1.000000	151.000000	219.000000	149.000000	191.000000	623.000000	1409.000000	1673.000000	532.000000	1.000000	1.000000
501.000000	125.000000	1.000000	226.000000	527.000000	943.000000	1265.000000	1081.000000	1228.000000	657.000000	628.000000	396.000000	234.000000	144.000000	152.000000	155.000000	217.000000	1482.000000	1794.000000	697.000000	1.000000
631.000000	1.000000	215.000000	543.000000	283.000000	861.000000	617.000000	1301.000000	1849.000000	1515.000000	994.000000	600.000000	1.000000	127.000000	193.000000	1.000000	1.000000	185.000000	1941.000000	1688.000000	1.000000
689.000000	1.000000	169.000000	391.000000	377.000000	295.000000	1.000000	452.000000	279.000000	279.000000	897.000000	1.000000	1.000000	1.000000	1.000000	1.000000	1.000000	1.000000	789.000000	1839.000000	1024.000000
1.000000	1.000000	1.000000	818.000000	342.000000	162.000000	1.000000	1.000000	1.000000	1.000000	1.000000	1.000000	1.000000	1.000000	1.000000	1.000000	1.000000	1.000000	1.000000	1033.000000	575.000000
247.000000	1.000000	1.000000	1131.000000	1513.000000	1072.000000	700.000000	803.000000	443.000000	212.000000	698.000000	1338.000000	1.000000	1.000000	1.000000	1.000000	211.000000	1.000000	1.000000	179.000000	1.000000
995.000000	1.000000	756.000000	579.000000	1389.000000	1113.000000	1247.000000	2228.000000	1675.000000	1.000000	538.000000	2833.000000	1411.000000	1114.000000	2140.000000	1084.000000	731.000000	379.000000	1.000000	141.000000	1.000000
606.000000	147.000000	492.000000	794.000000	732.000000	646.000000	666.000000	1649.000000	1281.000000	1.000000	1.000000	1082.000000	319.000000	205.000000	1556.000000	2292.000000	1369.000000	900.000000	1.000000	521.000000	400.000000
464.000000	139.000000	417.000000	305.000000	1.000000	1.000000	1.000000	550.000000	168.000000	1.000000	1.000000	1116.000000	1.000000	1.000000	207.000000	1070.000000	407.000000	427.000000	398.000000	143.000000	143.000000
427.000000	172.000000	461.000000	1.000000	1.000000	1.000000	666.000000	551.000000	1.000000	1.000000	1.000000	1.000000	351.000000	1.000000	1.000000	1.000000	1.000000	133.000000	1.000000	1.000000	207.000000
1.000000	155.000000	633.000000	940.000000	1.000000	1.000000	1.000000	2121.000000	1795.000000	491.000000	1.000000	1.000000	1.000000	1.000000	1.000000	1.000000	1.000000	225.000000	467.000000	152.000000	163.000000
261.000000	1.000000	1.000000	804.000000	713.000000	1.000000	1.000000	606.000000	2581.000000	2932.000000	491.000000	171.000000	341.000000	140.000000	323.000000	581.000000	617.000000	177.000000	615.000000	407.000000	1.000000
267.000000	1.000000	1.000000	493.000000	1486.000000	913.000000	205.000000	1.000000	1.000000	1.000000	1949.000000	699.000000	1.000000	1.000000	176.000000	361.000000	397.000000	377.000000	137.000000	397.000000	1.000000
398.000000	1.000000	1.000000	1.000000	308.000000	1522.000000	1720.000000	177.000000	1.000000	1.000000	1.000000	209.000000	327.000000	331.000000	1.000000	1.000000	1.000000	131.000000	1.000000	1.000000	1.000000
1.000000	127.000000	1.000000	1.000000	1.000000	501.000000	951.000000	1701.000000	569.000000	1.000000	212.000000	219.000000	1.000000	1.000000	1.000000	1.000000	395.000000	135.000000	1.000000	1.000000	1.000000
278.000000	197.000000	513.000000	1.000000	234.000000	208.000000	555.000000	1195.000000	898.000000	563.000000	1.000000	1.000000	1.000000	219.000000	1.000000	1.000000	225.000000	1057.000000	409.000000	1.000000	363.000000
1.000000	242.000000	371.000000	477.000000	1.000000	235.000000	504.000000	1052.000000	947.000000	1176.000000	1307.000000	181.000000	227.000000	383.000000	1.000000	1.000000	430.000000	1147.000000	801.000000	756.000000	1.000000
1.000000	684.000000	1050.000000	953.000000	637.000000	1.000000	1.000000	1.000000	403.000000	209.000000	845.000000	623.000000	225.000000	175.000000	1.000000	1.000000	1.000000	889.000000	1721.000000	951.000000	284.000000
1377.000000	157.000000	330.000000	941.000000	1257.000000	741.000000	1.000000	1.000000	1.000000	1.000000	1.000000	1.000000	138.000000	1.000000	145.000000	1.000000	1.000000	486.000000	1111.000000	1733.000000	1591.000000
809.000000	511.000000	893.000000	1052.000000	860.000000	1137.000000	657.000000	287.000000	1.000000	1.000000	1.000000	1.000000	1.000000	161.000000	139.000000	235.000000	1.000000	163.000000	741.000000	451.000000	1820.000000
1.000000	467.000000	286.000000	126.000000	711.000000	383.000000	505.000000	454.000000	287.000000	131.000000	1.000000	1.000000	1.000000	1.000000	1.000000	529.000000	1.000000	1.000000	1.000000	255.000000	1.000000
1.000000	1.000000	1.000000	1.000000	1.000000	1.000000	1.000000	1.000000	1.000000	1.000000	1.000000	1.000000	1.000000	1.000000	1.000000	1.000000	1.000000	1.000000	1.000000	1.000000	1.000000
