21 25 0
413.000000	243.000000	243.000000	249.000000	532.000000	382.000000	409.000000	953.000000	1005.000000	1182.000000	1421.000000	1289.000000	976.000000	1145.000000	948.000000	963.000000	477.000000	319.000000	177.000000	1.000000	137.000000
343.000000	1.000000	130.000000	446.000000	1112.000000	1227.000000	854.000000	746.000000	422.000000	690.000000	444.000000	569.000000	971.000000	1313.000000	1430.000000	1105.000000	1011.000000	1015.000000	660.000000	469.000000	607.000000
824.000000	476.000000	531.000000	1185.000000	1710.000000	1357.000000	1399.000000	1754.000000	1174.000000	889.000000	748.000000	410.000000	398.000000	237.000000	237.000000	373.000000	419.000000	826.000000	957.000000	685.000000	167.000000
1009.000000	863.000000	1337.000000	833.000000	309.000000	592.000000	1068.000000	1782.000000	2033.000000	1529.000000	693.000000	473.000000	151.000000	151.000000	487.000000	232.000000	265.000000	301.000000	366.000000	511.000000	835.000000
131.000000	927.000000	133.000000	123.000000	297.000000	155.000000	412.000000	1.000000	151.000000	141.000000	135.000000	1.000000	1.000000	1.000000	248.000000	887.000000	611.000000	253.000000	345.000000	721.000000	779.000000
336.000000	1.000000	1.000000	347.000000	583.000000	653.000000	470.000000	483.000000	469.000000	1.000000	1.000000	1.000000	1.000000	1.000000	157.000000	157.000000	157.000000	149.000000	336.000000	282.000000	553.000000
1.000000	1.000000	393.000000	1149.000000	1633.000000	1793.000000	1908.000000	1879.000000	1375.000000	1093.000000	779.000000	359.000000	826.000000	1514.000000	1470.000000	1306.000000	1178.000000	674.000000	1.000000	1.000000	1.000000
143.000000	1.000000	307.000000	1725.000000	2053.000000	2394.000000	2909.000000	3009.000000	3024.000000	3174.000000	2669.000000	2510.000000	2973.000000	3099.000000	3062.000000	2974.000000	2266.000000	1633.000000	351.000000	1.000000	1.000000
1.000000	391.000000	903.000000	1162.000000	1349.000000	1386.000000	955.000000	1446.000000	1462.000000	685.000000	1.000000	1.000000	976.000000	935.000000	923.000000	979.000000	957.000000	984.000000	484.000000	205.000000	1.000000
1.000000	786.000000	644.000000	775.000000	195.000000	1.000000	1.000000	1.000000	1.000000	1.000000	1.000000	1.000000	1.000000	1.000000	1.000000	1.000000	1.000000	1.000000	1.000000	1.000000	1.000000
235.000000	1.000000	699.000000	1429.000000	431.000000	590.000000	704.000000	756.000000	252.000000	212.000000	445.000000	451.000000	1.000000	151.000000	145.000000	1.000000	1.000000	1.000000	1.000000	1.000000	1.000000
227.000000	1.000000	621.000000	1322.000000	1465.000000	1732.000000	2029.000000	1917.000000	385.000000	1.000000	1.000000	1.000000	1.000000	645.000000	1173.000000	457.000000	493.000000	386.000000	237.000000	143.000000	149.000000
165.000000	409.000000	849.000000	1029.000000	1196.000000	1585.000000	1804.000000	1776.000000	2226.000000	2807.000000	2830.000000	2267.000000	2394.000000	2033.000000	2189.000000	1683.000000	1276.000000	1035.000000	565.000000	1037.000000	870.000000
1.000000	1.000000	277.000000	543.000000	956.000000	834.000000	399.000000	1.000000	449.000000	2185.000000	2483.000000	2627.000000	952.000000	697.000000	774.000000	1327.000000	1368.000000	915.000000	558.000000	631.000000	156.000000
677.000000	343.000000	328.000000	314.000000	519.000000	957.000000	1183.000000	831.000000	1.000000	1.000000	1.000000	1.000000	1.000000	1.000000	173.000000	836.000000	554.000000	234.000000	234.000000	192.000000	207.000000
547.000000	857.000000	701.000000	1.000000	213.000000	271.000000	1170.000000	2194.000000	2129.000000	477.000000	377.000000	980.000000	1117.000000	1234.000000	588.000000	315.000000	1.000000	1.000000	1.000000	1.000000	1.000000
584.000000	981.000000	829.000000	599.000000	185.000000	1.000000	1.000000	1046.000000	1443.000000	2346.000000	1716.000000	1210.000000	1009.000000	618.000000	215.000000	197.000000	449.000000	1267.000000	767.000000	183.000000	183.000000
1.000000	285.000000	506.000000	602.000000	790.000000	308.000000	356.000000	465.000000	475.000000	650.000000	553.000000	413.000000	383.000000	227.000000	353.000000	598.000000	1028.000000	1120.000000	820.000000	491.000000	575.000000
501.000000	505.000000	165.000000	163.000000	612.000000	288.000000	559.000000	669.000000	675.000000	807.000000	1152.000000	810.000000	278.000000	144.000000	163.000000	669.000000	199.000000	199.000000	135.000000	1.000000	214.000000
1025.000000	1.000000	706.000000	357.000000	547.000000	1049.000000	635.000000	137.000000	1.000000	1.000000	1.000000	1.000000	1.000000	407.000000	403.000000	615.000000	445.000000	217.000000	429.000000	429.000000	433.000000
1.000000	499.000000	877.000000	210.000000	912.000000	1893.000000	1965.000000	1099.000000	803.000000	679.000000	635.000000	429.000000	653.000000	707.000000	235.000000	520.000000	1029.000000	467.000000	1.000000	546.000000	1050.000000
1.000000	1.000000	675.000000	503.000000	1.000000	459.000000	1206.000000	1798.000000	2044.000000	2140.000000	2005.000000	1699.000000	1121.000000	1217.000000	1041.000000	275.000000	503.000000	501.000000	513.000000	507.000000	1.000000
157.000000	1.000000	177.000000	1.000000	1.000000	1.000000	1.000000	183.000000	734.000000	622.000000	632.000000	862.000000	630.000000	1.000000	1.000000	143.000000	1.000000	1.000000	1.000000	1.000000	1.000000
1.000000	1.000000	149.000000	1.000000	1.000000	1.000000	1.000000	1.000000	1.000000	1.000000	135.000000	1.000000	1.000000	1.000000	1.000000	1.000000	1.000000	1.000000	1.000000	1.000000	1.000000
1.000000	1.000000	1.000000	1.000000	1.000000	1.000000	1.000000	1.000000	1.000000	1.000000	1.000000	1.000000	1.000000	1.000000	1.000000	1.000000	1.000000	1.000000	1.000000	1.000000	1.000000
