21 25 0
335.000000	267.000000	568.000000	602.000000	1027.000000	661.000000	877.000000	959.000000	503.000000	259.000000	363.000000	363.000000	328.000000	1.000000	159.000000	397.000000	647.000000	684.000000	490.000000	499.000000	325.000000
563.000000	467.000000	585.000000	327.000000	289.000000	707.000000	945.000000	992.000000	1227.000000	1161.000000	601.000000	145.000000	229.000000	259.000000	547.000000	581.000000	543.000000	433.000000	175.000000	186.000000	1.000000
459.000000	123.000000	123.000000	249.000000	383.000000	487.000000	487.000000	513.000000	275.000000	531.000000	955.000000	920.000000	1330.000000	1512.000000	1395.000000	1301.000000	880.000000	507.000000	417.000000	323.000000	335.000000
1.000000	1.000000	283.000000	423.000000	645.000000	854.000000	637.000000	481.000000	466.000000	197.000000	230.000000	686.000000	525.000000	1477.000000	1407.000000	1649.000000	1715.000000	1429.000000	948.000000	776.000000	608.000000
1.000000	368.000000	788.000000	1819.000000	1581.000000	1487.000000	1281.000000	1919.000000	2037.000000	2091.000000	1421.000000	1125.000000	742.000000	863.000000	886.000000	516.000000	1012.000000	1309.000000	1096.000000	521.000000	215.000000
441.000000	467.000000	1448.000000	1716.000000	1622.000000	2105.000000	2485.000000	3001.000000	2418.000000	2021.000000	1574.000000	1566.000000	1542.000000	1546.000000	1691.000000	1229.000000	249.000000	357.000000	879.000000	161.000000	1.000000
263.000000	739.000000	1192.000000	792.000000	874.000000	932.000000	1117.000000	1041.000000	842.000000	1114.000000	781.000000	467.000000	307.000000	175.000000	569.000000	674.000000	443.000000	129.000000	269.000000	988.000000	229.000000
1.000000	518.000000	193.000000	800.000000	661.000000	295.000000	179.000000	148.000000	1.000000	1.000000	1.000000	1.000000	1.000000	1.000000	1.000000	1.000000	139.000000	155.000000	1.000000	1.000000	135.000000
351.000000	1.000000	369.000000	1321.000000	1467.000000	1481.000000	1692.000000	1507.000000	1187.000000	811.000000	773.000000	697.000000	692.000000	1305.000000	970.000000	843.000000	840.000000	377.000000	1.000000	1.000000	1.000000
1.000000	1.000000	555.000000	1222.000000	1596.000000	2023.000000	3224.000000	3021.000000	2604.000000	2729.000000	2598.000000	2013.000000	2766.000000	2957.000000	3440.000000	3240.000000	1847.000000	1427.000000	645.000000	1.000000	1.000000
1.000000	205.000000	758.000000	918.000000	1233.000000	1403.000000	1998.000000	1824.000000	1355.000000	1.000000	1.000000	151.000000	811.000000	1008.000000	2075.000000	2512.000000	2127.000000	1447.000000	220.000000	367.000000	337.000000
465.000000	167.000000	299.000000	321.000000	458.000000	586.000000	715.000000	168.000000	168.000000	353.000000	2221.000000	1507.000000	1344.000000	207.000000	527.000000	834.000000	1045.000000	315.000000	1.000000	1.000000	1.000000
678.000000	369.000000	382.000000	236.000000	359.000000	548.000000	685.000000	421.000000	1.000000	1.000000	1.000000	1.000000	1.000000	1.000000	1.000000	1.000000	1.000000	1.000000	1.000000	131.000000	135.000000
591.000000	525.000000	880.000000	964.000000	576.000000	586.000000	1093.000000	1523.000000	1215.000000	505.000000	145.000000	351.000000	321.000000	773.000000	552.000000	249.000000	257.000000	257.000000	384.000000	326.000000	165.000000
139.000000	357.000000	543.000000	709.000000	1011.000000	721.000000	741.000000	1640.000000	2137.000000	3297.000000	3609.000000	2366.000000	2317.000000	1371.000000	605.000000	1227.000000	1219.000000	730.000000	320.000000	336.000000	435.000000
414.000000	1.000000	161.000000	705.000000	1180.000000	311.000000	311.000000	209.000000	1.000000	926.000000	852.000000	339.000000	1.000000	139.000000	360.000000	654.000000	980.000000	251.000000	1.000000	140.000000	440.000000
289.000000	633.000000	131.000000	284.000000	664.000000	1056.000000	851.000000	879.000000	503.000000	521.000000	519.000000	499.000000	719.000000	739.000000	700.000000	1099.000000	165.000000	1.000000	1.000000	1.000000	1.000000
753.000000	151.000000	157.000000	1.000000	1.000000	151.000000	1385.000000	1941.000000	1775.000000	1442.000000	1237.000000	1166.000000	1116.000000	1015.000000	526.000000	69.000000	1.000000	1.000000	1.000000	1.000000	139.000000
457.000000	787.000000	735.000000	1.000000	209.000000	154.000000	615.000000	774.000000	1245.000000	717.000000	289.000000	147.000000	129.000000	1.000000	1.000000	173.000000	591.000000	809.000000	713.000000	1.000000	261.000000
413.000000	557.000000	690.000000	503.000000	1.000000	235.000000	595.000000	1177.000000	1531.000000	1803.000000	2132.000000	1345.000000	740.000000	598.000000	402.000000	620.000000	459.000000	684.000000	1181.000000	746.000000	389.000000
619.000000	164.000000	603.000000	279.000000	1.000000	1.000000	1.000000	195.000000	690.000000	1086.000000	1451.000000	1328.000000	617.000000	187.000000	1.000000	1.000000	1.000000	443.000000	641.000000	417.000000	543.000000
613.000000	190.000000	332.000000	627.000000	693.000000	489.000000	1.000000	1.000000	1.000000	1.000000	1.000000	1.000000	153.000000	469.000000	325.000000	161.000000	1.000000	364.000000	1132.000000	1329.000000	1133.000000
617.000000	375.000000	1.000000	538.000000	964.000000	1462.000000	834.000000	303.000000	307.000000	1.000000	1.000000	149.000000	598.000000	369.000000	809.000000	697.000000	585.000000	1.000000	1.000000	601.000000	739.000000
1.000000	1.000000	1.000000	1.000000	1.000000	237.000000	223.000000	466.000000	355.000000	1.000000	1.000000	1.000000	1.000000	452.000000	588.000000	255.000000	1.000000	1.000000	1.000000	1.000000	1.000000
1.000000	1.000000	1.000000	1.000000	1.000000	1.000000	1.000000	1.000000	1.000000	1.000000	1.000000	1.000000	1.000000	1.000000	1.000000	1.000000	1.000000	1.000000	1.000000	1.000000	1.000000
