21 25 0
1.000000	555.000000	145.000000	157.000000	301.000000	883.000000	277.000000	159.000000	365.000000	229.000000	1.000000	1.000000	1.000000	179.000000	199.000000	216.000000	1.000000	1.000000	233.000000	149.000000	754.000000
1.000000	623.000000	137.000000	288.000000	301.000000	1203.000000	503.000000	1.000000	509.000000	1.000000	1.000000	1.000000	331.000000	295.000000	875.000000	591.000000	323.000000	1.000000	489.000000	193.000000	514.000000
1.000000	585.000000	1.000000	1.000000	1.000000	325.000000	257.000000	1.000000	1.000000	1.000000	139.000000	1.000000	297.000000	495.000000	879.000000	377.000000	360.000000	529.000000	1.000000	372.000000	975.000000
1.000000	1101.000000	153.000000	1.000000	379.000000	138.000000	1.000000	1.000000	143.000000	1.000000	661.000000	1.000000	231.000000	345.000000	737.000000	276.000000	1.000000	335.000000	1.000000	255.000000	1594.000000
1.000000	1777.000000	397.000000	497.000000	1185.000000	1.000000	1.000000	219.000000	324.000000	367.000000	139.000000	1.000000	1.000000	193.000000	385.000000	1.000000	1.000000	358.000000	320.000000	255.000000	1451.000000
1.000000	2251.000000	1535.000000	357.000000	1177.000000	1.000000	412.000000	191.000000	1.000000	1.000000	1.000000	1.000000	1.000000	351.000000	175.000000	1.000000	1.000000	65.000000	1.000000	219.000000	1425.000000
173.000000	2782.000000	1183.000000	381.000000	587.000000	1.000000	1.000000	1.000000	1.000000	465.000000	1.000000	1.000000	1.000000	1.000000	1.000000	1.000000	1.000000	425.000000	205.000000	1.000000	1580.000000
593.000000	2394.000000	431.000000	1.000000	437.000000	1.000000	1.000000	1.000000	1.000000	465.000000	458.000000	1.000000	1.000000	1.000000	1.000000	337.000000	1.000000	842.000000	941.000000	1.000000	1348.000000
449.000000	2247.000000	309.000000	1.000000	1.000000	1.000000	1.000000	1.000000	181.000000	2753.000000	1777.000000	1.000000	1.000000	1.000000	1.000000	1.000000	1.000000	1206.000000	1131.000000	1.000000	294.000000
421.000000	1106.000000	923.000000	309.000000	1.000000	1.000000	1.000000	1.000000	495.000000	3165.000000	1530.000000	1.000000	380.000000	419.000000	1.000000	1.000000	491.000000	1346.000000	1359.000000	198.000000	138.000000
527.000000	982.000000	963.000000	576.000000	1.000000	264.000000	1.000000	1.000000	407.000000	2633.000000	972.000000	1.000000	506.000000	1676.000000	1.000000	1.000000	1.000000	1.000000	254.000000	456.000000	165.000000
837.000000	725.000000	383.000000	161.000000	151.000000	487.000000	1.000000	1.000000	1.000000	1013.000000	683.000000	1.000000	1.000000	1680.000000	597.000000	1.000000	1.000000	1.000000	1.000000	1.000000	1.000000
804.000000	739.000000	492.000000	1.000000	1.000000	594.000000	413.000000	1.000000	1.000000	2054.000000	873.000000	1.000000	1.000000	696.000000	1150.000000	1.000000	1.000000	1.000000	1.000000	1.000000	1.000000
519.000000	971.000000	161.000000	1.000000	143.000000	805.000000	621.000000	1.000000	1.000000	1.000000	349.000000	1.000000	1.000000	201.000000	697.000000	1.000000	1.000000	141.000000	1.000000	1.000000	321.000000
510.000000	747.000000	743.000000	1.000000	1.000000	217.000000	1487.000000	1.000000	1.000000	1.000000	363.000000	1.000000	1.000000	1.000000	1.000000	145.000000	395.000000	433.000000	1.000000	149.000000	923.000000
334.000000	793.000000	1154.000000	457.000000	1.000000	1.000000	633.000000	687.000000	1877.000000	1.000000	1.000000	1.000000	1.000000	369.000000	463.000000	960.000000	395.000000	163.000000	1.000000	380.000000	775.000000
507.000000	409.000000	844.000000	1523.000000	1.000000	1.000000	1.000000	1.000000	1879.000000	1.000000	203.000000	1.000000	1.000000	483.000000	801.000000	847.000000	181.000000	1.000000	1.000000	649.000000	577.000000
921.000000	348.000000	504.000000	1161.000000	1094.000000	1.000000	1.000000	1.000000	761.000000	765.000000	283.000000	147.000000	275.000000	465.000000	847.000000	575.000000	173.000000	1.000000	203.000000	736.000000	500.000000
183.000000	465.000000	196.000000	735.000000	1535.000000	858.000000	195.000000	1.000000	1.000000	342.000000	1.000000	156.000000	171.000000	173.000000	346.000000	817.000000	1.000000	1.000000	275.000000	641.000000	582.000000
1009.000000	429.000000	605.000000	403.000000	1370.000000	2130.000000	985.000000	1.000000	1.000000	1.000000	1.000000	1.000000	1.000000	1.000000	1.000000	477.000000	769.000000	327.000000	607.000000	297.000000	323.000000
1150.000000	1475.000000	501.000000	975.000000	953.000000	1826.000000	1909.000000	351.000000	1.000000	1.000000	1.000000	298.000000	1.000000	175.000000	1.000000	1112.000000	1399.000000	951.000000	1285.000000	569.000000	353.000000
1499.000000	1376.000000	991.000000	847.000000	341.000000	1075.000000	1603.000000	961.000000	191.000000	185.000000	1.000000	1.000000	1.000000	189.000000	157.000000	872.000000	1029.000000	1579.000000	1275.000000	244.000000	1133.000000
1385.000000	972.000000	1001.000000	579.000000	287.000000	737.000000	231.000000	417.000000	1.000000	1.000000	1.000000	1.000000	145.000000	139.000000	517.000000	302.000000	767.000000	1437.000000	1035.000000	637.000000	961.000000
1.000000	300.000000	777.000000	1.000000	366.000000	477.000000	1.000000	1.000000	1.000000	1.000000	1.000000	1.000000	1.000000	429.000000	530.000000	1.000000	499.000000	493.000000	252.000000	482.000000	125.000000
1.000000	1.000000	1.000000	1.000000	1.000000	1.000000	1.000000	1.000000	1.000000	1.000000	1.000000	1.000000	1.000000	1.000000	1.000000	1.000000	1.000000	1.000000	1.000000	1.000000	1.000000
