21 25 0
731.000000	215.000000	1.000000	1.000000	148.000000	292.000000	1.000000	699.000000	235.000000	277.000000	369.000000	476.000000	319.000000	606.000000	371.000000	433.000000	319.000000	1.000000	133.000000	143.000000	1.000000
213.000000	1.000000	1.000000	474.000000	334.000000	458.000000	617.000000	517.000000	1.000000	232.000000	445.000000	675.000000	647.000000	694.000000	298.000000	354.000000	383.000000	401.000000	480.000000	510.000000	1.000000
752.000000	131.000000	398.000000	918.000000	1009.000000	287.000000	629.000000	539.000000	577.000000	955.000000	553.000000	688.000000	492.000000	173.000000	1.000000	1.000000	187.000000	1.000000	589.000000	425.000000	1.000000
1402.000000	473.000000	691.000000	279.000000	1.000000	355.000000	599.000000	578.000000	817.000000	763.000000	389.000000	153.000000	1.000000	1.000000	125.000000	125.000000	390.000000	568.000000	374.000000	301.000000	1.000000
1678.000000	416.000000	1.000000	1.000000	309.000000	297.000000	1.000000	1.000000	237.000000	1.000000	1.000000	143.000000	1.000000	1.000000	1.000000	1.000000	1.000000	309.000000	521.000000	397.000000	1.000000
960.000000	1.000000	1.000000	348.000000	347.000000	157.000000	1.000000	1.000000	1.000000	1.000000	1.000000	1.000000	1.000000	1.000000	149.000000	147.000000	1.000000	1.000000	169.000000	1007.000000	283.000000
65.000000	1.000000	314.000000	1086.000000	1247.000000	493.000000	945.000000	475.000000	641.000000	490.000000	193.000000	1.000000	437.000000	816.000000	843.000000	819.000000	339.000000	1.000000	1.000000	561.000000	283.000000
279.000000	1.000000	787.000000	1380.000000	973.000000	1513.000000	2577.000000	2109.000000	1749.000000	863.000000	475.000000	981.000000	2338.000000	1679.000000	1645.000000	2028.000000	881.000000	389.000000	439.000000	187.000000	190.000000
1.000000	1.000000	571.000000	929.000000	1332.000000	1444.000000	893.000000	433.000000	281.000000	1.000000	1.000000	937.000000	1526.000000	653.000000	433.000000	487.000000	209.000000	1.000000	1.000000	203.000000	164.000000
1.000000	1.000000	273.000000	467.000000	219.000000	1.000000	1.000000	1.000000	1.000000	1.000000	1.000000	1318.000000	768.000000	1.000000	1.000000	1.000000	1.000000	1.000000	227.000000	347.000000	1.000000
1.000000	1.000000	1.000000	1.000000	1.000000	1.000000	613.000000	693.000000	131.000000	1.000000	1.000000	759.000000	1.000000	1.000000	1.000000	1.000000	1.000000	1.000000	441.000000	369.000000	279.000000
1.000000	1.000000	1.000000	151.000000	530.000000	965.000000	1038.000000	1880.000000	127.000000	1.000000	1.000000	1.000000	1.000000	323.000000	338.000000	1.000000	257.000000	445.000000	532.000000	479.000000	943.000000
1.000000	1.000000	1.000000	161.000000	351.000000	1003.000000	1512.000000	868.000000	1.000000	1.000000	435.000000	2511.000000	2300.000000	692.000000	1.000000	1083.000000	1483.000000	1146.000000	507.000000	975.000000	999.000000
1.000000	1.000000	1.000000	135.000000	522.000000	612.000000	579.000000	1.000000	405.000000	1.000000	258.000000	2189.000000	785.000000	1.000000	1.000000	565.000000	692.000000	145.000000	377.000000	1322.000000	342.000000
201.000000	1.000000	1.000000	202.000000	515.000000	1.000000	263.000000	1.000000	1.000000	1.000000	1.000000	1.000000	1.000000	1.000000	1.000000	479.000000	1.000000	1.000000	886.000000	514.000000	197.000000
1.000000	1.000000	1.000000	1.000000	215.000000	1.000000	1.000000	1.000000	1.000000	1.000000	1.000000	373.000000	1013.000000	1066.000000	458.000000	1.000000	1.000000	263.000000	1108.000000	495.000000	165.000000
135.000000	1.000000	1.000000	221.000000	1.000000	1.000000	1.000000	618.000000	602.000000	1.000000	326.000000	386.000000	635.000000	376.000000	1.000000	163.000000	197.000000	1195.000000	1237.000000	195.000000	183.000000
501.000000	1.000000	1.000000	1.000000	1.000000	1.000000	304.000000	1.000000	266.000000	167.000000	212.000000	1.000000	359.000000	1.000000	258.000000	177.000000	1106.000000	1511.000000	547.000000	177.000000	304.000000
644.000000	1045.000000	1.000000	1.000000	1.000000	1.000000	1.000000	1.000000	1.000000	1.000000	1.000000	205.000000	1.000000	429.000000	473.000000	753.000000	831.000000	619.000000	217.000000	163.000000	70.000000
1286.000000	397.000000	1017.000000	1.000000	1.000000	1.000000	1.000000	105.000000	1.000000	1.000000	1.000000	1.000000	191.000000	252.000000	825.000000	545.000000	669.000000	337.000000	461.000000	1.000000	138.000000
515.000000	1195.000000	1235.000000	485.000000	509.000000	1.000000	1.000000	301.000000	267.000000	1.000000	157.000000	705.000000	685.000000	863.000000	363.000000	912.000000	536.000000	285.000000	1.000000	965.000000	509.000000
1.000000	1437.000000	511.000000	505.000000	479.000000	1.000000	1.000000	548.000000	734.000000	672.000000	679.000000	1036.000000	873.000000	1008.000000	897.000000	333.000000	1.000000	1.000000	1140.000000	989.000000	1.000000
507.000000	797.000000	288.000000	449.000000	1.000000	1.000000	1.000000	1.000000	1.000000	427.000000	462.000000	648.000000	712.000000	186.000000	1.000000	1.000000	1.000000	147.000000	487.000000	175.000000	486.000000
497.000000	1.000000	394.000000	499.000000	1.000000	1.000000	1.000000	1.000000	1.000000	1.000000	1.000000	1.000000	1.000000	1.000000	1.000000	1.000000	164.000000	133.000000	185.000000	1.000000	411.000000
1.000000	1.000000	1.000000	1.000000	1.000000	1.000000	1.000000	1.000000	1.000000	1.000000	1.000000	1.000000	1.000000	1.000000	1.000000	1.000000	1.000000	1.000000	1.000000	1.000000	1.000000
