21 25 0
783.000000	367.000000	1.000000	1.000000	1.000000	269.000000	1124.000000	1158.000000	638.000000	151.000000	556.000000	287.000000	297.000000	1.000000	1.000000	522.000000	1.000000	168.000000	1.000000	1.000000	1.000000
309.000000	251.000000	1.000000	147.000000	1.000000	167.000000	665.000000	558.000000	165.000000	320.000000	299.000000	139.000000	167.000000	1.000000	158.000000	297.000000	367.000000	447.000000	1.000000	1.000000	201.000000
1.000000	1.000000	206.000000	1.000000	1.000000	532.000000	167.000000	161.000000	1.000000	1.000000	153.000000	165.000000	1.000000	1.000000	305.000000	147.000000	1.000000	289.000000	1.000000	1.000000	1.000000
1.000000	1.000000	1.000000	1.000000	1085.000000	1559.000000	1.000000	1.000000	284.000000	194.000000	1.000000	1.000000	1.000000	1.000000	1.000000	1.000000	1.000000	1.000000	1.000000	1.000000	1.000000
1.000000	421.000000	611.000000	896.000000	1683.000000	1185.000000	1.000000	671.000000	1935.000000	862.000000	242.000000	1.000000	1.000000	223.000000	1.000000	1472.000000	1378.000000	527.000000	1.000000	1.000000	374.000000
1.000000	1396.000000	1607.000000	531.000000	613.000000	317.000000	1.000000	1500.000000	928.000000	297.000000	1.000000	1.000000	444.000000	786.000000	1338.000000	2097.000000	766.000000	1.000000	1.000000	375.000000	1.000000
1.000000	841.000000	189.000000	1.000000	1.000000	1.000000	953.000000	357.000000	1.000000	1.000000	1.000000	483.000000	1983.000000	988.000000	293.000000	311.000000	1.000000	1.000000	1.000000	1.000000	237.000000
244.000000	559.000000	1.000000	1.000000	451.000000	1691.000000	689.000000	1.000000	1.000000	1.000000	1436.000000	1470.000000	1010.000000	1.000000	1.000000	1.000000	934.000000	325.000000	1.000000	229.000000	1.000000
245.000000	804.000000	1.000000	451.000000	1733.000000	821.000000	353.000000	1.000000	227.000000	1943.000000	962.000000	203.000000	1.000000	1.000000	489.000000	1417.000000	885.000000	1.000000	1.000000	649.000000	845.000000
135.000000	377.000000	1.000000	321.000000	612.000000	1.000000	1.000000	1.000000	1671.000000	1909.000000	1.000000	257.000000	133.000000	1.000000	309.000000	691.000000	1.000000	1.000000	1.000000	597.000000	1277.000000
1.000000	309.000000	233.000000	1.000000	1.000000	1.000000	213.000000	1040.000000	1300.000000	369.000000	1.000000	271.000000	1.000000	301.000000	206.000000	1.000000	1.000000	1.000000	195.000000	1.000000	627.000000
1.000000	175.000000	1.000000	1.000000	257.000000	1149.000000	1971.000000	1009.000000	1.000000	1.000000	415.000000	357.000000	252.000000	78.000000	413.000000	1.000000	1.000000	175.000000	772.000000	549.000000	1.000000
1.000000	1.000000	1.000000	1.000000	1064.000000	2888.000000	1484.000000	1.000000	1.000000	1136.000000	1339.000000	1439.000000	806.000000	443.000000	1.000000	1.000000	1.000000	389.000000	689.000000	1.000000	1.000000
1.000000	1.000000	1.000000	535.000000	2188.000000	1328.000000	1.000000	1.000000	448.000000	1898.000000	2175.000000	1141.000000	1168.000000	1.000000	1.000000	1.000000	1.000000	369.000000	1.000000	1.000000	477.000000
1.000000	1.000000	1.000000	213.000000	533.000000	1.000000	1.000000	1.000000	1671.000000	1665.000000	711.000000	1.000000	1.000000	1.000000	1.000000	1.000000	1.000000	1.000000	1.000000	1.000000	1013.000000
257.000000	1.000000	1.000000	1.000000	1.000000	1.000000	1279.000000	1695.000000	2241.000000	1367.000000	1.000000	1.000000	353.000000	604.000000	679.000000	1.000000	1.000000	1.000000	1.000000	1.000000	763.000000
1.000000	1.000000	1.000000	1.000000	1005.000000	1642.000000	1209.000000	506.000000	1.000000	1.000000	1.000000	1.000000	1802.000000	1178.000000	745.000000	275.000000	1.000000	1.000000	233.000000	528.000000	1087.000000
1.000000	1.000000	1.000000	946.000000	2025.000000	1047.000000	1.000000	1.000000	413.000000	1.000000	1.000000	383.000000	425.000000	1.000000	1.000000	1.000000	1.000000	1.000000	520.000000	1318.000000	1510.000000
1.000000	475.000000	242.000000	2065.000000	1047.000000	1.000000	1.000000	1361.000000	1149.000000	1.000000	1.000000	1.000000	1.000000	1.000000	1.000000	176.000000	169.000000	247.000000	1552.000000	1502.000000	481.000000
1.000000	1.000000	867.000000	1296.000000	1.000000	1.000000	483.000000	785.000000	671.000000	603.000000	1.000000	1.000000	1.000000	1.000000	187.000000	879.000000	187.000000	791.000000	1167.000000	473.000000	1.000000
1.000000	228.000000	485.000000	652.000000	1.000000	1.000000	299.000000	1.000000	1.000000	1.000000	1.000000	1.000000	1.000000	447.000000	1169.000000	734.000000	1.000000	1.000000	473.000000	318.000000	545.000000
1.000000	157.000000	1.000000	1.000000	1.000000	1.000000	1.000000	617.000000	659.000000	197.000000	206.000000	103.000000	437.000000	1579.000000	1645.000000	397.000000	1.000000	1.000000	412.000000	949.000000	243.000000
179.000000	1.000000	865.000000	295.000000	1.000000	1.000000	620.000000	865.000000	531.000000	307.000000	499.000000	722.000000	1114.000000	1704.000000	1200.000000	267.000000	1.000000	379.000000	2150.000000	760.000000	419.000000
1.000000	1.000000	1.000000	1.000000	453.000000	1.000000	1.000000	179.000000	1.000000	1.000000	235.000000	179.000000	588.000000	908.000000	215.000000	1.000000	1.000000	1481.000000	1520.000000	669.000000	337.000000
1.000000	1.000000	1.000000	1.000000	1.000000	1.000000	1.000000	1.000000	1.000000	1.000000	1.000000	1.000000	67.000000	155.000000	1.000000	1.000000	1.000000	1064.000000	616.000000	1.000000	1.000000
