21 25 0
339.000000	908.000000	1545.000000	1199.000000	653.000000	273.000000	239.000000	1.000000	1.000000	1.000000	201.000000	1.000000	1.000000	1.000000	1.000000	209.000000	275.000000	1.000000	1.000000	1.000000	1.000000
1083.000000	1600.000000	765.000000	517.000000	366.000000	1.000000	1.000000	197.000000	1.000000	161.000000	195.000000	185.000000	1.000000	1.000000	1.000000	1.000000	313.000000	1.000000	1.000000	1.000000	1.000000
1640.000000	965.000000	425.000000	685.000000	588.000000	1.000000	1.000000	538.000000	162.000000	692.000000	719.000000	303.000000	165.000000	327.000000	1.000000	1.000000	150.000000	166.000000	181.000000	1.000000	1.000000
1205.000000	329.000000	1.000000	538.000000	1.000000	1.000000	1.000000	1.000000	1.000000	1.000000	1.000000	147.000000	584.000000	137.000000	302.000000	912.000000	463.000000	138.000000	1.000000	156.000000	265.000000
863.000000	337.000000	283.000000	355.000000	1.000000	1.000000	391.000000	1.000000	1.000000	1.000000	185.000000	1.000000	1.000000	1.000000	173.000000	140.000000	1.000000	1.000000	1.000000	1.000000	1.000000
203.000000	1.000000	1.000000	351.000000	1.000000	681.000000	1.000000	1.000000	1.000000	817.000000	1500.000000	442.000000	1.000000	1.000000	1.000000	1.000000	1.000000	1.000000	1.000000	149.000000	235.000000
204.000000	1.000000	1.000000	1896.000000	475.000000	360.000000	1.000000	1.000000	1088.000000	2455.000000	546.000000	1.000000	1.000000	147.000000	551.000000	2081.000000	859.000000	1.000000	228.000000	339.000000	1.000000
1427.000000	1.000000	1365.000000	2598.000000	1.000000	149.000000	1.000000	556.000000	2909.000000	297.000000	1.000000	1.000000	1.000000	764.000000	1704.000000	397.000000	1.000000	1.000000	643.000000	757.000000	423.000000
583.000000	1.000000	868.000000	657.000000	1.000000	1.000000	217.000000	2582.000000	1571.000000	1.000000	231.000000	1.000000	311.000000	772.000000	1.000000	1.000000	1.000000	645.000000	952.000000	903.000000	537.000000
205.000000	295.000000	1058.000000	1.000000	1.000000	164.000000	628.000000	1828.000000	1.000000	302.000000	1039.000000	1.000000	449.000000	269.000000	1.000000	273.000000	329.000000	535.000000	1069.000000	877.000000	480.000000
1.000000	301.000000	353.000000	249.000000	600.000000	936.000000	593.000000	1.000000	141.000000	1869.000000	1509.000000	1.000000	269.000000	301.000000	223.000000	286.000000	488.000000	156.000000	1.000000	1.000000	653.000000
1.000000	1.000000	640.000000	766.000000	651.000000	169.000000	1.000000	377.000000	1327.000000	1663.000000	335.000000	1.000000	1.000000	1.000000	1.000000	1.000000	1.000000	129.000000	1.000000	287.000000	728.000000
151.000000	529.000000	307.000000	350.000000	1.000000	1.000000	411.000000	1716.000000	1019.000000	1.000000	1.000000	1.000000	1.000000	1.000000	1.000000	1.000000	1.000000	1.000000	1.000000	255.000000	1.000000
542.000000	447.000000	171.000000	1.000000	1.000000	492.000000	2879.000000	3379.000000	1004.000000	1.000000	1.000000	1.000000	736.000000	751.000000	1.000000	1.000000	1.000000	1.000000	1.000000	791.000000	219.000000
1.000000	1.000000	469.000000	1.000000	299.000000	2279.000000	2781.000000	1351.000000	1.000000	1.000000	1.000000	1319.000000	2760.000000	2246.000000	1.000000	1.000000	1.000000	1.000000	209.000000	427.000000	1.000000
161.000000	1084.000000	315.000000	1.000000	901.000000	1210.000000	1.000000	1.000000	1.000000	1.000000	458.000000	2101.000000	1721.000000	1.000000	1.000000	1.000000	375.000000	423.000000	1.000000	205.000000	1.000000
615.000000	875.000000	279.000000	133.000000	1.000000	1.000000	843.000000	1387.000000	1.000000	1.000000	334.000000	153.000000	1.000000	1.000000	1.000000	419.000000	647.000000	318.000000	333.000000	155.000000	1.000000
846.000000	715.000000	411.000000	1.000000	1.000000	1129.000000	2729.000000	1800.000000	277.000000	1.000000	503.000000	1.000000	1.000000	1.000000	426.000000	920.000000	335.000000	382.000000	78.000000	1.000000	1.000000
368.000000	920.000000	377.000000	1.000000	389.000000	2979.000000	1183.000000	1.000000	1.000000	1.000000	1.000000	883.000000	1.000000	533.000000	1016.000000	341.000000	1.000000	167.000000	1.000000	182.000000	507.000000
849.000000	738.000000	1.000000	1.000000	1523.000000	1425.000000	1.000000	191.000000	202.000000	1.000000	1.000000	475.000000	423.000000	1044.000000	165.000000	1.000000	1.000000	1.000000	167.000000	686.000000	842.000000
1613.000000	983.000000	1.000000	1.000000	1045.000000	201.000000	1.000000	223.000000	1.000000	246.000000	725.000000	1130.000000	583.000000	1.000000	1.000000	1.000000	349.000000	1.000000	945.000000	1788.000000	1713.000000
1415.000000	1360.000000	1.000000	501.000000	1.000000	1.000000	1.000000	1.000000	1.000000	1.000000	535.000000	211.000000	1.000000	1.000000	1.000000	1.000000	719.000000	844.000000	163.000000	747.000000	1111.000000
239.000000	589.000000	1.000000	1.000000	1.000000	1.000000	1.000000	1.000000	1.000000	1.000000	1.000000	1.000000	1.000000	1.000000	1.000000	629.000000	1748.000000	1086.000000	389.000000	811.000000	904.000000
1.000000	154.000000	247.000000	1.000000	291.000000	1.000000	1.000000	299.000000	1.000000	1.000000	137.000000	203.000000	1.000000	1.000000	277.000000	1671.000000	1707.000000	748.000000	335.000000	1044.000000	825.000000
1.000000	162.000000	1.000000	1.000000	1.000000	1.000000	1.000000	1.000000	1.000000	1.000000	135.000000	1.000000	1.000000	296.000000	495.000000	1005.000000	548.000000	1.000000	1.000000	789.000000	421.000000
