21 25 0
1.000000	398.000000	1.000000	1.000000	1.000000	177.000000	195.000000	157.000000	593.000000	658.000000	1005.000000	670.000000	653.000000	903.000000	520.000000	143.000000	160.000000	84.000000	135.000000	250.000000	135.000000
1.000000	1.000000	1.000000	1.000000	1.000000	1.000000	1.000000	1.000000	326.000000	371.000000	665.000000	677.000000	739.000000	790.000000	802.000000	697.000000	319.000000	321.000000	167.000000	603.000000	459.000000
1.000000	1.000000	1.000000	1.000000	1.000000	1.000000	1.000000	1.000000	161.000000	139.000000	165.000000	305.000000	147.000000	448.000000	303.000000	457.000000	543.000000	299.000000	163.000000	744.000000	505.000000
145.000000	501.000000	674.000000	213.000000	1.000000	143.000000	878.000000	1180.000000	165.000000	1.000000	1.000000	158.000000	1.000000	145.000000	149.000000	137.000000	415.000000	161.000000	1.000000	1.000000	683.000000
1.000000	339.000000	385.000000	711.000000	1.000000	172.000000	482.000000	1209.000000	2101.000000	1380.000000	67.000000	161.000000	158.000000	1035.000000	1284.000000	277.000000	1.000000	678.000000	201.000000	1.000000	1.000000
235.000000	383.000000	1213.000000	341.000000	1.000000	1.000000	147.000000	329.000000	948.000000	1187.000000	733.000000	1.000000	366.000000	648.000000	307.000000	1.000000	890.000000	2043.000000	1466.000000	565.000000	1.000000
1.000000	1.000000	1.000000	1.000000	1.000000	1.000000	947.000000	1.000000	327.000000	1101.000000	998.000000	471.000000	1.000000	173.000000	1.000000	309.000000	291.000000	716.000000	1338.000000	1386.000000	593.000000
914.000000	1.000000	1.000000	500.000000	1.000000	1.000000	1.000000	1.000000	79.000000	1.000000	393.000000	1127.000000	1.000000	1.000000	1.000000	1.000000	1.000000	1.000000	473.000000	742.000000	638.000000
1.000000	1.000000	459.000000	604.000000	1.000000	1.000000	1.000000	184.000000	1.000000	473.000000	181.000000	1199.000000	1.000000	1.000000	1.000000	169.000000	596.000000	227.000000	1.000000	475.000000	685.000000
404.000000	1.000000	394.000000	1071.000000	1.000000	1.000000	1.000000	1.000000	421.000000	1015.000000	1.000000	1.000000	788.000000	1.000000	1.000000	1.000000	429.000000	1.000000	1.000000	453.000000	477.000000
1.000000	1.000000	216.000000	195.000000	1.000000	1.000000	1.000000	1.000000	1.000000	1.000000	1.000000	1.000000	483.000000	1189.000000	258.000000	1.000000	1.000000	263.000000	1.000000	625.000000	1.000000
281.000000	837.000000	129.000000	1.000000	1.000000	1.000000	462.000000	1846.000000	1011.000000	212.000000	1.000000	1.000000	257.000000	1812.000000	1321.000000	269.000000	148.000000	205.000000	231.000000	1.000000	1.000000
402.000000	143.000000	289.000000	662.000000	193.000000	1.000000	493.000000	1706.000000	1619.000000	729.000000	1067.000000	323.000000	1.000000	1074.000000	1673.000000	914.000000	431.000000	1.000000	1.000000	1.000000	1.000000
311.000000	599.000000	145.000000	1.000000	1.000000	1.000000	1.000000	493.000000	305.000000	949.000000	1547.000000	696.000000	1.000000	292.000000	1234.000000	1621.000000	750.000000	1.000000	1.000000	1.000000	1.000000
369.000000	698.000000	1.000000	1.000000	1.000000	1.000000	1.000000	279.000000	423.000000	1.000000	1.000000	445.000000	1.000000	1.000000	275.000000	880.000000	1175.000000	263.000000	1.000000	1.000000	1.000000
1142.000000	413.000000	481.000000	1.000000	1.000000	1.000000	1287.000000	1738.000000	1191.000000	631.000000	1.000000	1.000000	821.000000	237.000000	1.000000	263.000000	747.000000	399.000000	139.000000	1.000000	211.000000
1408.000000	876.000000	863.000000	1.000000	1.000000	1.000000	819.000000	719.000000	465.000000	241.000000	1.000000	1234.000000	2340.000000	1819.000000	303.000000	1.000000	255.000000	330.000000	507.000000	808.000000	559.000000
1459.000000	863.000000	693.000000	1.000000	1.000000	1.000000	1.000000	1.000000	1.000000	1.000000	1.000000	382.000000	423.000000	1502.000000	1465.000000	1.000000	1.000000	167.000000	1.000000	1027.000000	442.000000
2065.000000	1011.000000	1.000000	1.000000	1.000000	513.000000	1.000000	1.000000	1.000000	344.000000	319.000000	433.000000	1.000000	304.000000	1233.000000	762.000000	1.000000	1.000000	96.000000	371.000000	541.000000
1195.000000	2101.000000	1.000000	1.000000	1.000000	1.000000	1.000000	139.000000	1.000000	440.000000	1554.000000	1315.000000	335.000000	1.000000	532.000000	813.000000	143.000000	86.000000	1.000000	1.000000	335.000000
1.000000	369.000000	1.000000	479.000000	910.000000	1006.000000	1.000000	1.000000	1.000000	1.000000	445.000000	351.000000	1.000000	278.000000	1.000000	1.000000	484.000000	1.000000	1.000000	1.000000	175.000000
1.000000	295.000000	1.000000	1.000000	1558.000000	1618.000000	735.000000	693.000000	976.000000	423.000000	639.000000	398.000000	1.000000	1.000000	279.000000	317.000000	322.000000	141.000000	1.000000	575.000000	203.000000
1.000000	1656.000000	637.000000	1.000000	1.000000	994.000000	577.000000	1333.000000	1233.000000	1008.000000	1341.000000	1508.000000	220.000000	243.000000	503.000000	665.000000	189.000000	1.000000	1.000000	547.000000	1061.000000
711.000000	1956.000000	946.000000	329.000000	1.000000	1.000000	1.000000	199.000000	302.000000	186.000000	416.000000	966.000000	539.000000	1.000000	1.000000	575.000000	789.000000	436.000000	1.000000	561.000000	256.000000
1.000000	933.000000	264.000000	181.000000	1.000000	1.000000	1.000000	1.000000	1.000000	1.000000	1.000000	1.000000	1.000000	1.000000	1.000000	1.000000	543.000000	1.000000	1.000000	181.000000	1.000000
