21 25 0
1.000000	1.000000	551.000000	179.000000	1.000000	159.000000	1.000000	209.000000	1.000000	1.000000	1.000000	1.000000	1.000000	1.000000	283.000000	363.000000	835.000000	900.000000	243.000000	170.000000	375.000000
1.000000	1.000000	1.000000	1.000000	165.000000	295.000000	510.000000	528.000000	408.000000	1.000000	194.000000	178.000000	1.000000	1.000000	1.000000	145.000000	311.000000	1046.000000	606.000000	307.000000	728.000000
1.000000	1.000000	1.000000	1.000000	1.000000	237.000000	320.000000	892.000000	1373.000000	619.000000	558.000000	178.000000	333.000000	175.000000	1.000000	153.000000	147.000000	523.000000	1192.000000	285.000000	565.000000
1.000000	135.000000	1.000000	1.000000	1.000000	1.000000	161.000000	363.000000	633.000000	639.000000	625.000000	321.000000	1.000000	1.000000	1.000000	254.000000	305.000000	329.000000	937.000000	945.000000	285.000000
1.000000	381.000000	1.000000	1.000000	408.000000	1.000000	1.000000	1.000000	245.000000	301.000000	153.000000	167.000000	143.000000	177.000000	1.000000	1.000000	1.000000	1.000000	309.000000	1548.000000	415.000000
1.000000	384.000000	383.000000	1.000000	1.000000	1.000000	1.000000	1140.000000	1.000000	1.000000	1.000000	599.000000	923.000000	1.000000	1.000000	1.000000	1.000000	1.000000	1.000000	719.000000	1101.000000
329.000000	1346.000000	1.000000	1.000000	1006.000000	665.000000	301.000000	92.000000	1.000000	141.000000	1.000000	816.000000	1388.000000	574.000000	1.000000	587.000000	1205.000000	513.000000	1.000000	415.000000	644.000000
1.000000	451.000000	929.000000	1.000000	964.000000	1742.000000	882.000000	1.000000	417.000000	1.000000	1.000000	1.000000	567.000000	1.000000	1.000000	309.000000	633.000000	221.000000	776.000000	1.000000	1.000000
1.000000	1.000000	453.000000	1.000000	219.000000	219.000000	1.000000	219.000000	196.000000	1.000000	1.000000	1.000000	1.000000	1.000000	1.000000	1.000000	1.000000	395.000000	668.000000	460.000000	875.000000
1.000000	469.000000	1.000000	1.000000	1.000000	159.000000	1.000000	1.000000	1.000000	1.000000	1.000000	213.000000	1.000000	387.000000	719.000000	258.000000	1.000000	1.000000	443.000000	719.000000	1029.000000
1.000000	1.000000	389.000000	1.000000	1.000000	1.000000	1.000000	1.000000	1.000000	495.000000	1.000000	717.000000	723.000000	1.000000	1216.000000	840.000000	1.000000	1.000000	1.000000	524.000000	209.000000
1.000000	1.000000	221.000000	1.000000	525.000000	1.000000	1.000000	1.000000	891.000000	891.000000	1.000000	1183.000000	781.000000	1.000000	204.000000	794.000000	696.000000	1.000000	241.000000	1.000000	1.000000
161.000000	1.000000	1.000000	1.000000	317.000000	349.000000	1.000000	1.000000	1.000000	1.000000	1.000000	275.000000	1204.000000	361.000000	1.000000	208.000000	700.000000	413.000000	1.000000	1.000000	1.000000
74.000000	1.000000	1.000000	1.000000	1.000000	1.000000	1005.000000	815.000000	1066.000000	665.000000	1.000000	1.000000	1.000000	343.000000	555.000000	1.000000	209.000000	291.000000	257.000000	1.000000	803.000000
1.000000	214.000000	1.000000	750.000000	1.000000	477.000000	505.000000	361.000000	1804.000000	1887.000000	970.000000	1.000000	1.000000	1768.000000	1937.000000	421.000000	1.000000	318.000000	1.000000	207.000000	620.000000
1.000000	1.000000	408.000000	155.000000	197.000000	1.000000	1.000000	1.000000	1.000000	709.000000	567.000000	481.000000	401.000000	1321.000000	1946.000000	783.000000	1.000000	159.000000	71.000000	1.000000	838.000000
1.000000	1.000000	67.000000	135.000000	159.000000	1.000000	513.000000	1.000000	509.000000	484.000000	471.000000	493.000000	1.000000	273.000000	1139.000000	1302.000000	215.000000	1.000000	1.000000	1.000000	1009.000000
1.000000	1.000000	1.000000	1.000000	1.000000	1.000000	505.000000	838.000000	923.000000	511.000000	1069.000000	3299.000000	971.000000	237.000000	280.000000	788.000000	470.000000	463.000000	135.000000	1.000000	395.000000
391.000000	383.000000	1.000000	1.000000	1.000000	497.000000	1.000000	506.000000	164.000000	142.000000	341.000000	1657.000000	2382.000000	1598.000000	140.000000	280.000000	1.000000	573.000000	143.000000	225.000000	151.000000
1.000000	1.000000	184.000000	1.000000	1.000000	1.000000	172.000000	1.000000	149.000000	767.000000	403.000000	265.000000	347.000000	1065.000000	867.000000	1.000000	1.000000	1.000000	1019.000000	203.000000	995.000000
609.000000	411.000000	629.000000	602.000000	1.000000	1.000000	219.000000	346.000000	1363.000000	1282.000000	1111.000000	192.000000	1.000000	921.000000	679.000000	1.000000	1.000000	1.000000	625.000000	651.000000	1209.000000
607.000000	531.000000	2099.000000	1672.000000	433.000000	1.000000	1.000000	259.000000	320.000000	1.000000	1.000000	171.000000	1.000000	1.000000	1.000000	1.000000	1.000000	177.000000	1.000000	1.000000	297.000000
1.000000	1.000000	1576.000000	2418.000000	1507.000000	734.000000	1.000000	1.000000	1.000000	1.000000	1.000000	1.000000	1.000000	1.000000	210.000000	1.000000	1.000000	615.000000	1.000000	457.000000	417.000000
1.000000	1.000000	1.000000	1350.000000	1875.000000	1603.000000	734.000000	351.000000	498.000000	1.000000	1.000000	1.000000	1.000000	173.000000	207.000000	1.000000	1.000000	775.000000	708.000000	387.000000	333.000000
162.000000	1.000000	1.000000	1.000000	377.000000	1434.000000	630.000000	441.000000	553.000000	1.000000	1.000000	1.000000	1.000000	1.000000	177.000000	1.000000	1.000000	313.000000	723.000000	197.000000	1.000000
