21 25 0
179.000000	498.000000	694.000000	1080.000000	333.000000	503.000000	241.000000	1.000000	1.000000	169.000000	624.000000	191.000000	173.000000	283.000000	1.000000	1.000000	1.000000	1.000000	1.000000	661.000000	1.000000
832.000000	927.000000	634.000000	840.000000	217.000000	239.000000	1.000000	1.000000	1.000000	165.000000	333.000000	1.000000	1.000000	289.000000	1.000000	1.000000	143.000000	135.000000	199.000000	885.000000	1.000000
1573.000000	681.000000	592.000000	682.000000	1.000000	1.000000	1.000000	1.000000	1.000000	1.000000	175.000000	1.000000	311.000000	1.000000	1.000000	327.000000	557.000000	445.000000	197.000000	243.000000	780.000000
1924.000000	405.000000	659.000000	653.000000	1.000000	1.000000	659.000000	399.000000	1.000000	1.000000	260.000000	207.000000	1.000000	1.000000	1.000000	155.000000	153.000000	746.000000	235.000000	213.000000	780.000000
1821.000000	405.000000	387.000000	385.000000	1.000000	1.000000	686.000000	1.000000	1.000000	1.000000	382.000000	446.000000	1.000000	1.000000	1.000000	1.000000	1.000000	1025.000000	502.000000	202.000000	1.000000
1039.000000	1.000000	617.000000	838.000000	365.000000	203.000000	245.000000	1.000000	325.000000	1563.000000	2315.000000	240.000000	1.000000	1.000000	1.000000	1.000000	1.000000	1053.000000	1267.000000	920.000000	1.000000
1201.000000	1.000000	488.000000	2365.000000	365.000000	1.000000	1.000000	1.000000	1725.000000	1046.000000	1391.000000	627.000000	1.000000	1.000000	129.000000	1.000000	1.000000	543.000000	1184.000000	1093.000000	1.000000
1621.000000	1.000000	1126.000000	2592.000000	1.000000	1.000000	1.000000	1284.000000	2281.000000	1.000000	424.000000	301.000000	1.000000	314.000000	310.000000	1.000000	1.000000	1.000000	524.000000	1011.000000	585.000000
1325.000000	1.000000	1395.000000	1954.000000	1.000000	1.000000	1.000000	1653.000000	1109.000000	1.000000	180.000000	1.000000	231.000000	937.000000	1.000000	1.000000	1.000000	624.000000	851.000000	1197.000000	766.000000
881.000000	361.000000	1180.000000	1418.000000	1.000000	1.000000	1.000000	1343.000000	187.000000	620.000000	918.000000	1.000000	867.000000	1461.000000	149.000000	1.000000	443.000000	1138.000000	249.000000	1547.000000	736.000000
708.000000	242.000000	425.000000	630.000000	1.000000	1.000000	1.000000	565.000000	1.000000	1000.000000	1271.000000	1.000000	860.000000	1455.000000	678.000000	1.000000	445.000000	1101.000000	251.000000	549.000000	622.000000
223.000000	445.000000	535.000000	544.000000	1.000000	1.000000	1.000000	783.000000	1127.000000	736.000000	1.000000	1.000000	194.000000	1155.000000	613.000000	1.000000	263.000000	553.000000	181.000000	565.000000	1118.000000
145.000000	230.000000	740.000000	705.000000	1.000000	1.000000	914.000000	1631.000000	1947.000000	353.000000	443.000000	1.000000	1.000000	647.000000	467.000000	674.000000	156.000000	148.000000	1.000000	473.000000	131.000000
301.000000	381.000000	867.000000	174.000000	1.000000	1.000000	1442.000000	1850.000000	505.000000	1.000000	444.000000	507.000000	477.000000	168.000000	146.000000	1320.000000	701.000000	1.000000	151.000000	962.000000	1.000000
355.000000	809.000000	731.000000	175.000000	1.000000	465.000000	2848.000000	772.000000	1.000000	1.000000	445.000000	1882.000000	1521.000000	1.000000	1.000000	1043.000000	1224.000000	181.000000	324.000000	1036.000000	1.000000
1117.000000	1594.000000	760.000000	175.000000	1.000000	358.000000	1144.000000	1.000000	1.000000	1.000000	502.000000	2587.000000	2240.000000	1.000000	1.000000	669.000000	1617.000000	453.000000	1.000000	181.000000	1.000000
2020.000000	1523.000000	725.000000	172.000000	1.000000	1.000000	760.000000	1.000000	1.000000	1.000000	1.000000	501.000000	367.000000	1.000000	1.000000	330.000000	1190.000000	561.000000	202.000000	865.000000	1.000000
2111.000000	1341.000000	756.000000	137.000000	1.000000	1342.000000	1278.000000	499.000000	1.000000	1.000000	1.000000	1.000000	1.000000	235.000000	697.000000	179.000000	460.000000	524.000000	449.000000	685.000000	1.000000
1969.000000	1540.000000	451.000000	1.000000	109.000000	2616.000000	1299.000000	499.000000	1.000000	450.000000	1.000000	1.000000	1.000000	621.000000	893.000000	665.000000	251.000000	461.000000	96.000000	717.000000	1.000000
1767.000000	2196.000000	1.000000	1.000000	1546.000000	1703.000000	1.000000	1.000000	1.000000	451.000000	1.000000	381.000000	348.000000	292.000000	185.000000	191.000000	664.000000	469.000000	190.000000	731.000000	1.000000
1423.000000	2109.000000	1.000000	1.000000	2025.000000	1121.000000	1.000000	1.000000	160.000000	1.000000	349.000000	922.000000	333.000000	1.000000	1.000000	1.000000	933.000000	169.000000	216.000000	1337.000000	1.000000
627.000000	1924.000000	487.000000	1.000000	1518.000000	777.000000	1.000000	193.000000	1.000000	1.000000	851.000000	455.000000	1.000000	1.000000	1.000000	319.000000	1230.000000	1120.000000	1.000000	1615.000000	807.000000
1005.000000	2377.000000	450.000000	247.000000	1.000000	509.000000	321.000000	281.000000	221.000000	232.000000	1054.000000	784.000000	205.000000	1.000000	1.000000	1220.000000	1932.000000	1151.000000	337.000000	1591.000000	1485.000000
491.000000	1838.000000	585.000000	299.000000	1.000000	281.000000	321.000000	224.000000	221.000000	239.000000	995.000000	756.000000	220.000000	1.000000	1.000000	1880.000000	2057.000000	764.000000	309.000000	1492.000000	1656.000000
129.000000	1090.000000	179.000000	1.000000	1.000000	1.000000	1.000000	1.000000	1.000000	131.000000	320.000000	1.000000	215.000000	1.000000	151.000000	891.000000	1253.000000	1.000000	1.000000	751.000000	825.000000
