21 25 0
141.000000	235.000000	135.000000	1.000000	139.000000	725.000000	1001.000000	1164.000000	1223.000000	1232.000000	1037.000000	1140.000000	963.000000	952.000000	756.000000	303.000000	167.000000	167.000000	211.000000	141.000000	141.000000
1.000000	1.000000	1.000000	1.000000	1.000000	1.000000	652.000000	543.000000	867.000000	851.000000	997.000000	1013.000000	991.000000	1083.000000	954.000000	1103.000000	670.000000	504.000000	167.000000	1.000000	1.000000
1.000000	1.000000	72.000000	1.000000	1.000000	219.000000	219.000000	209.000000	229.000000	229.000000	209.000000	311.000000	329.000000	393.000000	644.000000	652.000000	438.000000	139.000000	144.000000	1.000000	1.000000
1.000000	732.000000	348.000000	314.000000	1243.000000	1632.000000	1399.000000	1142.000000	773.000000	435.000000	404.000000	190.000000	301.000000	153.000000	179.000000	177.000000	151.000000	1.000000	1.000000	1.000000	1.000000
1.000000	534.000000	1343.000000	1291.000000	1176.000000	1118.000000	744.000000	2090.000000	2489.000000	2301.000000	976.000000	167.000000	523.000000	1143.000000	1457.000000	1780.000000	1553.000000	1125.000000	239.000000	1.000000	1.000000
753.000000	1856.000000	2120.000000	1671.000000	375.000000	375.000000	285.000000	884.000000	1052.000000	728.000000	169.000000	143.000000	294.000000	1038.000000	2392.000000	2810.000000	2101.000000	1590.000000	1203.000000	1.000000	1.000000
257.000000	459.000000	307.000000	1.000000	1.000000	1.000000	1391.000000	469.000000	197.000000	197.000000	1.000000	605.000000	1.000000	301.000000	309.000000	355.000000	387.000000	692.000000	687.000000	919.000000	681.000000
1.000000	1.000000	1.000000	1.000000	1.000000	1.000000	339.000000	1.000000	1.000000	161.000000	1031.000000	2305.000000	1086.000000	1.000000	185.000000	494.000000	169.000000	1.000000	217.000000	233.000000	626.000000
1.000000	203.000000	889.000000	401.000000	672.000000	298.000000	219.000000	1.000000	226.000000	473.000000	917.000000	1161.000000	303.000000	1.000000	495.000000	1078.000000	1441.000000	1.000000	1.000000	1.000000	364.000000
183.000000	273.000000	713.000000	1045.000000	761.000000	133.000000	1.000000	1.000000	1260.000000	1019.000000	1.000000	1.000000	1.000000	1.000000	1.000000	201.000000	181.000000	1.000000	1.000000	1.000000	183.000000
167.000000	141.000000	233.000000	233.000000	151.000000	1.000000	178.000000	1.000000	1.000000	1.000000	1.000000	1.000000	1.000000	1.000000	380.000000	1.000000	201.000000	201.000000	1.000000	481.000000	1.000000
1021.000000	172.000000	1.000000	1.000000	251.000000	872.000000	1829.000000	1103.000000	161.000000	1.000000	1.000000	1.000000	300.000000	705.000000	1044.000000	281.000000	199.000000	535.000000	627.000000	320.000000	1.000000
173.000000	1.000000	1.000000	516.000000	1245.000000	1617.000000	1177.000000	921.000000	727.000000	2272.000000	2366.000000	1921.000000	1669.000000	1634.000000	1489.000000	828.000000	410.000000	1.000000	1.000000	1.000000	1.000000
1.000000	1.000000	1.000000	621.000000	1362.000000	463.000000	1.000000	1.000000	451.000000	1934.000000	2693.000000	2570.000000	1466.000000	455.000000	1315.000000	1076.000000	737.000000	185.000000	1.000000	1.000000	444.000000
1.000000	1.000000	1.000000	1.000000	249.000000	1.000000	1.000000	303.000000	517.000000	336.000000	148.000000	162.000000	1.000000	1.000000	266.000000	337.000000	532.000000	263.000000	1.000000	1.000000	235.000000
693.000000	1.000000	1.000000	1.000000	1.000000	1169.000000	2111.000000	2997.000000	2717.000000	1245.000000	1005.000000	1011.000000	1007.000000	864.000000	248.000000	1.000000	236.000000	1.000000	1.000000	1.000000	1.000000
511.000000	415.000000	415.000000	1.000000	487.000000	1561.000000	1304.000000	1298.000000	1194.000000	555.000000	1351.000000	2413.000000	2459.000000	2693.000000	1169.000000	1.000000	151.000000	208.000000	275.000000	805.000000	1131.000000
1.000000	238.000000	333.000000	549.000000	881.000000	1.000000	1.000000	1.000000	1.000000	1.000000	252.000000	434.000000	424.000000	1037.000000	975.000000	1.000000	1.000000	1.000000	793.000000	2025.000000	1855.000000
965.000000	875.000000	1.000000	349.000000	311.000000	1.000000	465.000000	1821.000000	2136.000000	1648.000000	607.000000	675.000000	1.000000	1.000000	1.000000	331.000000	489.000000	224.000000	1437.000000	1823.000000	1555.000000
1511.000000	1511.000000	455.000000	240.000000	1.000000	1.000000	503.000000	675.000000	1004.000000	1134.000000	1572.000000	1622.000000	469.000000	1.000000	1.000000	801.000000	734.000000	135.000000	803.000000	615.000000	817.000000
370.000000	275.000000	185.000000	231.000000	525.000000	523.000000	1.000000	1.000000	193.000000	1.000000	352.000000	344.000000	1.000000	293.000000	503.000000	232.000000	1.000000	1.000000	1.000000	141.000000	350.000000
1.000000	1.000000	1.000000	1.000000	859.000000	1610.000000	1431.000000	1757.000000	1493.000000	952.000000	664.000000	647.000000	596.000000	1541.000000	1289.000000	280.000000	1.000000	1.000000	633.000000	757.000000	1068.000000
778.000000	332.000000	1.000000	1.000000	1.000000	964.000000	1077.000000	1546.000000	1779.000000	1721.000000	1870.000000	1833.000000	1471.000000	1274.000000	1547.000000	557.000000	177.000000	1.000000	1131.000000	1461.000000	991.000000
713.000000	1129.000000	864.000000	614.000000	1.000000	1.000000	1.000000	376.000000	363.000000	349.000000	373.000000	927.000000	991.000000	534.000000	309.000000	1.000000	1.000000	1.000000	1.000000	1.000000	1.000000
1.000000	1.000000	243.000000	1.000000	1.000000	1.000000	1.000000	1.000000	1.000000	1.000000	1.000000	1.000000	1.000000	1.000000	1.000000	1.000000	1.000000	1.000000	1.000000	1.000000	1.000000
