21 25 0
254.000000	273.000000	1.000000	349.000000	1.000000	159.000000	504.000000	546.000000	193.000000	1.000000	1.000000	1.000000	1.000000	1.000000	383.000000	507.000000	616.000000	993.000000	201.000000	150.000000	84.000000
1.000000	297.000000	1.000000	571.000000	139.000000	932.000000	475.000000	564.000000	211.000000	235.000000	1.000000	147.000000	1.000000	1.000000	161.000000	277.000000	487.000000	1006.000000	915.000000	337.000000	183.000000
1.000000	273.000000	149.000000	350.000000	163.000000	1019.000000	157.000000	1.000000	195.000000	235.000000	1.000000	216.000000	1.000000	1.000000	294.000000	1.000000	1.000000	289.000000	966.000000	780.000000	338.000000
1.000000	417.000000	137.000000	1.000000	1048.000000	1503.000000	1.000000	1.000000	211.000000	1.000000	1.000000	72.000000	1.000000	1.000000	1.000000	1.000000	1.000000	1.000000	952.000000	917.000000	381.000000
1.000000	1346.000000	1.000000	1.000000	1814.000000	828.000000	1.000000	269.000000	1.000000	1.000000	1.000000	1.000000	438.000000	1.000000	1.000000	684.000000	1.000000	1.000000	554.000000	1161.000000	314.000000
1.000000	2185.000000	1.000000	1.000000	2126.000000	604.000000	1.000000	881.000000	1.000000	1.000000	1.000000	773.000000	1729.000000	591.000000	1.000000	642.000000	1.000000	1.000000	1.000000	1221.000000	843.000000
1.000000	2512.000000	375.000000	1.000000	1811.000000	684.000000	1.000000	328.000000	1.000000	1.000000	1.000000	1000.000000	2874.000000	337.000000	1.000000	1.000000	177.000000	1.000000	1.000000	327.000000	213.000000
1.000000	2055.000000	1.000000	1.000000	1996.000000	1470.000000	819.000000	179.000000	1.000000	343.000000	1.000000	736.000000	2172.000000	1.000000	1.000000	1.000000	284.000000	405.000000	167.000000	1.000000	643.000000
245.000000	2082.000000	1.000000	1.000000	1796.000000	815.000000	549.000000	1.000000	508.000000	1557.000000	1.000000	917.000000	964.000000	1.000000	1.000000	1.000000	328.000000	593.000000	987.000000	805.000000	1397.000000
246.000000	1341.000000	1.000000	361.000000	1117.000000	1.000000	1.000000	1.000000	853.000000	1576.000000	1.000000	1511.000000	771.000000	1.000000	1163.000000	337.000000	1.000000	597.000000	1346.000000	870.000000	1275.000000
1.000000	585.000000	1.000000	139.000000	1.000000	436.000000	1.000000	1.000000	353.000000	497.000000	352.000000	1955.000000	774.000000	1.000000	1114.000000	373.000000	163.000000	161.000000	780.000000	1053.000000	769.000000
1.000000	371.000000	1.000000	449.000000	505.000000	1128.000000	707.000000	1.000000	1.000000	1.000000	544.000000	1335.000000	933.000000	159.000000	206.000000	347.000000	1.000000	161.000000	814.000000	1133.000000	1.000000
1.000000	1.000000	1.000000	159.000000	940.000000	2699.000000	297.000000	1.000000	1.000000	769.000000	589.000000	901.000000	1177.000000	764.000000	1.000000	347.000000	1.000000	373.000000	429.000000	1.000000	1.000000
1.000000	1.000000	145.000000	492.000000	1822.000000	1643.000000	1.000000	1.000000	448.000000	1946.000000	1130.000000	1.000000	439.000000	403.000000	281.000000	1.000000	143.000000	753.000000	475.000000	1.000000	956.000000
1.000000	216.000000	339.000000	1080.000000	1366.000000	1.000000	1.000000	1.000000	1331.000000	2592.000000	899.000000	1.000000	1.000000	455.000000	1264.000000	1.000000	1.000000	599.000000	163.000000	1.000000	1694.000000
1.000000	1.000000	602.000000	987.000000	477.000000	1.000000	1.000000	349.000000	809.000000	1881.000000	781.000000	1.000000	1.000000	919.000000	2246.000000	671.000000	1.000000	321.000000	1.000000	1.000000	1346.000000
1.000000	1.000000	657.000000	462.000000	883.000000	254.000000	1.000000	157.000000	355.000000	477.000000	315.000000	497.000000	1.000000	242.000000	1141.000000	927.000000	1.000000	347.000000	155.000000	201.000000	1452.000000
1.000000	1.000000	1337.000000	831.000000	1111.000000	1.000000	1.000000	1.000000	441.000000	477.000000	1.000000	497.000000	1.000000	334.000000	282.000000	375.000000	211.000000	365.000000	561.000000	590.000000	1003.000000
1.000000	1.000000	1813.000000	1660.000000	611.000000	1.000000	1.000000	1.000000	769.000000	479.000000	1.000000	920.000000	469.000000	770.000000	1.000000	710.000000	393.000000	521.000000	1429.000000	351.000000	485.000000
1.000000	1.000000	2120.000000	1205.000000	1.000000	1.000000	285.000000	215.000000	923.000000	549.000000	1.000000	1.000000	252.000000	1153.000000	409.000000	483.000000	1.000000	797.000000	1534.000000	369.000000	431.000000
1.000000	1.000000	1701.000000	1282.000000	1.000000	1.000000	706.000000	288.000000	926.000000	497.000000	1.000000	1.000000	245.000000	1123.000000	1194.000000	163.000000	193.000000	1.000000	1277.000000	775.000000	431.000000
1.000000	1.000000	2034.000000	1503.000000	431.000000	1.000000	415.000000	288.000000	229.000000	219.000000	1.000000	1.000000	380.000000	1553.000000	1311.000000	1.000000	1.000000	221.000000	1459.000000	986.000000	1.000000
1.000000	277.000000	1723.000000	2191.000000	577.000000	617.000000	1.000000	221.000000	1.000000	1.000000	1.000000	1.000000	950.000000	1901.000000	792.000000	1.000000	1.000000	1293.000000	2329.000000	1170.000000	423.000000
179.000000	301.000000	565.000000	1160.000000	918.000000	993.000000	163.000000	565.000000	198.000000	1.000000	1.000000	1.000000	668.000000	981.000000	609.000000	1.000000	1.000000	1771.000000	2330.000000	805.000000	423.000000
179.000000	1.000000	1.000000	1.000000	215.000000	378.000000	163.000000	141.000000	1.000000	1.000000	1.000000	1.000000	194.000000	205.000000	179.000000	1.000000	1.000000	831.000000	1055.000000	197.000000	1.000000
