21 25 0
371.000000	625.000000	1250.000000	641.000000	237.000000	269.000000	237.000000	209.000000	1.000000	1.000000	1.000000	1.000000	1.000000	294.000000	435.000000	615.000000	1017.000000	702.000000	1.000000	68.000000	509.000000
386.000000	788.000000	728.000000	571.000000	328.000000	495.000000	511.000000	553.000000	577.000000	379.000000	194.000000	190.000000	153.000000	1.000000	1.000000	213.000000	311.000000	527.000000	367.000000	1.000000	283.000000
571.000000	275.000000	235.000000	529.000000	685.000000	825.000000	902.000000	1968.000000	1894.000000	1211.000000	1150.000000	1059.000000	707.000000	475.000000	319.000000	293.000000	166.000000	166.000000	670.000000	299.000000	1.000000
201.000000	1.000000	663.000000	551.000000	197.000000	197.000000	165.000000	866.000000	963.000000	935.000000	742.000000	844.000000	880.000000	857.000000	1403.000000	1772.000000	1089.000000	779.000000	678.000000	669.000000	191.000000
1.000000	273.000000	135.000000	305.000000	1.000000	1.000000	1.000000	227.000000	325.000000	245.000000	221.000000	167.000000	203.000000	349.000000	673.000000	612.000000	271.000000	187.000000	133.000000	299.000000	1.000000
1.000000	153.000000	1.000000	1.000000	337.000000	726.000000	827.000000	732.000000	269.000000	269.000000	636.000000	1039.000000	811.000000	1.000000	1.000000	1.000000	1.000000	1.000000	1.000000	213.000000	563.000000
329.000000	497.000000	1368.000000	1222.000000	1221.000000	505.000000	157.000000	225.000000	1086.000000	1886.000000	422.000000	288.000000	1.000000	520.000000	1442.000000	2159.000000	2069.000000	928.000000	1.000000	415.000000	419.000000
789.000000	267.000000	1009.000000	1250.000000	1237.000000	753.000000	383.000000	874.000000	1484.000000	479.000000	1.000000	1.000000	1.000000	182.000000	1407.000000	1579.000000	813.000000	1.000000	472.000000	1.000000	1.000000
305.000000	261.000000	253.000000	153.000000	1.000000	1.000000	2080.000000	1894.000000	839.000000	1.000000	1.000000	167.000000	141.000000	1.000000	1.000000	1.000000	1.000000	1.000000	1108.000000	419.000000	1.000000
143.000000	276.000000	1.000000	1.000000	1.000000	635.000000	1099.000000	695.000000	1.000000	1.000000	1.000000	272.000000	1.000000	203.000000	203.000000	1031.000000	1304.000000	228.000000	413.000000	694.000000	491.000000
241.000000	241.000000	581.000000	328.000000	764.000000	630.000000	672.000000	1.000000	457.000000	798.000000	1337.000000	435.000000	1.000000	145.000000	945.000000	819.000000	1150.000000	142.000000	1.000000	395.000000	547.000000
1.000000	1.000000	635.000000	933.000000	753.000000	167.000000	1.000000	1.000000	1281.000000	1719.000000	1383.000000	797.000000	1.000000	1.000000	1.000000	267.000000	549.000000	333.000000	145.000000	1.000000	578.000000
1.000000	1.000000	150.000000	231.000000	1.000000	1.000000	1.000000	191.000000	1.000000	1.000000	1.000000	1.000000	1.000000	1.000000	1.000000	210.000000	393.000000	341.000000	1.000000	1.000000	1.000000
790.000000	1.000000	1.000000	1.000000	1.000000	1135.000000	2188.000000	2557.000000	1402.000000	485.000000	1.000000	1.000000	540.000000	871.000000	749.000000	280.000000	1.000000	1.000000	1.000000	211.000000	1.000000
335.000000	147.000000	153.000000	301.000000	676.000000	2246.000000	2653.000000	2325.000000	1373.000000	1255.000000	1854.000000	2361.000000	3093.000000	2847.000000	2066.000000	580.000000	1.000000	1.000000	209.000000	207.000000	1.000000
1.000000	1.000000	141.000000	139.000000	1019.000000	565.000000	1.000000	1.000000	1.000000	1.000000	1333.000000	1806.000000	1542.000000	1308.000000	1075.000000	655.000000	1.000000	1.000000	80.000000	147.000000	370.000000
1.000000	1.000000	1.000000	1.000000	1.000000	1.000000	1.000000	443.000000	815.000000	815.000000	214.000000	495.000000	1.000000	1.000000	219.000000	439.000000	617.000000	1.000000	155.000000	153.000000	1.000000
1.000000	431.000000	1.000000	1.000000	1.000000	503.000000	1845.000000	2469.000000	2081.000000	1801.000000	2158.000000	2420.000000	1095.000000	1.000000	1.000000	574.000000	519.000000	341.000000	187.000000	1.000000	401.000000
392.000000	748.000000	1.000000	1.000000	1.000000	1084.000000	1151.000000	474.000000	343.000000	343.000000	348.000000	1413.000000	1869.000000	811.000000	587.000000	281.000000	183.000000	1.000000	1.000000	317.000000	794.000000
213.000000	313.000000	1.000000	1.000000	1.000000	1.000000	143.000000	434.000000	551.000000	1097.000000	787.000000	510.000000	351.000000	485.000000	241.000000	1.000000	1.000000	1.000000	652.000000	1246.000000	1988.000000
1494.000000	1489.000000	910.000000	441.000000	1.000000	1.000000	384.000000	1150.000000	1283.000000	1649.000000	2061.000000	1621.000000	663.000000	387.000000	1.000000	1.000000	1.000000	754.000000	1386.000000	1834.000000	2179.000000
1505.000000	1503.000000	2267.000000	1058.000000	321.000000	1.000000	68.000000	383.000000	260.000000	444.000000	577.000000	629.000000	159.000000	1.000000	1.000000	1.000000	1.000000	477.000000	803.000000	733.000000	959.000000
1.000000	187.000000	789.000000	1829.000000	1397.000000	675.000000	1.000000	1.000000	1.000000	1.000000	1.000000	1.000000	1.000000	1.000000	243.000000	473.000000	451.000000	620.000000	343.000000	335.000000	224.000000
1.000000	1.000000	1.000000	1059.000000	1599.000000	1002.000000	704.000000	223.000000	707.000000	1.000000	392.000000	153.000000	1.000000	207.000000	1067.000000	528.000000	165.000000	1.000000	143.000000	1.000000	229.000000
1.000000	1.000000	1.000000	1.000000	1.000000	477.000000	564.000000	433.000000	467.000000	1.000000	393.000000	1.000000	1.000000	631.000000	877.000000	265.000000	1.000000	1.000000	167.000000	1.000000	1.000000
