21 25 0
455.000000	866.000000	551.000000	131.000000	1.000000	373.000000	163.000000	1.000000	450.000000	331.000000	1.000000	1.000000	317.000000	1820.000000	2137.000000	941.000000	179.000000	1.000000	937.000000	2184.000000	1.000000
295.000000	798.000000	229.000000	1.000000	1.000000	459.000000	702.000000	286.000000	1.000000	1.000000	79.000000	1.000000	317.000000	179.000000	1136.000000	887.000000	835.000000	1.000000	1055.000000	2481.000000	612.000000
1.000000	445.000000	1.000000	1.000000	459.000000	775.000000	347.000000	316.000000	163.000000	1.000000	225.000000	313.000000	1.000000	181.000000	661.000000	311.000000	1124.000000	375.000000	640.000000	2284.000000	710.000000
472.000000	659.000000	155.000000	1.000000	1129.000000	633.000000	1.000000	485.000000	702.000000	162.000000	149.000000	645.000000	349.000000	183.000000	499.000000	1.000000	707.000000	561.000000	265.000000	1571.000000	445.000000
483.000000	979.000000	209.000000	1.000000	721.000000	203.000000	1.000000	157.000000	677.000000	163.000000	149.000000	368.000000	339.000000	1.000000	279.000000	301.000000	707.000000	1003.000000	265.000000	1544.000000	895.000000
143.000000	1087.000000	447.000000	387.000000	683.000000	1.000000	1.000000	1.000000	765.000000	205.000000	1.000000	784.000000	223.000000	1.000000	1.000000	1.000000	211.000000	609.000000	267.000000	1299.000000	1154.000000
1.000000	276.000000	515.000000	835.000000	1670.000000	1.000000	1.000000	1.000000	199.000000	1.000000	1.000000	479.000000	482.000000	1.000000	203.000000	357.000000	1.000000	1.000000	167.000000	1134.000000	820.000000
1.000000	1.000000	317.000000	1531.000000	2751.000000	673.000000	1.000000	1.000000	1.000000	217.000000	764.000000	419.000000	1479.000000	1.000000	882.000000	501.000000	493.000000	1.000000	1.000000	897.000000	1165.000000
1.000000	1.000000	1.000000	1169.000000	1795.000000	247.000000	669.000000	1.000000	1.000000	1.000000	1741.000000	791.000000	2034.000000	861.000000	133.000000	681.000000	1.000000	1.000000	305.000000	821.000000	1428.000000
1.000000	167.000000	1.000000	131.000000	815.000000	202.000000	1341.000000	147.000000	139.000000	1.000000	1615.000000	201.000000	1782.000000	891.000000	1.000000	603.000000	1.000000	1.000000	221.000000	985.000000	1349.000000
1.000000	1.000000	1.000000	1.000000	317.000000	1.000000	1.000000	973.000000	183.000000	386.000000	838.000000	289.000000	1188.000000	1.000000	1.000000	961.000000	1.000000	295.000000	733.000000	1374.000000	1029.000000
1.000000	265.000000	329.000000	1.000000	1.000000	339.000000	1.000000	997.000000	1.000000	372.000000	652.000000	289.000000	1275.000000	1.000000	1.000000	324.000000	1.000000	574.000000	1199.000000	1258.000000	759.000000
1.000000	425.000000	217.000000	1.000000	1.000000	619.000000	484.000000	850.000000	1.000000	221.000000	653.000000	289.000000	1643.000000	1.000000	1.000000	1.000000	1.000000	369.000000	676.000000	1290.000000	177.000000
289.000000	465.000000	178.000000	127.000000	1.000000	650.000000	770.000000	1097.000000	493.000000	783.000000	1473.000000	1.000000	1140.000000	261.000000	481.000000	1.000000	1.000000	406.000000	184.000000	1154.000000	173.000000
290.000000	477.000000	178.000000	901.000000	1.000000	251.000000	267.000000	1195.000000	1195.000000	857.000000	509.000000	1.000000	1.000000	1.000000	1202.000000	329.000000	1.000000	192.000000	181.000000	830.000000	1.000000
273.000000	389.000000	200.000000	1537.000000	537.000000	1.000000	145.000000	760.000000	201.000000	248.000000	157.000000	1.000000	471.000000	855.000000	1011.000000	602.000000	1.000000	1.000000	1.000000	346.000000	1.000000
1.000000	1.000000	1.000000	179.000000	883.000000	1.000000	1.000000	877.000000	1.000000	1.000000	194.000000	1.000000	473.000000	855.000000	1.000000	253.000000	211.000000	557.000000	319.000000	135.000000	599.000000
1.000000	178.000000	1.000000	1.000000	1021.000000	1.000000	334.000000	1425.000000	831.000000	1.000000	1.000000	401.000000	255.000000	1.000000	450.000000	719.000000	400.000000	683.000000	429.000000	1.000000	413.000000
319.000000	176.000000	171.000000	186.000000	317.000000	1.000000	1.000000	858.000000	387.000000	1.000000	361.000000	289.000000	1.000000	1.000000	1.000000	958.000000	699.000000	1014.000000	755.000000	1.000000	433.000000
811.000000	701.000000	183.000000	381.000000	298.000000	459.000000	1.000000	1.000000	817.000000	406.000000	417.000000	333.000000	267.000000	1.000000	606.000000	1524.000000	816.000000	1183.000000	959.000000	183.000000	399.000000
873.000000	1183.000000	449.000000	567.000000	279.000000	299.000000	1.000000	1.000000	513.000000	1.000000	1.000000	1335.000000	217.000000	467.000000	1806.000000	1346.000000	912.000000	1097.000000	548.000000	145.000000	783.000000
865.000000	1359.000000	516.000000	468.000000	700.000000	257.000000	137.000000	499.000000	503.000000	1.000000	1.000000	818.000000	197.000000	531.000000	1459.000000	544.000000	1.000000	913.000000	469.000000	1.000000	325.000000
269.000000	580.000000	265.000000	643.000000	821.000000	257.000000	1.000000	511.000000	1011.000000	835.000000	1.000000	1.000000	1.000000	531.000000	635.000000	1.000000	139.000000	632.000000	1.000000	708.000000	1.000000
1.000000	223.000000	163.000000	151.000000	191.000000	151.000000	1.000000	513.000000	507.000000	1015.000000	247.000000	1.000000	1.000000	259.000000	1.000000	1.000000	1.000000	1.000000	187.000000	157.000000	1.000000
1.000000	1.000000	211.000000	1.000000	1.000000	1.000000	1.000000	1.000000	1.000000	351.000000	1.000000	1.000000	1.000000	1.000000	1.000000	1.000000	1.000000	137.000000	1.000000	1.000000	155.000000
