21 25 0
139.000000	1.000000	1.000000	1510.000000	1979.000000	644.000000	304.000000	1.000000	1.000000	1.000000	686.000000	804.000000	308.000000	1.000000	1.000000	239.000000	507.000000	2123.000000	373.000000	1.000000	1150.000000
139.000000	190.000000	398.000000	1614.000000	437.000000	240.000000	1.000000	1.000000	1.000000	1.000000	315.000000	69.000000	718.000000	161.000000	1.000000	1.000000	1.000000	1399.000000	831.000000	1.000000	720.000000
385.000000	720.000000	395.000000	1577.000000	1.000000	1.000000	1.000000	1.000000	1.000000	485.000000	351.000000	301.000000	625.000000	805.000000	179.000000	1.000000	143.000000	505.000000	481.000000	1.000000	405.000000
664.000000	741.000000	1444.000000	1613.000000	1.000000	1.000000	151.000000	1.000000	1.000000	335.000000	698.000000	501.000000	607.000000	609.000000	511.000000	331.000000	531.000000	443.000000	291.000000	1.000000	325.000000
1111.000000	799.000000	1861.000000	1689.000000	1.000000	1.000000	1.000000	1.000000	1.000000	179.000000	522.000000	174.000000	149.000000	486.000000	1.000000	703.000000	391.000000	136.000000	423.000000	1.000000	205.000000
1017.000000	779.000000	1090.000000	1859.000000	1.000000	161.000000	1.000000	1.000000	1.000000	595.000000	369.000000	1.000000	329.000000	721.000000	1.000000	1.000000	1.000000	1.000000	461.000000	706.000000	1.000000
575.000000	268.000000	456.000000	854.000000	1.000000	1.000000	732.000000	1.000000	1.000000	233.000000	597.000000	324.000000	1.000000	514.000000	1.000000	1.000000	1.000000	391.000000	185.000000	376.000000	281.000000
543.000000	498.000000	1018.000000	1.000000	1.000000	1.000000	330.000000	177.000000	349.000000	978.000000	561.000000	1021.000000	1.000000	1.000000	1.000000	1.000000	1630.000000	1457.000000	1466.000000	1.000000	1.000000
701.000000	673.000000	537.000000	1.000000	1.000000	1.000000	1.000000	818.000000	1836.000000	1231.000000	1528.000000	1166.000000	1.000000	1.000000	1.000000	1.000000	1219.000000	1696.000000	1842.000000	1.000000	1.000000
379.000000	391.000000	1155.000000	349.000000	1.000000	1.000000	1.000000	189.000000	1708.000000	1204.000000	1307.000000	889.000000	1.000000	259.000000	187.000000	1.000000	742.000000	493.000000	921.000000	866.000000	234.000000
687.000000	336.000000	1108.000000	1103.000000	1.000000	1.000000	1.000000	1.000000	733.000000	927.000000	494.000000	537.000000	1.000000	528.000000	747.000000	1.000000	149.000000	149.000000	1.000000	279.000000	322.000000
1123.000000	665.000000	662.000000	1134.000000	253.000000	1.000000	1.000000	1.000000	551.000000	858.000000	551.000000	826.000000	1.000000	512.000000	1119.000000	1.000000	1.000000	1.000000	153.000000	1.000000	416.000000
994.000000	369.000000	534.000000	1023.000000	771.000000	1.000000	1.000000	1.000000	1043.000000	824.000000	823.000000	199.000000	1.000000	281.000000	1216.000000	483.000000	1.000000	1.000000	1.000000	1.000000	824.000000
183.000000	369.000000	511.000000	657.000000	600.000000	1.000000	1.000000	954.000000	1294.000000	765.000000	1191.000000	453.000000	1.000000	1.000000	608.000000	649.000000	1.000000	1.000000	1.000000	406.000000	1674.000000
1.000000	522.000000	503.000000	163.000000	414.000000	735.000000	1035.000000	926.000000	479.000000	853.000000	506.000000	437.000000	1.000000	489.000000	241.000000	485.000000	311.000000	69.000000	141.000000	830.000000	1351.000000
859.000000	206.000000	603.000000	1.000000	1.000000	939.000000	1171.000000	990.000000	1.000000	319.000000	1.000000	227.000000	1.000000	801.000000	1.000000	1.000000	484.000000	290.000000	189.000000	1200.000000	799.000000
597.000000	450.000000	677.000000	163.000000	1.000000	586.000000	1.000000	495.000000	181.000000	721.000000	335.000000	1.000000	1.000000	286.000000	1.000000	258.000000	1.000000	1.000000	414.000000	1245.000000	428.000000
445.000000	628.000000	313.000000	521.000000	419.000000	411.000000	784.000000	1.000000	1.000000	721.000000	1.000000	1.000000	68.000000	288.000000	705.000000	197.000000	1.000000	1.000000	414.000000	1037.000000	869.000000
377.000000	178.000000	453.000000	585.000000	636.000000	173.000000	1417.000000	1.000000	1.000000	1.000000	1.000000	289.000000	1.000000	656.000000	447.000000	1.000000	650.000000	139.000000	167.000000	544.000000	675.000000
667.000000	1.000000	585.000000	606.000000	639.000000	661.000000	1845.000000	655.000000	1.000000	453.000000	1.000000	1.000000	543.000000	790.000000	1.000000	1.000000	911.000000	443.000000	167.000000	894.000000	520.000000
185.000000	1.000000	490.000000	339.000000	173.000000	374.000000	1292.000000	573.000000	1.000000	900.000000	1.000000	1.000000	375.000000	379.000000	487.000000	393.000000	1159.000000	443.000000	219.000000	745.000000	643.000000
1.000000	1.000000	484.000000	1.000000	1.000000	451.000000	923.000000	577.000000	637.000000	877.000000	290.000000	1.000000	218.000000	438.000000	1.000000	639.000000	727.000000	151.000000	219.000000	1.000000	369.000000
1.000000	1.000000	355.000000	203.000000	1.000000	453.000000	491.000000	861.000000	433.000000	429.000000	1286.000000	1.000000	279.000000	1.000000	167.000000	817.000000	1017.000000	1.000000	1.000000	1.000000	165.000000
1.000000	1.000000	1.000000	1.000000	1.000000	445.000000	233.000000	503.000000	1.000000	497.000000	279.000000	351.000000	1.000000	1.000000	1.000000	455.000000	1.000000	1.000000	1.000000	173.000000	439.000000
1.000000	1.000000	1.000000	1.000000	1.000000	445.000000	1.000000	1.000000	1.000000	1.000000	1.000000	133.000000	1.000000	1.000000	231.000000	1.000000	1.000000	1.000000	1.000000	173.000000	1.000000
