21 25 0
141.000000	1.000000	1.000000	197.000000	671.000000	809.000000	1081.000000	1613.000000	1643.000000	992.000000	800.000000	741.000000	1628.000000	1492.000000	463.000000	1.000000	672.000000	1249.000000	503.000000	1.000000	1.000000
442.000000	1.000000	1.000000	1.000000	934.000000	980.000000	844.000000	1217.000000	1146.000000	1283.000000	1421.000000	1379.000000	1963.000000	1377.000000	257.000000	1.000000	1.000000	972.000000	972.000000	1.000000	1.000000
1295.000000	777.000000	756.000000	437.000000	440.000000	483.000000	177.000000	191.000000	553.000000	963.000000	1041.000000	565.000000	795.000000	1046.000000	1172.000000	759.000000	493.000000	1181.000000	1710.000000	425.000000	219.000000
1.000000	1.000000	174.000000	718.000000	885.000000	709.000000	232.000000	210.000000	1.000000	167.000000	167.000000	1.000000	1.000000	164.000000	163.000000	520.000000	503.000000	714.000000	609.000000	715.000000	714.000000
1.000000	71.000000	1.000000	1.000000	145.000000	144.000000	135.000000	580.000000	601.000000	295.000000	1.000000	1.000000	1.000000	479.000000	495.000000	279.000000	1208.000000	543.000000	187.000000	1.000000	163.000000
1.000000	1.000000	365.000000	524.000000	1829.000000	1947.000000	867.000000	986.000000	1122.000000	1462.000000	886.000000	1373.000000	1824.000000	1470.000000	471.000000	313.000000	227.000000	227.000000	227.000000	395.000000	395.000000
1.000000	1.000000	1.000000	791.000000	1595.000000	3146.000000	3188.000000	2290.000000	1143.000000	1358.000000	1532.000000	1541.000000	1096.000000	1480.000000	1817.000000	2976.000000	2780.000000	1436.000000	461.000000	529.000000	528.000000
1.000000	1.000000	139.000000	985.000000	1055.000000	527.000000	1281.000000	1694.000000	217.000000	1.000000	1.000000	1.000000	1.000000	185.000000	1610.000000	2347.000000	2547.000000	2132.000000	527.000000	1.000000	505.000000
209.000000	179.000000	448.000000	1149.000000	483.000000	1.000000	1.000000	1.000000	1.000000	1.000000	1.000000	1.000000	1.000000	1.000000	187.000000	276.000000	185.000000	345.000000	909.000000	416.000000	652.000000
1.000000	129.000000	138.000000	1065.000000	1.000000	1.000000	1.000000	1.000000	1.000000	1.000000	1.000000	536.000000	369.000000	1.000000	1.000000	1.000000	1.000000	349.000000	759.000000	728.000000	177.000000
1.000000	1.000000	1.000000	461.000000	1.000000	291.000000	1.000000	389.000000	545.000000	554.000000	1014.000000	1271.000000	1.000000	1.000000	1.000000	1.000000	303.000000	1.000000	353.000000	153.000000	1.000000
1.000000	1.000000	1.000000	1.000000	742.000000	1207.000000	1053.000000	1065.000000	736.000000	764.000000	481.000000	271.000000	801.000000	1323.000000	1069.000000	610.000000	277.000000	77.000000	77.000000	1.000000	1.000000
195.000000	444.000000	617.000000	616.000000	2103.000000	2492.000000	1746.000000	1012.000000	1141.000000	297.000000	1.000000	297.000000	518.000000	1442.000000	2360.000000	1763.000000	1332.000000	1467.000000	1366.000000	939.000000	327.000000
1.000000	239.000000	880.000000	1469.000000	1544.000000	1176.000000	640.000000	918.000000	1996.000000	2060.000000	2583.000000	2515.000000	1665.000000	639.000000	988.000000	1708.000000	2127.000000	2100.000000	1068.000000	618.000000	549.000000
1.000000	1.000000	201.000000	231.000000	1018.000000	1208.000000	373.000000	1.000000	1113.000000	1329.000000	1618.000000	754.000000	455.000000	446.000000	150.000000	402.000000	1120.000000	1345.000000	772.000000	147.000000	391.000000
593.000000	1.000000	1.000000	1.000000	225.000000	507.000000	1671.000000	1940.000000	983.000000	1.000000	1.000000	1.000000	265.000000	1237.000000	1146.000000	1.000000	153.000000	205.000000	1.000000	137.000000	1.000000
673.000000	635.000000	583.000000	1.000000	1.000000	1.000000	1.000000	1283.000000	1425.000000	957.000000	1181.000000	1712.000000	2164.000000	1518.000000	1302.000000	1.000000	1.000000	1.000000	353.000000	723.000000	587.000000
462.000000	452.000000	363.000000	975.000000	493.000000	314.000000	1.000000	1.000000	265.000000	1060.000000	1658.000000	1160.000000	919.000000	229.000000	1.000000	210.000000	194.000000	187.000000	131.000000	674.000000	690.000000
1.000000	253.000000	514.000000	964.000000	1275.000000	981.000000	710.000000	460.000000	1.000000	229.000000	699.000000	639.000000	225.000000	378.000000	570.000000	570.000000	476.000000	762.000000	393.000000	593.000000	389.000000
1.000000	143.000000	622.000000	662.000000	1034.000000	1458.000000	1400.000000	1872.000000	602.000000	481.000000	526.000000	585.000000	611.000000	347.000000	886.000000	606.000000	579.000000	807.000000	700.000000	473.000000	419.000000
1.000000	79.000000	156.000000	484.000000	890.000000	651.000000	1203.000000	2405.000000	2455.000000	1821.000000	1585.000000	1379.000000	953.000000	1215.000000	1266.000000	1127.000000	1019.000000	733.000000	239.000000	269.000000	412.000000
1.000000	135.000000	157.000000	453.000000	145.000000	161.000000	530.000000	822.000000	1191.000000	2641.000000	2385.000000	1827.000000	1544.000000	1379.000000	1027.000000	1033.000000	329.000000	1.000000	333.000000	199.000000	198.000000
154.000000	137.000000	141.000000	145.000000	209.000000	1.000000	1.000000	1.000000	195.000000	275.000000	1113.000000	1101.000000	951.000000	917.000000	569.000000	1.000000	467.000000	650.000000	178.000000	1.000000	185.000000
1.000000	1.000000	1.000000	1.000000	1.000000	1.000000	1.000000	1.000000	1.000000	1.000000	1.000000	317.000000	1.000000	1.000000	1.000000	1.000000	1.000000	173.000000	339.000000	355.000000	1.000000
1.000000	1.000000	1.000000	1.000000	1.000000	1.000000	1.000000	251.000000	1.000000	1.000000	1.000000	1.000000	1.000000	1.000000	1.000000	1.000000	193.000000	1.000000	1.000000	1.000000	1.000000
