21 25 0
391.000000	149.000000	574.000000	640.000000	632.000000	390.000000	1.000000	1.000000	257.000000	713.000000	803.000000	647.000000	513.000000	952.000000	1423.000000	1409.000000	1176.000000	1182.000000	1373.000000	842.000000	1.000000
1.000000	317.000000	1038.000000	1321.000000	941.000000	303.000000	1.000000	1.000000	1.000000	83.000000	1.000000	1.000000	1.000000	1.000000	1.000000	742.000000	1069.000000	884.000000	996.000000	755.000000	331.000000
212.000000	212.000000	511.000000	725.000000	914.000000	678.000000	515.000000	624.000000	559.000000	323.000000	323.000000	167.000000	1.000000	1.000000	141.000000	455.000000	1349.000000	663.000000	237.000000	239.000000	1.000000
440.000000	1.000000	1004.000000	1002.000000	289.000000	337.000000	620.000000	758.000000	1474.000000	1210.000000	1015.000000	1107.000000	871.000000	1324.000000	866.000000	646.000000	765.000000	805.000000	321.000000	393.000000	393.000000
528.000000	855.000000	479.000000	1.000000	907.000000	1529.000000	1417.000000	766.000000	766.000000	968.000000	1204.000000	942.000000	1335.000000	937.000000	539.000000	585.000000	781.000000	555.000000	779.000000	1287.000000	1295.000000
231.000000	1.000000	1.000000	1.000000	139.000000	1.000000	197.000000	298.000000	167.000000	167.000000	1.000000	1.000000	294.000000	319.000000	522.000000	1002.000000	1178.000000	1289.000000	910.000000	1103.000000	1339.000000
1.000000	1.000000	1382.000000	937.000000	479.000000	1.000000	1.000000	1.000000	369.000000	1.000000	1.000000	1.000000	1.000000	1.000000	1.000000	1.000000	1.000000	1.000000	159.000000	643.000000	1174.000000
1.000000	1.000000	749.000000	952.000000	1437.000000	1142.000000	277.000000	141.000000	495.000000	639.000000	1003.000000	1612.000000	1.000000	1.000000	1.000000	1.000000	1.000000	347.000000	1.000000	1.000000	207.000000
160.000000	1.000000	1.000000	927.000000	1258.000000	2168.000000	2004.000000	1445.000000	971.000000	1543.000000	2092.000000	1753.000000	1168.000000	461.000000	1535.000000	2681.000000	2132.000000	1570.000000	756.000000	215.000000	1.000000
1.000000	1.000000	196.000000	1117.000000	1159.000000	1625.000000	2134.000000	2501.000000	2029.000000	655.000000	552.000000	684.000000	1180.000000	1210.000000	1763.000000	2321.000000	2289.000000	1353.000000	926.000000	331.000000	159.000000
177.000000	1.000000	133.000000	170.000000	1520.000000	1284.000000	1212.000000	842.000000	201.000000	1.000000	1.000000	193.000000	689.000000	1611.000000	2060.000000	1979.000000	1083.000000	1219.000000	1134.000000	750.000000	1.000000
1.000000	1.000000	1.000000	1.000000	804.000000	991.000000	1.000000	1.000000	1.000000	350.000000	540.000000	578.000000	301.000000	1.000000	512.000000	1121.000000	1121.000000	1131.000000	431.000000	1.000000	394.000000
1.000000	1.000000	1.000000	1.000000	1.000000	1.000000	1.000000	1.000000	979.000000	1553.000000	1531.000000	790.000000	755.000000	381.000000	1.000000	1.000000	210.000000	401.000000	1.000000	1.000000	1.000000
470.000000	1.000000	1.000000	1.000000	1.000000	297.000000	1330.000000	1483.000000	873.000000	1.000000	1.000000	1.000000	1.000000	887.000000	909.000000	372.000000	1.000000	1.000000	1.000000	1.000000	1.000000
266.000000	583.000000	1078.000000	743.000000	1.000000	1.000000	785.000000	1035.000000	1471.000000	964.000000	960.000000	610.000000	1028.000000	1858.000000	1580.000000	753.000000	1.000000	240.000000	421.000000	418.000000	334.000000
1.000000	501.000000	1236.000000	2020.000000	1134.000000	268.000000	1.000000	799.000000	511.000000	977.000000	1750.000000	2015.000000	1111.000000	351.000000	227.000000	1.000000	574.000000	1132.000000	881.000000	925.000000	1190.000000
1.000000	1.000000	195.000000	231.000000	1665.000000	1691.000000	2171.000000	603.000000	159.000000	1.000000	1.000000	1.000000	1.000000	166.000000	435.000000	453.000000	1138.000000	884.000000	427.000000	233.000000	207.000000
1.000000	289.000000	1.000000	1.000000	1.000000	359.000000	1443.000000	2241.000000	1953.000000	1012.000000	776.000000	849.000000	1377.000000	1340.000000	1707.000000	1098.000000	703.000000	167.000000	1.000000	1.000000	139.000000
179.000000	291.000000	468.000000	353.000000	157.000000	1.000000	539.000000	2317.000000	3052.000000	2012.000000	1969.000000	1762.000000	1324.000000	1444.000000	1239.000000	271.000000	201.000000	257.000000	181.000000	370.000000	250.000000
1030.000000	1.000000	293.000000	297.000000	373.000000	1.000000	1.000000	483.000000	842.000000	1797.000000	2396.000000	2096.000000	1811.000000	1265.000000	551.000000	535.000000	613.000000	337.000000	742.000000	421.000000	330.000000
652.000000	533.000000	698.000000	635.000000	555.000000	137.000000	1.000000	1.000000	249.000000	363.000000	851.000000	855.000000	599.000000	367.000000	279.000000	424.000000	1273.000000	1454.000000	789.000000	665.000000	877.000000
1.000000	295.000000	646.000000	815.000000	1285.000000	992.000000	819.000000	1.000000	1.000000	1.000000	1.000000	218.000000	434.000000	751.000000	257.000000	607.000000	385.000000	1343.000000	1819.000000	1780.000000	684.000000
1.000000	1.000000	1.000000	690.000000	1495.000000	1372.000000	1036.000000	1089.000000	757.000000	205.000000	272.000000	487.000000	1.000000	147.000000	504.000000	761.000000	1013.000000	965.000000	411.000000	269.000000	207.000000
1.000000	1.000000	157.000000	451.000000	443.000000	685.000000	485.000000	477.000000	177.000000	1.000000	1.000000	189.000000	1.000000	423.000000	663.000000	895.000000	327.000000	1.000000	1.000000	1.000000	1.000000
1.000000	1.000000	1.000000	1.000000	209.000000	443.000000	1.000000	1.000000	1.000000	1.000000	205.000000	1.000000	1.000000	239.000000	1.000000	1.000000	1.000000	1.000000	1.000000	1.000000	1.000000
