21 25 0
1.000000	1.000000	1.000000	371.000000	872.000000	206.000000	169.000000	817.000000	851.000000	586.000000	355.000000	638.000000	962.000000	781.000000	1.000000	1.000000	792.000000	1751.000000	447.000000	1.000000	1378.000000
598.000000	1.000000	1.000000	497.000000	1.000000	1.000000	1.000000	446.000000	778.000000	840.000000	790.000000	778.000000	1078.000000	773.000000	149.000000	1.000000	1.000000	1892.000000	855.000000	1.000000	400.000000
642.000000	227.000000	269.000000	386.000000	1.000000	1.000000	1.000000	161.000000	545.000000	735.000000	782.000000	70.000000	749.000000	790.000000	363.000000	504.000000	477.000000	431.000000	1769.000000	241.000000	289.000000
277.000000	1.000000	249.000000	173.000000	1.000000	1.000000	158.000000	149.000000	1.000000	1.000000	172.000000	1.000000	1.000000	146.000000	168.000000	420.000000	455.000000	452.000000	1.000000	1.000000	405.000000
401.000000	1.000000	362.000000	437.000000	1.000000	1.000000	67.000000	982.000000	426.000000	305.000000	1.000000	1.000000	235.000000	317.000000	1.000000	278.000000	1.000000	136.000000	1.000000	1.000000	205.000000
1.000000	401.000000	364.000000	1774.000000	724.000000	1022.000000	588.000000	135.000000	999.000000	1370.000000	325.000000	1.000000	1205.000000	891.000000	671.000000	425.000000	1.000000	1.000000	1.000000	1.000000	1.000000
1.000000	1.000000	1.000000	1.000000	371.000000	2501.000000	2281.000000	914.000000	1.000000	760.000000	1444.000000	1.000000	505.000000	1457.000000	1184.000000	2408.000000	1621.000000	617.000000	1.000000	297.000000	281.000000
561.000000	322.000000	1.000000	313.000000	1.000000	1.000000	1131.000000	1868.000000	511.000000	1.000000	407.000000	1.000000	1.000000	345.000000	393.000000	638.000000	2378.000000	2515.000000	1061.000000	1.000000	603.000000
391.000000	657.000000	547.000000	1.000000	1.000000	1.000000	1.000000	507.000000	1864.000000	247.000000	1.000000	1.000000	1.000000	1.000000	1.000000	131.000000	256.000000	772.000000	1658.000000	1.000000	231.000000
197.000000	145.000000	1149.000000	344.000000	1.000000	1.000000	1.000000	1.000000	493.000000	1386.000000	1.000000	1.000000	1.000000	1.000000	1.000000	1.000000	1.000000	1.000000	344.000000	929.000000	1.000000
617.000000	1.000000	856.000000	604.000000	138.000000	1.000000	1.000000	1.000000	1.000000	1.000000	1.000000	434.000000	375.000000	177.000000	1.000000	1.000000	1.000000	1.000000	1.000000	1.000000	1.000000
380.000000	329.000000	288.000000	1304.000000	722.000000	855.000000	467.000000	254.000000	1.000000	1.000000	1.000000	163.000000	737.000000	1212.000000	1296.000000	1.000000	1.000000	1.000000	1.000000	1.000000	153.000000
607.000000	830.000000	395.000000	941.000000	1156.000000	131.000000	443.000000	521.000000	1047.000000	1.000000	145.000000	1.000000	1.000000	695.000000	2599.000000	1660.000000	244.000000	1.000000	90.000000	81.000000	502.000000
1.000000	1.000000	575.000000	1261.000000	752.000000	1.000000	435.000000	433.000000	1671.000000	1417.000000	1422.000000	756.000000	1.000000	1.000000	842.000000	1981.000000	1217.000000	1049.000000	345.000000	565.000000	950.000000
267.000000	149.000000	1.000000	153.000000	977.000000	1166.000000	1487.000000	1.000000	385.000000	1451.000000	613.000000	1044.000000	1.000000	1.000000	1.000000	928.000000	949.000000	742.000000	409.000000	235.000000	363.000000
599.000000	460.000000	243.000000	1.000000	1.000000	591.000000	1655.000000	1973.000000	969.000000	227.000000	1.000000	1.000000	1.000000	313.000000	266.000000	1.000000	1.000000	236.000000	521.000000	275.000000	1.000000
915.000000	551.000000	1359.000000	365.000000	1.000000	1.000000	1.000000	497.000000	949.000000	919.000000	671.000000	138.000000	1.000000	614.000000	375.000000	1.000000	1.000000	1.000000	1.000000	1252.000000	1.000000
464.000000	837.000000	229.000000	1131.000000	741.000000	323.000000	439.000000	1.000000	1.000000	1689.000000	1.000000	1.000000	166.000000	1.000000	1.000000	1.000000	1.000000	1.000000	1.000000	291.000000	450.000000
1.000000	522.000000	591.000000	892.000000	722.000000	1439.000000	1572.000000	222.000000	1.000000	1.000000	1.000000	353.000000	1.000000	1.000000	1.000000	1.000000	281.000000	137.000000	167.000000	186.000000	151.000000
1.000000	1.000000	451.000000	822.000000	1238.000000	976.000000	2068.000000	1482.000000	539.000000	1.000000	1.000000	1.000000	1.000000	366.000000	1.000000	1.000000	137.000000	587.000000	305.000000	404.000000	336.000000
1.000000	1.000000	1.000000	407.000000	607.000000	885.000000	1190.000000	2017.000000	2022.000000	1093.000000	285.000000	1.000000	1.000000	1.000000	366.000000	247.000000	402.000000	443.000000	211.000000	154.000000	374.000000
1.000000	133.000000	228.000000	1.000000	1.000000	215.000000	529.000000	840.000000	1018.000000	2056.000000	2089.000000	329.000000	387.000000	537.000000	1.000000	189.000000	513.000000	1.000000	343.000000	1.000000	154.000000
205.000000	1.000000	1.000000	191.000000	1.000000	1.000000	1.000000	1.000000	1.000000	427.000000	749.000000	829.000000	205.000000	343.000000	1.000000	207.000000	655.000000	513.000000	1.000000	1.000000	1.000000
1.000000	1.000000	1.000000	1.000000	1.000000	1.000000	1.000000	209.000000	1.000000	1.000000	1.000000	199.000000	1.000000	1.000000	1.000000	1.000000	1.000000	1.000000	1.000000	1.000000	169.000000
1.000000	1.000000	1.000000	1.000000	1.000000	1.000000	1.000000	1.000000	1.000000	1.000000	1.000000	1.000000	1.000000	1.000000	1.000000	1.000000	1.000000	1.000000	1.000000	1.000000	1.000000
