21 25 0
399.000000	821.000000	617.000000	332.000000	1.000000	1.000000	1.000000	1.000000	326.000000	636.000000	1.000000	1.000000	233.000000	1269.000000	2385.000000	1275.000000	315.000000	363.000000	1324.000000	969.000000	365.000000
1.000000	633.000000	813.000000	994.000000	437.000000	1.000000	1.000000	1.000000	1.000000	1.000000	1.000000	1.000000	1.000000	1.000000	675.000000	1153.000000	591.000000	1.000000	746.000000	1957.000000	331.000000
1.000000	1.000000	1.000000	1.000000	395.000000	316.000000	331.000000	689.000000	441.000000	296.000000	297.000000	162.000000	1.000000	1.000000	1.000000	633.000000	1227.000000	441.000000	363.000000	805.000000	389.000000
240.000000	171.000000	1.000000	1.000000	279.000000	461.000000	159.000000	892.000000	1079.000000	806.000000	679.000000	555.000000	347.000000	1.000000	151.000000	155.000000	894.000000	773.000000	373.000000	476.000000	159.000000
149.000000	1.000000	1.000000	1.000000	1.000000	328.000000	806.000000	757.000000	741.000000	694.000000	605.000000	501.000000	162.000000	303.000000	283.000000	311.000000	173.000000	878.000000	297.000000	1564.000000	623.000000
1.000000	1.000000	1.000000	1.000000	1.000000	1.000000	1.000000	847.000000	520.000000	1.000000	1.000000	139.000000	1.000000	1.000000	139.000000	136.000000	1.000000	249.000000	307.000000	430.000000	1569.000000
1.000000	1.000000	847.000000	577.000000	1.000000	1.000000	1.000000	1.000000	1.000000	1.000000	1.000000	1.000000	1.000000	1.000000	1.000000	1.000000	1.000000	1.000000	1.000000	433.000000	455.000000
1.000000	1.000000	763.000000	1566.000000	886.000000	551.000000	1.000000	1.000000	1.000000	483.000000	689.000000	189.000000	635.000000	1.000000	1.000000	1.000000	1.000000	1.000000	1.000000	891.000000	1107.000000
160.000000	1.000000	1.000000	1295.000000	1867.000000	1482.000000	1747.000000	1067.000000	794.000000	215.000000	994.000000	1045.000000	2152.000000	828.000000	1092.000000	1625.000000	956.000000	1.000000	1.000000	1.000000	763.000000
201.000000	132.000000	1.000000	554.000000	1073.000000	883.000000	2253.000000	1247.000000	915.000000	586.000000	233.000000	343.000000	1543.000000	1548.000000	1033.000000	1233.000000	247.000000	609.000000	1.000000	290.000000	491.000000
1.000000	135.000000	1.000000	1.000000	1149.000000	179.000000	815.000000	843.000000	441.000000	1.000000	1.000000	1.000000	343.000000	980.000000	1144.000000	1342.000000	362.000000	340.000000	371.000000	1.000000	546.000000
1.000000	1.000000	1.000000	1.000000	1.000000	1009.000000	1.000000	1.000000	1.000000	168.000000	1.000000	271.000000	479.000000	1.000000	1.000000	1214.000000	695.000000	430.000000	343.000000	371.000000	249.000000
1.000000	1.000000	1.000000	1.000000	1.000000	1.000000	1.000000	1.000000	1.000000	1.000000	163.000000	179.000000	931.000000	1.000000	1.000000	1.000000	210.000000	214.000000	1.000000	1.000000	1.000000
517.000000	1.000000	1.000000	1.000000	1.000000	1.000000	149.000000	1506.000000	960.000000	1.000000	1.000000	1.000000	767.000000	807.000000	885.000000	1.000000	1.000000	1.000000	1.000000	333.000000	1.000000
267.000000	743.000000	1172.000000	560.000000	1.000000	1.000000	241.000000	905.000000	1988.000000	1447.000000	159.000000	485.000000	1.000000	507.000000	1281.000000	621.000000	243.000000	1.000000	1.000000	415.000000	1.000000
1.000000	279.000000	624.000000	2550.000000	1148.000000	264.000000	1.000000	597.000000	509.000000	710.000000	733.000000	1.000000	487.000000	1.000000	1.000000	953.000000	409.000000	496.000000	213.000000	677.000000	1199.000000
1.000000	1.000000	1.000000	217.000000	1817.000000	1399.000000	1567.000000	815.000000	1.000000	1.000000	181.000000	1.000000	1.000000	1.000000	1.000000	193.000000	421.000000	375.000000	209.000000	1.000000	459.000000
175.000000	290.000000	1.000000	1.000000	1.000000	309.000000	1702.000000	2548.000000	1306.000000	1.000000	1.000000	1.000000	1.000000	1.000000	1.000000	1.000000	483.000000	343.000000	306.000000	1.000000	1.000000
643.000000	174.000000	275.000000	299.000000	159.000000	1.000000	241.000000	2135.000000	2691.000000	1129.000000	1072.000000	731.000000	1.000000	277.000000	269.000000	1.000000	201.000000	503.000000	441.000000	1.000000	1.000000
862.000000	500.000000	687.000000	702.000000	501.000000	157.000000	1.000000	1.000000	1367.000000	1754.000000	1736.000000	1169.000000	405.000000	1.000000	579.000000	500.000000	244.000000	508.000000	748.000000	291.000000	1.000000
873.000000	849.000000	840.000000	769.000000	985.000000	291.000000	1.000000	250.000000	1.000000	1.000000	667.000000	351.000000	1.000000	1.000000	371.000000	199.000000	507.000000	1225.000000	590.000000	477.000000	709.000000
1.000000	1065.000000	618.000000	812.000000	1128.000000	221.000000	141.000000	1.000000	456.000000	1.000000	1.000000	1.000000	1.000000	1.000000	191.000000	1.000000	1.000000	616.000000	1021.000000	670.000000	901.000000
1.000000	402.000000	1.000000	978.000000	1037.000000	603.000000	312.000000	563.000000	952.000000	255.000000	1.000000	1.000000	1.000000	74.000000	1.000000	1.000000	1.000000	1.000000	1.000000	787.000000	409.000000
1.000000	157.000000	1.000000	1.000000	201.000000	1.000000	1.000000	271.000000	495.000000	851.000000	1.000000	1.000000	1.000000	1.000000	1.000000	1.000000	1.000000	1.000000	1.000000	1.000000	1.000000
1.000000	1.000000	177.000000	1.000000	1.000000	1.000000	1.000000	1.000000	1.000000	243.000000	343.000000	1.000000	1.000000	1.000000	1.000000	1.000000	1.000000	1.000000	1.000000	1.000000	1.000000
