21 25 0
212.000000	285.000000	198.000000	229.000000	1.000000	711.000000	781.000000	1011.000000	643.000000	435.000000	218.000000	169.000000	1.000000	179.000000	1.000000	1.000000	1.000000	1.000000	1.000000	1.000000	1.000000
353.000000	198.000000	229.000000	1.000000	1.000000	817.000000	1003.000000	522.000000	298.000000	504.000000	582.000000	305.000000	567.000000	1.000000	259.000000	224.000000	1.000000	1.000000	255.000000	1258.000000	1.000000
471.000000	467.000000	1.000000	1.000000	1.000000	641.000000	483.000000	82.000000	533.000000	523.000000	1.000000	169.000000	301.000000	73.000000	154.000000	155.000000	1.000000	211.000000	241.000000	1872.000000	147.000000
1.000000	1.000000	223.000000	165.000000	139.000000	230.000000	1.000000	1.000000	167.000000	1.000000	1.000000	1.000000	174.000000	1.000000	1.000000	149.000000	1.000000	423.000000	1.000000	533.000000	147.000000
1.000000	388.000000	558.000000	139.000000	145.000000	1.000000	1.000000	1.000000	711.000000	1.000000	1.000000	1.000000	74.000000	423.000000	672.000000	1.000000	423.000000	1.000000	243.000000	196.000000	233.000000
143.000000	530.000000	201.000000	329.000000	152.000000	672.000000	561.000000	651.000000	402.000000	413.000000	175.000000	642.000000	1108.000000	984.000000	1.000000	1.000000	315.000000	215.000000	1.000000	535.000000	395.000000
1.000000	155.000000	1.000000	614.000000	1969.000000	1392.000000	1310.000000	639.000000	995.000000	185.000000	664.000000	1237.000000	724.000000	1.000000	587.000000	1244.000000	1525.000000	864.000000	1.000000	303.000000	542.000000
1.000000	1.000000	1.000000	373.000000	1847.000000	769.000000	1.000000	471.000000	1.000000	1.000000	213.000000	1.000000	249.000000	476.000000	1402.000000	1828.000000	1062.000000	194.000000	1.000000	250.000000	514.000000
1.000000	131.000000	1.000000	1453.000000	441.000000	1.000000	1.000000	1.000000	1.000000	1.000000	1.000000	1.000000	845.000000	989.000000	579.000000	269.000000	1.000000	1.000000	1.000000	668.000000	1144.000000
1.000000	1.000000	1.000000	1.000000	1.000000	1.000000	1.000000	1.000000	1.000000	1.000000	1.000000	1.000000	1382.000000	829.000000	1.000000	1.000000	1.000000	351.000000	677.000000	1032.000000	433.000000
1.000000	1.000000	1.000000	1.000000	1.000000	1.000000	1.000000	247.000000	382.000000	483.000000	473.000000	1.000000	946.000000	1.000000	1.000000	1.000000	133.000000	295.000000	673.000000	1262.000000	501.000000
1.000000	1.000000	1.000000	1.000000	1.000000	366.000000	829.000000	2281.000000	631.000000	201.000000	1.000000	1.000000	132.000000	307.000000	287.000000	613.000000	147.000000	421.000000	1141.000000	1041.000000	495.000000
1.000000	325.000000	387.000000	247.000000	612.000000	1857.000000	1960.000000	781.000000	1.000000	1.000000	1.000000	297.000000	1426.000000	895.000000	267.000000	667.000000	737.000000	1225.000000	1194.000000	1355.000000	183.000000
1.000000	195.000000	178.000000	589.000000	680.000000	1189.000000	629.000000	1.000000	1.000000	624.000000	407.000000	1825.000000	1891.000000	257.000000	1.000000	409.000000	798.000000	1664.000000	1421.000000	818.000000	1.000000
1.000000	159.000000	1.000000	1.000000	1.000000	251.000000	489.000000	213.000000	831.000000	934.000000	747.000000	1.000000	261.000000	1.000000	479.000000	428.000000	659.000000	339.000000	193.000000	429.000000	1.000000
1.000000	1.000000	1.000000	1.000000	1.000000	430.000000	1.000000	1.000000	321.000000	1.000000	1.000000	1.000000	471.000000	1366.000000	1936.000000	229.000000	183.000000	175.000000	1.000000	1.000000	1.000000
1.000000	1.000000	1.000000	243.000000	1.000000	1.000000	429.000000	1.000000	201.000000	295.000000	183.000000	849.000000	1960.000000	2078.000000	303.000000	1.000000	210.000000	1.000000	502.000000	1.000000	440.000000
269.000000	1.000000	1.000000	231.000000	1.000000	399.000000	1.000000	1.000000	1.000000	141.000000	673.000000	1161.000000	499.000000	1.000000	1.000000	676.000000	552.000000	229.000000	308.000000	442.000000	745.000000
1.000000	1.000000	1.000000	1.000000	399.000000	1.000000	1.000000	1.000000	1.000000	1.000000	717.000000	1.000000	1.000000	244.000000	526.000000	510.000000	570.000000	633.000000	389.000000	419.000000	525.000000
1.000000	488.000000	1.000000	1.000000	155.000000	75.000000	1.000000	1.000000	1.000000	1.000000	303.000000	530.000000	725.000000	494.000000	754.000000	938.000000	844.000000	836.000000	1127.000000	431.000000	1.000000
1.000000	490.000000	1.000000	195.000000	293.000000	1.000000	118.000000	1045.000000	578.000000	710.000000	1367.000000	853.000000	897.000000	848.000000	1539.000000	1082.000000	905.000000	741.000000	313.000000	1.000000	381.000000
492.000000	80.000000	291.000000	137.000000	429.000000	155.000000	577.000000	301.000000	1031.000000	1172.000000	479.000000	1301.000000	1141.000000	1206.000000	1033.000000	1093.000000	313.000000	289.000000	1.000000	1.000000	417.000000
1.000000	157.000000	133.000000	143.000000	305.000000	149.000000	1.000000	497.000000	1.000000	741.000000	241.000000	667.000000	745.000000	931.000000	891.000000	1.000000	149.000000	403.000000	1.000000	373.000000	1.000000
1.000000	1.000000	1.000000	287.000000	151.000000	1.000000	1.000000	271.000000	701.000000	1.000000	1.000000	1.000000	1.000000	1.000000	1.000000	1.000000	1.000000	185.000000	541.000000	1.000000	1.000000
1.000000	1.000000	1.000000	1.000000	1.000000	1.000000	1.000000	197.000000	1.000000	1.000000	1.000000	1.000000	1.000000	1.000000	1.000000	1.000000	231.000000	173.000000	1.000000	1.000000	1.000000
