21 25 0
1.000000	1.000000	236.000000	2213.000000	1518.000000	616.000000	239.000000	1.000000	1.000000	635.000000	685.000000	630.000000	177.000000	1.000000	329.000000	727.000000	1012.000000	891.000000	1.000000	1.000000	1.000000
1.000000	204.000000	713.000000	2019.000000	584.000000	281.000000	1.000000	1.000000	1.000000	327.000000	1.000000	1.000000	1.000000	1.000000	1.000000	523.000000	805.000000	671.000000	1.000000	1.000000	1.000000
371.000000	589.000000	579.000000	1549.000000	271.000000	1.000000	1.000000	1.000000	154.000000	237.000000	1.000000	225.000000	161.000000	179.000000	1.000000	1.000000	645.000000	1048.000000	1.000000	1.000000	1.000000
457.000000	771.000000	645.000000	1536.000000	1.000000	1.000000	151.000000	1.000000	158.000000	618.000000	730.000000	668.000000	755.000000	589.000000	74.000000	1.000000	143.000000	303.000000	1.000000	1.000000	1.000000
969.000000	849.000000	502.000000	648.000000	1.000000	1.000000	1.000000	1.000000	183.000000	688.000000	688.000000	375.000000	397.000000	519.000000	404.000000	155.000000	475.000000	325.000000	1.000000	319.000000	1.000000
849.000000	502.000000	731.000000	1.000000	1.000000	1.000000	1.000000	1.000000	1.000000	1.000000	1.000000	1.000000	1.000000	498.000000	1.000000	145.000000	290.000000	153.000000	1.000000	466.000000	241.000000
561.000000	268.000000	846.000000	823.000000	1.000000	1.000000	1.000000	1.000000	1.000000	1.000000	1.000000	1.000000	1.000000	1.000000	1.000000	1.000000	1.000000	1.000000	1.000000	417.000000	265.000000
1.000000	1.000000	761.000000	1.000000	1.000000	1.000000	748.000000	1.000000	1.000000	491.000000	678.000000	1075.000000	1.000000	1.000000	1.000000	1.000000	349.000000	461.000000	695.000000	281.000000	1.000000
1.000000	155.000000	1.000000	1.000000	1.000000	384.000000	671.000000	245.000000	2273.000000	1922.000000	1373.000000	1166.000000	1.000000	1.000000	467.000000	349.000000	925.000000	1694.000000	1102.000000	497.000000	1.000000
169.000000	167.000000	196.000000	1.000000	1108.000000	159.000000	375.000000	1266.000000	2705.000000	386.000000	810.000000	355.000000	345.000000	1415.000000	1013.000000	991.000000	1348.000000	1345.000000	497.000000	1.000000	1.000000
411.000000	413.000000	598.000000	469.000000	1148.000000	410.000000	719.000000	400.000000	421.000000	1.000000	1.000000	193.000000	543.000000	301.000000	862.000000	697.000000	611.000000	655.000000	753.000000	750.000000	242.000000
963.000000	80.000000	488.000000	685.000000	794.000000	1.000000	1.000000	1.000000	1.000000	589.000000	318.000000	302.000000	1.000000	301.000000	210.000000	1.000000	560.000000	743.000000	753.000000	1.000000	150.000000
266.000000	1.000000	367.000000	661.000000	1.000000	1.000000	1.000000	1.000000	1056.000000	309.000000	199.000000	1.000000	1.000000	1.000000	357.000000	1.000000	151.000000	1.000000	1.000000	1.000000	161.000000
1.000000	367.000000	1.000000	525.000000	1.000000	1.000000	475.000000	926.000000	1.000000	1.000000	1.000000	1.000000	1.000000	421.000000	1.000000	1.000000	1.000000	1.000000	1.000000	1.000000	807.000000
1.000000	325.000000	221.000000	1.000000	1.000000	1.000000	551.000000	467.000000	1.000000	1.000000	1.000000	871.000000	1512.000000	1597.000000	227.000000	1.000000	1.000000	244.000000	210.000000	586.000000	983.000000
387.000000	1.000000	505.000000	1.000000	1.000000	1.000000	467.000000	1.000000	1.000000	1.000000	1993.000000	1901.000000	889.000000	227.000000	1.000000	1.000000	808.000000	882.000000	653.000000	1144.000000	955.000000
1.000000	1.000000	1.000000	1.000000	160.000000	309.000000	1.000000	1.000000	159.000000	677.000000	399.000000	507.000000	1.000000	1.000000	848.000000	1376.000000	1205.000000	640.000000	548.000000	854.000000	235.000000
193.000000	1.000000	1.000000	1.000000	309.000000	1.000000	1.000000	1.000000	195.000000	1113.000000	1.000000	509.000000	808.000000	1423.000000	1962.000000	1407.000000	269.000000	1.000000	218.000000	1.000000	139.000000
625.000000	135.000000	78.000000	1.000000	1.000000	1.000000	646.000000	541.000000	303.000000	1.000000	553.000000	884.000000	1167.000000	1590.000000	1371.000000	1.000000	1.000000	143.000000	1.000000	181.000000	448.000000
683.000000	1.000000	80.000000	1.000000	1.000000	377.000000	1.000000	131.000000	1.000000	317.000000	1051.000000	967.000000	955.000000	863.000000	589.000000	1.000000	863.000000	1.000000	1.000000	398.000000	423.000000
183.000000	1.000000	1.000000	143.000000	1.000000	1.000000	644.000000	252.000000	255.000000	363.000000	289.000000	289.000000	577.000000	651.000000	693.000000	695.000000	1170.000000	335.000000	523.000000	787.000000	633.000000
1.000000	1.000000	337.000000	1.000000	1.000000	781.000000	946.000000	285.000000	681.000000	1.000000	1.000000	1.000000	640.000000	907.000000	251.000000	1291.000000	960.000000	974.000000	791.000000	744.000000	421.000000
1.000000	1.000000	175.000000	321.000000	981.000000	503.000000	255.000000	917.000000	1.000000	213.000000	148.000000	469.000000	440.000000	225.000000	998.000000	1058.000000	1141.000000	751.000000	199.000000	1.000000	131.000000
1.000000	1.000000	161.000000	475.000000	1.000000	443.000000	929.000000	477.000000	1.000000	1.000000	1.000000	1.000000	1.000000	129.000000	729.000000	991.000000	307.000000	1.000000	1.000000	1.000000	345.000000
1.000000	1.000000	1.000000	177.000000	443.000000	487.000000	1.000000	1.000000	1.000000	1.000000	1.000000	135.000000	135.000000	213.000000	231.000000	1.000000	1.000000	1.000000	1.000000	1.000000	1.000000
