21 25 0
138.000000	1.000000	1.000000	1.000000	1.000000	189.000000	475.000000	797.000000	217.000000	589.000000	583.000000	1572.000000	1533.000000	1045.000000	1203.000000	1535.000000	681.000000	781.000000	786.000000	579.000000	522.000000
162.000000	155.000000	1.000000	1.000000	1.000000	307.000000	437.000000	705.000000	725.000000	277.000000	303.000000	1020.000000	853.000000	942.000000	1547.000000	1872.000000	1290.000000	603.000000	939.000000	1031.000000	400.000000
1.000000	1.000000	389.000000	801.000000	431.000000	556.000000	800.000000	474.000000	1.000000	1.000000	1.000000	1.000000	1.000000	1.000000	1.000000	1145.000000	1990.000000	1343.000000	841.000000	987.000000	601.000000
185.000000	1.000000	1.000000	1.000000	183.000000	183.000000	246.000000	1.000000	1.000000	1.000000	1.000000	1.000000	1.000000	1.000000	1.000000	1.000000	1381.000000	1851.000000	957.000000	449.000000	742.000000
275.000000	1.000000	1.000000	1.000000	145.000000	323.000000	133.000000	292.000000	465.000000	1.000000	1.000000	1.000000	432.000000	431.000000	225.000000	151.000000	249.000000	1655.000000	1327.000000	833.000000	655.000000
1.000000	1.000000	1.000000	1.000000	131.000000	413.000000	1.000000	519.000000	841.000000	137.000000	131.000000	131.000000	1.000000	133.000000	127.000000	130.000000	1.000000	981.000000	1596.000000	1293.000000	461.000000
261.000000	1.000000	1.000000	1.000000	1.000000	1.000000	125.000000	125.000000	350.000000	279.000000	1.000000	1.000000	1.000000	1.000000	1.000000	1.000000	211.000000	601.000000	1253.000000	1193.000000	391.000000
185.000000	163.000000	1.000000	1.000000	867.000000	499.000000	1.000000	1.000000	1.000000	1.000000	401.000000	185.000000	503.000000	471.000000	1.000000	1.000000	1.000000	505.000000	911.000000	666.000000	777.000000
158.000000	463.000000	1.000000	1.000000	477.000000	785.000000	1.000000	1.000000	1.000000	1.000000	1209.000000	1725.000000	399.000000	505.000000	193.000000	1.000000	209.000000	1.000000	1194.000000	1253.000000	787.000000
1.000000	1.000000	155.000000	355.000000	473.000000	353.000000	1347.000000	429.000000	1.000000	1.000000	819.000000	2779.000000	2447.000000	445.000000	1.000000	157.000000	511.000000	209.000000	457.000000	1213.000000	731.000000
375.000000	1.000000	169.000000	962.000000	788.000000	399.000000	1450.000000	1871.000000	397.000000	1.000000	1.000000	1635.000000	3056.000000	1941.000000	1023.000000	469.000000	315.000000	209.000000	477.000000	1501.000000	2292.000000
1121.000000	443.000000	1.000000	300.000000	942.000000	489.000000	161.000000	353.000000	419.000000	1.000000	1.000000	1.000000	839.000000	1244.000000	491.000000	1.000000	1.000000	1.000000	1.000000	483.000000	858.000000
327.000000	395.000000	1.000000	1.000000	1.000000	189.000000	1.000000	1.000000	250.000000	1.000000	1.000000	1.000000	1.000000	1.000000	1.000000	1.000000	1.000000	1.000000	1.000000	1.000000	413.000000
1.000000	327.000000	1.000000	1.000000	277.000000	183.000000	171.000000	607.000000	720.000000	219.000000	283.000000	1091.000000	363.000000	175.000000	277.000000	647.000000	662.000000	1.000000	1.000000	294.000000	789.000000
1.000000	659.000000	306.000000	131.000000	291.000000	293.000000	355.000000	443.000000	1839.000000	1145.000000	209.000000	685.000000	333.000000	431.000000	1.000000	443.000000	917.000000	476.000000	1.000000	283.000000	1384.000000
1.000000	589.000000	898.000000	146.000000	131.000000	303.000000	1.000000	1.000000	1.000000	1.000000	1.000000	1.000000	1.000000	1.000000	1.000000	173.000000	1.000000	393.000000	1.000000	1.000000	1.000000
157.000000	1.000000	435.000000	161.000000	293.000000	941.000000	1.000000	1.000000	1.000000	1.000000	1.000000	1.000000	1.000000	1663.000000	381.000000	396.000000	149.000000	381.000000	339.000000	157.000000	499.000000
157.000000	157.000000	1.000000	1.000000	403.000000	1878.000000	1402.000000	864.000000	409.000000	781.000000	427.000000	234.000000	733.000000	593.000000	2285.000000	748.000000	552.000000	361.000000	971.000000	1003.000000	724.000000
838.000000	786.000000	1.000000	1.000000	495.000000	543.000000	313.000000	1190.000000	475.000000	853.000000	1183.000000	1201.000000	408.000000	612.000000	691.000000	761.000000	197.000000	1.000000	361.000000	997.000000	1007.000000
294.000000	1128.000000	578.000000	1.000000	209.000000	499.000000	155.000000	1.000000	163.000000	207.000000	213.000000	1.000000	776.000000	439.000000	199.000000	305.000000	1.000000	1.000000	473.000000	1.000000	1205.000000
292.000000	289.000000	506.000000	155.000000	1.000000	161.000000	1.000000	1.000000	1.000000	239.000000	1.000000	1.000000	1.000000	1.000000	433.000000	189.000000	505.000000	399.000000	809.000000	473.000000	375.000000
217.000000	294.000000	297.000000	518.000000	1.000000	1.000000	319.000000	1.000000	1.000000	1.000000	1.000000	1.000000	1.000000	1.000000	1.000000	1.000000	1.000000	599.000000	590.000000	987.000000	1.000000
225.000000	502.000000	1318.000000	1455.000000	171.000000	369.000000	686.000000	657.000000	219.000000	219.000000	173.000000	1.000000	1.000000	1.000000	1.000000	1.000000	247.000000	1.000000	834.000000	1391.000000	452.000000
331.000000	1.000000	1.000000	673.000000	1221.000000	233.000000	1043.000000	561.000000	1003.000000	884.000000	810.000000	197.000000	453.000000	1.000000	177.000000	533.000000	1.000000	185.000000	195.000000	493.000000	856.000000
151.000000	149.000000	1.000000	1.000000	1.000000	1.000000	1.000000	493.000000	445.000000	343.000000	191.000000	241.000000	1.000000	1.000000	1.000000	1.000000	199.000000	1.000000	1.000000	535.000000	1.000000
