21 25 0
1.000000	339.000000	145.000000	593.000000	305.000000	1.000000	419.000000	688.000000	139.000000	1.000000	1.000000	1.000000	1.000000	1.000000	98.000000	785.000000	956.000000	1179.000000	716.000000	697.000000	790.000000
1.000000	215.000000	340.000000	193.000000	227.000000	1.000000	1.000000	1.000000	1.000000	1.000000	1.000000	1.000000	1.000000	1.000000	1.000000	1.000000	493.000000	923.000000	1047.000000	675.000000	313.000000
158.000000	1.000000	1.000000	1.000000	1.000000	1.000000	1.000000	1.000000	159.000000	147.000000	175.000000	193.000000	187.000000	137.000000	593.000000	365.000000	153.000000	813.000000	1336.000000	435.000000	944.000000
127.000000	1.000000	1.000000	347.000000	1.000000	143.000000	187.000000	1.000000	157.000000	159.000000	1.000000	1.000000	131.000000	546.000000	885.000000	748.000000	153.000000	237.000000	1407.000000	1123.000000	689.000000
1.000000	1.000000	929.000000	1.000000	347.000000	131.000000	272.000000	1.000000	1.000000	157.000000	1.000000	1.000000	1.000000	1.000000	517.000000	699.000000	267.000000	139.000000	667.000000	697.000000	405.000000
126.000000	237.000000	960.000000	1.000000	1.000000	1.000000	1.000000	1.000000	289.000000	1.000000	1.000000	1.000000	1.000000	1.000000	1.000000	1.000000	600.000000	122.000000	429.000000	473.000000	288.000000
1.000000	661.000000	981.000000	295.000000	1.000000	1.000000	1183.000000	279.000000	1.000000	1.000000	260.000000	337.000000	456.000000	736.000000	1047.000000	1302.000000	1214.000000	835.000000	371.000000	637.000000	151.000000
165.000000	796.000000	1180.000000	614.000000	1.000000	1.000000	853.000000	917.000000	904.000000	263.000000	1.000000	403.000000	966.000000	1040.000000	1577.000000	2121.000000	2224.000000	1512.000000	709.000000	405.000000	497.000000
455.000000	291.000000	781.000000	507.000000	453.000000	1.000000	383.000000	1828.000000	2103.000000	466.000000	199.000000	1.000000	411.000000	213.000000	447.000000	211.000000	1209.000000	1689.000000	1552.000000	405.000000	471.000000
489.000000	1029.000000	393.000000	1.000000	1.000000	1.000000	1.000000	319.000000	951.000000	1553.000000	265.000000	1.000000	1.000000	399.000000	1.000000	1.000000	335.000000	1.000000	919.000000	281.000000	1.000000
1.000000	1016.000000	379.000000	1.000000	1.000000	1.000000	1.000000	1.000000	1.000000	879.000000	815.000000	1.000000	1.000000	1.000000	169.000000	1.000000	1.000000	313.000000	1.000000	567.000000	271.000000
1.000000	961.000000	604.000000	1.000000	1.000000	1.000000	1.000000	1.000000	217.000000	1414.000000	2055.000000	2490.000000	443.000000	1.000000	235.000000	1.000000	153.000000	711.000000	681.000000	315.000000	159.000000
1.000000	465.000000	963.000000	679.000000	293.000000	1.000000	1.000000	1.000000	341.000000	351.000000	1483.000000	1571.000000	2528.000000	698.000000	557.000000	279.000000	1.000000	253.000000	954.000000	595.000000	955.000000
550.000000	347.000000	495.000000	413.000000	477.000000	567.000000	213.000000	1.000000	1.000000	1.000000	1.000000	205.000000	397.000000	1.000000	1.000000	149.000000	1.000000	263.000000	1.000000	1.000000	183.000000
1073.000000	1.000000	797.000000	1.000000	399.000000	231.000000	1.000000	1.000000	1.000000	223.000000	407.000000	267.000000	254.000000	1.000000	1.000000	173.000000	1.000000	1.000000	1.000000	335.000000	1.000000
812.000000	811.000000	1.000000	759.000000	160.000000	1.000000	1174.000000	1423.000000	1.000000	1.000000	415.000000	1370.000000	1931.000000	1141.000000	1.000000	527.000000	454.000000	1.000000	387.000000	1113.000000	1255.000000
1372.000000	895.000000	929.000000	527.000000	1.000000	1.000000	1.000000	451.000000	685.000000	1.000000	285.000000	285.000000	363.000000	471.000000	453.000000	896.000000	881.000000	275.000000	1.000000	1.000000	1925.000000
205.000000	1060.000000	1615.000000	928.000000	169.000000	1.000000	1.000000	435.000000	1.000000	1.000000	1.000000	161.000000	309.000000	1.000000	157.000000	229.000000	821.000000	198.000000	1.000000	1.000000	1.000000
1.000000	1.000000	1912.000000	2229.000000	667.000000	207.000000	1.000000	1.000000	1.000000	1.000000	1.000000	1.000000	1.000000	1.000000	1.000000	185.000000	177.000000	173.000000	1.000000	1.000000	1.000000
1.000000	1.000000	1.000000	1977.000000	1601.000000	157.000000	540.000000	708.000000	1.000000	1.000000	1.000000	1.000000	1.000000	1.000000	1.000000	169.000000	157.000000	872.000000	225.000000	1.000000	1.000000
1.000000	1.000000	1.000000	1421.000000	1440.000000	285.000000	603.000000	730.000000	942.000000	105.000000	413.000000	1255.000000	1247.000000	489.000000	267.000000	152.000000	358.000000	171.000000	231.000000	279.000000	431.000000
1.000000	1.000000	1.000000	773.000000	1182.000000	395.000000	1.000000	698.000000	1125.000000	1141.000000	381.000000	785.000000	1652.000000	1413.000000	850.000000	1.000000	204.000000	391.000000	1.000000	165.000000	287.000000
1.000000	1.000000	1.000000	405.000000	1237.000000	1368.000000	163.000000	395.000000	567.000000	395.000000	397.000000	235.000000	443.000000	683.000000	609.000000	1.000000	668.000000	1.000000	1.000000	1.000000	193.000000
1.000000	1.000000	1.000000	1.000000	635.000000	396.000000	813.000000	1.000000	167.000000	1.000000	157.000000	1.000000	235.000000	243.000000	163.000000	251.000000	1.000000	361.000000	1.000000	1.000000	1.000000
1.000000	1.000000	1.000000	1.000000	1.000000	487.000000	1.000000	1.000000	1.000000	1.000000	1.000000	1.000000	1.000000	1.000000	237.000000	1.000000	1.000000	1.000000	1.000000	1.000000	1.000000
