21 25 0
196.000000	301.000000	547.000000	1134.000000	540.000000	671.000000	123.000000	209.000000	119.000000	1.000000	1.000000	275.000000	1.000000	292.000000	1.000000	347.000000	1.000000	1.000000	147.000000	565.000000	403.000000
240.000000	481.000000	938.000000	506.000000	322.000000	1.000000	1.000000	301.000000	203.000000	1.000000	1.000000	1.000000	1.000000	293.000000	1.000000	537.000000	705.000000	429.000000	429.000000	1077.000000	241.000000
249.000000	780.000000	629.000000	163.000000	1.000000	1.000000	1.000000	335.000000	393.000000	1.000000	1.000000	161.000000	135.000000	293.000000	1.000000	439.000000	1611.000000	1299.000000	855.000000	1317.000000	1401.000000
541.000000	700.000000	349.000000	149.000000	1.000000	789.000000	413.000000	724.000000	290.000000	1.000000	163.000000	151.000000	307.000000	1.000000	1.000000	1.000000	1375.000000	1478.000000	1179.000000	1015.000000	1406.000000
1263.000000	805.000000	1.000000	149.000000	396.000000	819.000000	179.000000	653.000000	291.000000	125.000000	491.000000	1.000000	289.000000	1.000000	1.000000	1.000000	596.000000	1359.000000	1119.000000	1011.000000	653.000000
560.000000	707.000000	1.000000	129.000000	1026.000000	923.000000	1.000000	1.000000	1.000000	125.000000	1.000000	1.000000	1.000000	1.000000	1.000000	1.000000	239.000000	1067.000000	1723.000000	1433.000000	465.000000
517.000000	623.000000	1.000000	1.000000	1235.000000	323.000000	1.000000	1.000000	580.000000	408.000000	1.000000	171.000000	1.000000	799.000000	1.000000	1.000000	1.000000	489.000000	1444.000000	1445.000000	1203.000000
745.000000	499.000000	1.000000	415.000000	2216.000000	1180.000000	313.000000	1.000000	387.000000	1.000000	249.000000	1.000000	337.000000	1381.000000	311.000000	1.000000	1.000000	475.000000	1855.000000	1965.000000	1156.000000
510.000000	1.000000	1.000000	959.000000	2171.000000	1660.000000	1131.000000	431.000000	257.000000	1.000000	561.000000	2237.000000	1424.000000	1001.000000	1.000000	1.000000	1.000000	367.000000	1649.000000	1517.000000	1184.000000
317.000000	1.000000	463.000000	1437.000000	1391.000000	1005.000000	625.000000	295.000000	1.000000	1.000000	311.000000	2592.000000	2079.000000	895.000000	1.000000	1.000000	1.000000	1.000000	1489.000000	1515.000000	1319.000000
994.000000	1.000000	701.000000	1544.000000	932.000000	135.000000	385.000000	1.000000	1.000000	1.000000	1.000000	907.000000	2553.000000	449.000000	1.000000	1.000000	1.000000	177.000000	860.000000	1203.000000	1180.000000
1129.000000	1.000000	243.000000	1434.000000	613.000000	1.000000	1.000000	1.000000	310.000000	1.000000	1.000000	361.000000	761.000000	929.000000	716.000000	1.000000	1.000000	329.000000	1.000000	604.000000	1414.000000
1.000000	607.000000	1.000000	990.000000	389.000000	761.000000	1.000000	199.000000	858.000000	1.000000	1.000000	269.000000	339.000000	299.000000	243.000000	1.000000	280.000000	331.000000	1.000000	341.000000	1147.000000
1.000000	619.000000	614.000000	131.000000	473.000000	377.000000	1.000000	769.000000	1881.000000	1.000000	241.000000	1.000000	1.000000	177.000000	123.000000	385.000000	497.000000	259.000000	1.000000	219.000000	1116.000000
1.000000	391.000000	676.000000	131.000000	617.000000	317.000000	1.000000	363.000000	723.000000	1.000000	1.000000	1.000000	1.000000	259.000000	695.000000	179.000000	507.000000	511.000000	1.000000	285.000000	1530.000000
139.000000	403.000000	643.000000	369.000000	707.000000	643.000000	1.000000	1.000000	373.000000	1.000000	1.000000	1.000000	1.000000	871.000000	697.000000	253.000000	169.000000	581.000000	163.000000	473.000000	1000.000000
231.000000	351.000000	455.000000	1.000000	307.000000	1800.000000	784.000000	211.000000	375.000000	315.000000	565.000000	1.000000	1.000000	437.000000	385.000000	339.000000	185.000000	573.000000	539.000000	719.000000	1208.000000
151.000000	263.000000	375.000000	1.000000	655.000000	1400.000000	614.000000	247.000000	209.000000	673.000000	263.000000	1.000000	199.000000	269.000000	737.000000	339.000000	185.000000	571.000000	1317.000000	2213.000000	1540.000000
286.000000	1318.000000	793.000000	1.000000	635.000000	1265.000000	543.000000	394.000000	645.000000	573.000000	1.000000	1.000000	1.000000	423.000000	833.000000	332.000000	199.000000	573.000000	1393.000000	2402.000000	1307.000000
426.000000	1376.000000	1548.000000	1.000000	851.000000	1208.000000	157.000000	1.000000	147.000000	165.000000	1.000000	1.000000	1.000000	589.000000	809.000000	666.000000	203.000000	697.000000	1181.000000	1707.000000	895.000000
272.000000	682.000000	567.000000	1.000000	1.000000	671.000000	431.000000	1.000000	147.000000	1.000000	1.000000	1.000000	1.000000	143.000000	847.000000	895.000000	317.000000	709.000000	1563.000000	1451.000000	683.000000
617.000000	720.000000	859.000000	349.000000	1.000000	1043.000000	1105.000000	261.000000	157.000000	161.000000	486.000000	186.000000	1.000000	1.000000	435.000000	1.000000	583.000000	1085.000000	1607.000000	1433.000000	585.000000
505.000000	490.000000	893.000000	1194.000000	597.000000	779.000000	1390.000000	742.000000	403.000000	235.000000	173.000000	513.000000	228.000000	1.000000	1.000000	1.000000	643.000000	291.000000	1635.000000	1961.000000	732.000000
375.000000	613.000000	837.000000	1929.000000	999.000000	461.000000	1553.000000	715.000000	406.000000	658.000000	309.000000	236.000000	407.000000	145.000000	1.000000	211.000000	461.000000	283.000000	1479.000000	1843.000000	996.000000
1.000000	307.000000	1.000000	485.000000	1.000000	1.000000	863.000000	1.000000	387.000000	317.000000	1.000000	1.000000	1.000000	139.000000	1.000000	1.000000	1.000000	1.000000	357.000000	883.000000	1.000000
