21 25 0
1.000000	331.000000	918.000000	1329.000000	1158.000000	564.000000	585.000000	591.000000	279.000000	1.000000	1.000000	1.000000	1.000000	123.000000	1.000000	1.000000	1.000000	207.000000	1.000000	1.000000	1.000000
1.000000	519.000000	1266.000000	1489.000000	227.000000	185.000000	193.000000	209.000000	1.000000	1.000000	1.000000	1.000000	1.000000	1.000000	1.000000	1.000000	1.000000	1.000000	1.000000	1.000000	1.000000
445.000000	1165.000000	1292.000000	385.000000	1.000000	1.000000	285.000000	525.000000	397.000000	197.000000	1.000000	1.000000	159.000000	1.000000	1.000000	145.000000	1.000000	281.000000	1.000000	1.000000	1009.000000
306.000000	891.000000	285.000000	139.000000	515.000000	329.000000	533.000000	866.000000	357.000000	1.000000	185.000000	281.000000	285.000000	1.000000	1.000000	1.000000	283.000000	1.000000	483.000000	686.000000	235.000000
502.000000	211.000000	1.000000	141.000000	333.000000	1213.000000	808.000000	175.000000	121.000000	135.000000	133.000000	1.000000	1.000000	1.000000	1.000000	433.000000	457.000000	1.000000	1.000000	1.000000	1.000000
171.000000	1.000000	1.000000	304.000000	585.000000	131.000000	1.000000	1.000000	1.000000	1.000000	134.000000	169.000000	195.000000	215.000000	435.000000	1.000000	1.000000	1.000000	1.000000	457.000000	139.000000
667.000000	139.000000	1.000000	1.000000	283.000000	323.000000	1.000000	1.000000	555.000000	1024.000000	443.000000	347.000000	433.000000	1009.000000	1560.000000	503.000000	1.000000	1.000000	1139.000000	573.000000	445.000000
277.000000	139.000000	1.000000	159.000000	989.000000	2271.000000	1664.000000	1649.000000	1212.000000	523.000000	1.000000	620.000000	1552.000000	2234.000000	743.000000	381.000000	441.000000	361.000000	1325.000000	445.000000	994.000000
217.000000	1.000000	1.000000	942.000000	2950.000000	1916.000000	1311.000000	456.000000	1.000000	1.000000	1.000000	549.000000	1510.000000	883.000000	1.000000	255.000000	273.000000	475.000000	1.000000	1.000000	605.000000
1.000000	1.000000	1.000000	1363.000000	1296.000000	1.000000	1.000000	1.000000	1.000000	1.000000	1.000000	909.000000	999.000000	1.000000	1.000000	1.000000	1.000000	1.000000	1.000000	1.000000	513.000000
158.000000	1.000000	225.000000	667.000000	1.000000	1.000000	1.000000	1.000000	1.000000	1.000000	1.000000	1.000000	1.000000	1.000000	1.000000	1.000000	1.000000	1.000000	1.000000	513.000000	251.000000
363.000000	1.000000	1.000000	1.000000	243.000000	189.000000	217.000000	1.000000	1.000000	1.000000	165.000000	271.000000	797.000000	1.000000	1.000000	129.000000	185.000000	229.000000	373.000000	1.000000	1155.000000
1.000000	843.000000	309.000000	380.000000	521.000000	867.000000	159.000000	127.000000	1952.000000	1945.000000	855.000000	2389.000000	1327.000000	149.000000	245.000000	173.000000	419.000000	783.000000	1.000000	441.000000	509.000000
1.000000	301.000000	1143.000000	67.000000	351.000000	1.000000	177.000000	1116.000000	1362.000000	1.000000	1.000000	1.000000	1.000000	1.000000	1.000000	1.000000	1.000000	1.000000	1.000000	1.000000	1.000000
1.000000	163.000000	237.000000	1.000000	1.000000	1.000000	1.000000	139.000000	1.000000	1.000000	1.000000	1.000000	1.000000	1.000000	561.000000	596.000000	1.000000	1.000000	1.000000	1.000000	893.000000
1.000000	1.000000	1.000000	1.000000	1.000000	125.000000	739.000000	655.000000	868.000000	1004.000000	1359.000000	813.000000	335.000000	2543.000000	2714.000000	799.000000	1.000000	1.000000	1.000000	941.000000	979.000000
1.000000	543.000000	341.000000	1.000000	1.000000	1179.000000	1569.000000	687.000000	521.000000	300.000000	185.000000	1.000000	1.000000	735.000000	1.000000	1.000000	1.000000	1.000000	537.000000	539.000000	907.000000
1.000000	351.000000	982.000000	395.000000	185.000000	389.000000	231.000000	295.000000	1.000000	315.000000	1.000000	1.000000	1.000000	1.000000	1.000000	1.000000	1.000000	205.000000	787.000000	1125.000000	1439.000000
1.000000	477.000000	396.000000	1.000000	1.000000	1.000000	1.000000	1.000000	663.000000	209.000000	1.000000	1.000000	1.000000	1.000000	1.000000	1.000000	183.000000	793.000000	1001.000000	1245.000000	845.000000
281.000000	1.000000	1.000000	1.000000	1.000000	1.000000	253.000000	147.000000	1.000000	1.000000	1.000000	1.000000	1.000000	1.000000	453.000000	381.000000	201.000000	807.000000	859.000000	1883.000000	297.000000
1.000000	433.000000	1.000000	461.000000	418.000000	1.000000	321.000000	70.000000	1.000000	730.000000	558.000000	555.000000	621.000000	1653.000000	1255.000000	906.000000	517.000000	761.000000	777.000000	775.000000	341.000000
427.000000	429.000000	138.000000	1.000000	1.000000	313.000000	165.000000	237.000000	1207.000000	982.000000	1400.000000	1343.000000	1614.000000	1434.000000	1327.000000	755.000000	575.000000	697.000000	1.000000	1.000000	419.000000
153.000000	1.000000	1.000000	1.000000	507.000000	1.000000	240.000000	201.000000	351.000000	559.000000	591.000000	956.000000	559.000000	201.000000	671.000000	375.000000	509.000000	1.000000	1331.000000	589.000000	509.000000
1.000000	147.000000	1.000000	489.000000	1.000000	1.000000	1.000000	1.000000	1.000000	1.000000	1.000000	1.000000	1.000000	137.000000	133.000000	1.000000	163.000000	656.000000	354.000000	1407.000000	197.000000
1.000000	1.000000	1.000000	1.000000	1.000000	1.000000	1.000000	1.000000	1.000000	1.000000	1.000000	1.000000	141.000000	1.000000	1.000000	1.000000	1.000000	1.000000	751.000000	319.000000	1.000000
