21 25 0
294.000000	1.000000	1.000000	1.000000	189.000000	267.000000	963.000000	1355.000000	1271.000000	939.000000	1329.000000	1613.000000	1739.000000	1985.000000	1557.000000	1649.000000	801.000000	803.000000	749.000000	307.000000	486.000000
312.000000	1.000000	329.000000	329.000000	1175.000000	1844.000000	2136.000000	2006.000000	1905.000000	2113.000000	2161.000000	2069.000000	2229.000000	2294.000000	2408.000000	2172.000000	1160.000000	727.000000	757.000000	561.000000	1.000000
1.000000	1.000000	391.000000	1031.000000	1791.000000	1037.000000	1115.000000	1022.000000	1138.000000	1041.000000	693.000000	582.000000	312.000000	263.000000	442.000000	1400.000000	1119.000000	549.000000	765.000000	491.000000	1.000000
1.000000	1.000000	520.000000	842.000000	776.000000	370.000000	369.000000	327.000000	151.000000	191.000000	383.000000	211.000000	211.000000	211.000000	387.000000	433.000000	1068.000000	578.000000	299.000000	1.000000	369.000000
275.000000	263.000000	297.000000	503.000000	161.000000	133.000000	357.000000	375.000000	806.000000	633.000000	484.000000	594.000000	635.000000	940.000000	783.000000	437.000000	151.000000	287.000000	687.000000	433.000000	1.000000
1.000000	325.000000	325.000000	1.000000	439.000000	1052.000000	1438.000000	1680.000000	931.000000	749.000000	411.000000	497.000000	1130.000000	1778.000000	1259.000000	605.000000	406.000000	827.000000	877.000000	467.000000	1.000000
411.000000	411.000000	195.000000	355.000000	948.000000	1114.000000	1368.000000	1052.000000	577.000000	383.000000	419.000000	1.000000	213.000000	213.000000	253.000000	501.000000	477.000000	355.000000	1.000000	1.000000	1.000000
1.000000	263.000000	1.000000	1.000000	487.000000	451.000000	1.000000	1.000000	1.000000	1.000000	1.000000	1.000000	473.000000	213.000000	213.000000	213.000000	1.000000	1.000000	1.000000	1.000000	1.000000
1.000000	463.000000	1.000000	1.000000	1.000000	1.000000	503.000000	1.000000	1.000000	559.000000	1538.000000	634.000000	1.000000	475.000000	661.000000	1.000000	1.000000	1.000000	473.000000	471.000000	1.000000
1.000000	1.000000	439.000000	437.000000	341.000000	719.000000	1161.000000	1591.000000	784.000000	434.000000	1092.000000	1779.000000	2250.000000	1650.000000	465.000000	1218.000000	2188.000000	1918.000000	789.000000	255.000000	1.000000
377.000000	247.000000	397.000000	819.000000	1769.000000	1653.000000	1976.000000	2821.000000	1864.000000	1310.000000	577.000000	2129.000000	3386.000000	3299.000000	2446.000000	1806.000000	1197.000000	787.000000	740.000000	1998.000000	1308.000000
1239.000000	1345.000000	797.000000	695.000000	1485.000000	1182.000000	710.000000	1125.000000	1135.000000	1.000000	1.000000	1.000000	1.000000	599.000000	317.000000	1.000000	1.000000	1.000000	1.000000	485.000000	783.000000
329.000000	1164.000000	441.000000	1.000000	1.000000	137.000000	1.000000	1.000000	1.000000	1.000000	1.000000	1.000000	1.000000	1.000000	1.000000	1.000000	181.000000	181.000000	1.000000	1.000000	1.000000
345.000000	345.000000	1.000000	1.000000	1.000000	157.000000	201.000000	587.000000	531.000000	1458.000000	1575.000000	2545.000000	2792.000000	1767.000000	1594.000000	1301.000000	768.000000	560.000000	404.000000	365.000000	333.000000
1.000000	355.000000	521.000000	505.000000	985.000000	816.000000	694.000000	1819.000000	1970.000000	2106.000000	1561.000000	1806.000000	2182.000000	2111.000000	873.000000	658.000000	531.000000	616.000000	617.000000	978.000000	1459.000000
1.000000	667.000000	1291.000000	156.000000	1.000000	1.000000	1.000000	1.000000	1.000000	1.000000	1.000000	1.000000	1.000000	1.000000	1.000000	1.000000	1.000000	1.000000	1.000000	1.000000	651.000000
1.000000	1.000000	411.000000	166.000000	1.000000	1.000000	1.000000	317.000000	245.000000	245.000000	291.000000	593.000000	305.000000	707.000000	750.000000	750.000000	1.000000	1.000000	1.000000	331.000000	141.000000
153.000000	1.000000	1.000000	1.000000	1.000000	908.000000	2318.000000	2383.000000	1919.000000	1581.000000	1537.000000	1345.000000	1682.000000	2465.000000	2785.000000	1248.000000	397.000000	1.000000	169.000000	169.000000	125.000000
411.000000	135.000000	1.000000	1.000000	1.000000	273.000000	818.000000	1065.000000	649.000000	679.000000	1201.000000	1427.000000	1140.000000	579.000000	1.000000	1.000000	164.000000	164.000000	159.000000	1.000000	1.000000
611.000000	433.000000	143.000000	1.000000	1.000000	1.000000	1.000000	1.000000	531.000000	1693.000000	1750.000000	1550.000000	1244.000000	950.000000	534.000000	177.000000	167.000000	169.000000	1.000000	1.000000	137.000000
1.000000	1.000000	1.000000	1.000000	1.000000	1.000000	1.000000	1.000000	1.000000	165.000000	207.000000	1.000000	1.000000	1.000000	371.000000	373.000000	1.000000	1.000000	503.000000	503.000000	1.000000
436.000000	294.000000	305.000000	1.000000	1.000000	1.000000	1.000000	1.000000	1.000000	1.000000	1.000000	1.000000	1.000000	1.000000	1.000000	1.000000	1.000000	833.000000	1020.000000	144.000000	295.000000
1.000000	281.000000	695.000000	171.000000	161.000000	1.000000	335.000000	665.000000	692.000000	375.000000	391.000000	233.000000	177.000000	347.000000	563.000000	417.000000	508.000000	593.000000	517.000000	195.000000	529.000000
301.000000	467.000000	389.000000	155.000000	177.000000	221.000000	255.000000	818.000000	1078.000000	257.000000	1.000000	245.000000	797.000000	1192.000000	731.000000	481.000000	475.000000	381.000000	1.000000	171.000000	203.000000
1.000000	151.000000	1.000000	1.000000	1.000000	1.000000	1.000000	467.000000	231.000000	1.000000	243.000000	259.000000	1.000000	1.000000	157.000000	575.000000	1.000000	1.000000	1.000000	1.000000	227.000000
