21 25 0
1.000000	393.000000	1153.000000	1631.000000	1330.000000	659.000000	736.000000	851.000000	834.000000	663.000000	123.000000	123.000000	165.000000	222.000000	434.000000	841.000000	1138.000000	898.000000	582.000000	1.000000	624.000000
1.000000	215.000000	1542.000000	951.000000	434.000000	221.000000	191.000000	1.000000	1.000000	1.000000	1.000000	1.000000	1.000000	159.000000	229.000000	131.000000	1.000000	334.000000	253.000000	561.000000	301.000000
149.000000	776.000000	732.000000	1.000000	1.000000	1.000000	557.000000	967.000000	699.000000	607.000000	1069.000000	1135.000000	1583.000000	907.000000	965.000000	1013.000000	369.000000	301.000000	151.000000	1.000000	1.000000
250.000000	383.000000	1.000000	139.000000	145.000000	695.000000	1031.000000	1124.000000	535.000000	1057.000000	1347.000000	1332.000000	985.000000	623.000000	776.000000	903.000000	301.000000	1.000000	1.000000	253.000000	251.000000
255.000000	253.000000	1.000000	1.000000	252.000000	1108.000000	1466.000000	1097.000000	179.000000	183.000000	435.000000	147.000000	1.000000	1.000000	311.000000	629.000000	609.000000	185.000000	1.000000	1.000000	1.000000
1.000000	1.000000	1.000000	241.000000	497.000000	248.000000	123.000000	151.000000	151.000000	167.000000	167.000000	203.000000	371.000000	373.000000	561.000000	645.000000	175.000000	155.000000	341.000000	247.000000	1.000000
245.000000	1.000000	1.000000	1.000000	1.000000	861.000000	1207.000000	979.000000	945.000000	517.000000	781.000000	901.000000	1066.000000	2438.000000	2564.000000	1976.000000	1183.000000	823.000000	1.000000	189.000000	1.000000
166.000000	217.000000	1.000000	1.000000	835.000000	2046.000000	2613.000000	2529.000000	1833.000000	959.000000	944.000000	1167.000000	1937.000000	2069.000000	2206.000000	2102.000000	2474.000000	2438.000000	343.000000	1.000000	1.000000
352.000000	216.000000	301.000000	1376.000000	1810.000000	1636.000000	1976.000000	2207.000000	1083.000000	407.000000	1.000000	1.000000	1.000000	435.000000	335.000000	255.000000	1038.000000	933.000000	211.000000	1.000000	1.000000
461.000000	461.000000	1.000000	697.000000	679.000000	453.000000	1.000000	1.000000	1.000000	1.000000	1.000000	1.000000	473.000000	1.000000	257.000000	1.000000	1.000000	1.000000	1.000000	1.000000	1.000000
467.000000	467.000000	1.000000	1.000000	1.000000	1.000000	1.000000	1.000000	1.000000	1.000000	1.000000	1.000000	1.000000	1.000000	1.000000	1.000000	1.000000	1.000000	1.000000	1.000000	1.000000
1.000000	1.000000	375.000000	375.000000	1.000000	303.000000	541.000000	237.000000	237.000000	833.000000	2317.000000	3035.000000	1473.000000	272.000000	817.000000	513.000000	1410.000000	1447.000000	617.000000	1.000000	397.000000
1.000000	761.000000	655.000000	572.000000	812.000000	920.000000	229.000000	1148.000000	2352.000000	3005.000000	2885.000000	3199.000000	3246.000000	2398.000000	1287.000000	1056.000000	1124.000000	1111.000000	1235.000000	745.000000	1307.000000
539.000000	287.000000	1034.000000	526.000000	830.000000	270.000000	243.000000	245.000000	281.000000	1.000000	1.000000	1.000000	1.000000	1.000000	1.000000	1.000000	1.000000	1.000000	1.000000	1.000000	149.000000
389.000000	928.000000	167.000000	161.000000	71.000000	1.000000	1.000000	1.000000	1.000000	223.000000	557.000000	597.000000	254.000000	1.000000	1.000000	484.000000	1.000000	1.000000	1.000000	413.000000	413.000000
185.000000	1.000000	1.000000	1.000000	1.000000	399.000000	1647.000000	1931.000000	1945.000000	2311.000000	2316.000000	2474.000000	3047.000000	3251.000000	3185.000000	1999.000000	353.000000	1.000000	389.000000	1429.000000	1752.000000
323.000000	813.000000	1019.000000	199.000000	1.000000	205.000000	1498.000000	2149.000000	1510.000000	709.000000	577.000000	507.000000	781.000000	853.000000	1069.000000	636.000000	139.000000	1.000000	219.000000	399.000000	1923.000000
207.000000	1149.000000	1459.000000	607.000000	1.000000	1.000000	1.000000	1.000000	1.000000	1.000000	1.000000	1.000000	1.000000	1.000000	1.000000	1.000000	1.000000	1.000000	1.000000	1.000000	953.000000
1.000000	336.000000	483.000000	795.000000	1.000000	1.000000	1.000000	321.000000	147.000000	207.000000	341.000000	295.000000	261.000000	337.000000	375.000000	337.000000	1.000000	343.000000	343.000000	1.000000	1.000000
1.000000	1.000000	1.000000	401.000000	74.000000	1.000000	585.000000	263.000000	1.000000	1.000000	1.000000	1.000000	1.000000	1.000000	1.000000	157.000000	141.000000	909.000000	831.000000	427.000000	1.000000
145.000000	1.000000	1.000000	865.000000	849.000000	431.000000	491.000000	596.000000	1176.000000	1019.000000	1002.000000	1815.000000	1823.000000	1431.000000	899.000000	680.000000	459.000000	485.000000	1187.000000	865.000000	141.000000
141.000000	287.000000	1.000000	285.000000	733.000000	713.000000	613.000000	1196.000000	1699.000000	1757.000000	1593.000000	1711.000000	2044.000000	2148.000000	1627.000000	1028.000000	447.000000	359.000000	1.000000	1.000000	333.000000
1.000000	1.000000	1.000000	1.000000	507.000000	1.000000	201.000000	739.000000	699.000000	665.000000	802.000000	795.000000	698.000000	1084.000000	903.000000	577.000000	1.000000	1.000000	1.000000	1.000000	123.000000
1.000000	1.000000	1.000000	1.000000	1.000000	1.000000	1.000000	1.000000	167.000000	311.000000	157.000000	1.000000	237.000000	259.000000	1.000000	1.000000	1.000000	1.000000	153.000000	1.000000	1.000000
1.000000	1.000000	1.000000	1.000000	1.000000	1.000000	1.000000	1.000000	1.000000	1.000000	1.000000	1.000000	1.000000	1.000000	1.000000	1.000000	1.000000	1.000000	1.000000	1.000000	1.000000
