21 25 0
309.000000	894.000000	366.000000	1.000000	1.000000	1.000000	707.000000	819.000000	1.000000	319.000000	327.000000	1.000000	1.000000	353.000000	278.000000	1.000000	205.000000	507.000000	457.000000	299.000000	150.000000
344.000000	1.000000	1.000000	259.000000	437.000000	1.000000	709.000000	1.000000	1.000000	999.000000	479.000000	1.000000	1.000000	353.000000	505.000000	1.000000	1.000000	393.000000	783.000000	775.000000	371.000000
341.000000	1.000000	331.000000	932.000000	1243.000000	305.000000	1.000000	1.000000	155.000000	990.000000	473.000000	1.000000	1.000000	285.000000	333.000000	1.000000	1.000000	413.000000	2130.000000	714.000000	960.000000
1.000000	287.000000	1254.000000	1341.000000	763.000000	1.000000	1.000000	1.000000	349.000000	683.000000	462.000000	161.000000	143.000000	1.000000	591.000000	475.000000	139.000000	499.000000	1727.000000	840.000000	787.000000
1.000000	287.000000	1778.000000	1338.000000	347.000000	1.000000	129.000000	1.000000	340.000000	642.000000	307.000000	1.000000	1.000000	133.000000	578.000000	539.000000	415.000000	749.000000	695.000000	729.000000	945.000000
1.000000	721.000000	1917.000000	1202.000000	1.000000	1.000000	1.000000	1.000000	1.000000	1.000000	1.000000	1.000000	1.000000	1.000000	237.000000	489.000000	1152.000000	620.000000	615.000000	731.000000	895.000000
219.000000	1024.000000	2634.000000	1336.000000	1.000000	1.000000	355.000000	279.000000	1.000000	1.000000	181.000000	259.000000	89.000000	1.000000	1.000000	129.000000	955.000000	1191.000000	901.000000	507.000000	786.000000
219.000000	1148.000000	2188.000000	1147.000000	1.000000	1.000000	273.000000	783.000000	283.000000	261.000000	1.000000	1.000000	1.000000	1.000000	435.000000	491.000000	1351.000000	1642.000000	1281.000000	953.000000	1227.000000
249.000000	1016.000000	1954.000000	1259.000000	1.000000	1.000000	319.000000	647.000000	2297.000000	2119.000000	855.000000	1.000000	1.000000	515.000000	289.000000	291.000000	1209.000000	2022.000000	1394.000000	571.000000	1063.000000
459.000000	1381.000000	1873.000000	441.000000	1.000000	1.000000	1.000000	497.000000	1459.000000	2757.000000	1105.000000	1.000000	1.000000	703.000000	431.000000	1.000000	1207.000000	1199.000000	1297.000000	613.000000	845.000000
249.000000	1677.000000	1692.000000	365.000000	225.000000	153.000000	1.000000	1.000000	947.000000	2388.000000	1287.000000	1.000000	1.000000	1.000000	613.000000	233.000000	477.000000	1002.000000	845.000000	713.000000	339.000000
571.000000	1979.000000	1830.000000	223.000000	247.000000	1.000000	1.000000	232.000000	341.000000	723.000000	1070.000000	463.000000	1.000000	1.000000	383.000000	329.000000	257.000000	375.000000	305.000000	669.000000	339.000000
395.000000	1949.000000	697.000000	467.000000	472.000000	1.000000	491.000000	232.000000	195.000000	619.000000	775.000000	395.000000	443.000000	1.000000	139.000000	329.000000	1.000000	247.000000	563.000000	867.000000	1093.000000
1031.000000	540.000000	479.000000	521.000000	592.000000	211.000000	467.000000	1.000000	197.000000	513.000000	775.000000	375.000000	1106.000000	1.000000	1.000000	145.000000	147.000000	455.000000	666.000000	639.000000	922.000000
1185.000000	336.000000	779.000000	752.000000	484.000000	370.000000	406.000000	1.000000	1.000000	287.000000	333.000000	1.000000	893.000000	1.000000	1.000000	231.000000	153.000000	343.000000	997.000000	447.000000	694.000000
1177.000000	702.000000	1031.000000	1035.000000	853.000000	187.000000	1.000000	365.000000	1.000000	1.000000	1.000000	591.000000	225.000000	1.000000	1.000000	399.000000	676.000000	165.000000	1000.000000	531.000000	416.000000
1045.000000	543.000000	709.000000	1097.000000	410.000000	161.000000	1.000000	819.000000	1.000000	1.000000	1.000000	1.000000	225.000000	1.000000	179.000000	987.000000	1299.000000	203.000000	473.000000	883.000000	317.000000
447.000000	369.000000	1104.000000	1422.000000	655.000000	1.000000	251.000000	1075.000000	1.000000	1.000000	1.000000	169.000000	773.000000	467.000000	229.000000	653.000000	1109.000000	871.000000	890.000000	405.000000	783.000000
1.000000	1.000000	1145.000000	2713.000000	1082.000000	207.000000	251.000000	259.000000	1.000000	1.000000	1.000000	817.000000	537.000000	1.000000	1.000000	161.000000	763.000000	1204.000000	1265.000000	585.000000	637.000000
1.000000	1.000000	445.000000	2786.000000	1700.000000	1.000000	159.000000	217.000000	1.000000	1.000000	147.000000	845.000000	141.000000	1.000000	1.000000	173.000000	375.000000	1057.000000	717.000000	693.000000	837.000000
1.000000	1.000000	1.000000	1407.000000	1435.000000	201.000000	1.000000	310.000000	1.000000	219.000000	141.000000	1.000000	415.000000	157.000000	1.000000	523.000000	403.000000	1160.000000	673.000000	533.000000	1293.000000
1.000000	1.000000	1.000000	1013.000000	1456.000000	839.000000	1.000000	1.000000	217.000000	1.000000	1.000000	1.000000	251.000000	191.000000	1.000000	505.000000	888.000000	1180.000000	673.000000	565.000000	919.000000
70.000000	197.000000	493.000000	423.000000	1499.000000	1606.000000	295.000000	1.000000	1.000000	1.000000	1.000000	1.000000	235.000000	175.000000	389.000000	447.000000	1587.000000	1073.000000	989.000000	281.000000	376.000000
71.000000	447.000000	1025.000000	1.000000	1265.000000	2419.000000	485.000000	1.000000	1.000000	1.000000	1.000000	1.000000	371.000000	427.000000	421.000000	463.000000	923.000000	1446.000000	675.000000	441.000000	483.000000
1.000000	1.000000	315.000000	1.000000	407.000000	781.000000	1.000000	1.000000	1.000000	1.000000	231.000000	1.000000	1.000000	243.000000	399.000000	1.000000	1.000000	819.000000	1.000000	1.000000	565.000000
