21 25 0
705.000000	1134.000000	417.000000	1.000000	1.000000	1.000000	1177.000000	1273.000000	531.000000	589.000000	1273.000000	875.000000	1007.000000	1307.000000	1129.000000	717.000000	721.000000	1.000000	287.000000	1.000000	1.000000
853.000000	185.000000	219.000000	329.000000	1183.000000	1565.000000	1380.000000	763.000000	354.000000	1294.000000	1828.000000	1197.000000	1558.000000	1467.000000	814.000000	191.000000	1.000000	213.000000	1.000000	215.000000	1.000000
410.000000	1.000000	391.000000	1321.000000	1935.000000	900.000000	917.000000	843.000000	681.000000	1013.000000	559.000000	274.000000	1.000000	1.000000	1.000000	242.000000	1.000000	1.000000	449.000000	1.000000	1.000000
1.000000	321.000000	1249.000000	1833.000000	1110.000000	179.000000	179.000000	183.000000	149.000000	387.000000	349.000000	193.000000	1.000000	1.000000	1.000000	1.000000	487.000000	1.000000	1134.000000	1.000000	343.000000
1.000000	545.000000	1304.000000	1388.000000	1.000000	1.000000	1.000000	133.000000	650.000000	621.000000	301.000000	1.000000	1.000000	445.000000	679.000000	289.000000	145.000000	149.000000	175.000000	1.000000	1.000000
1.000000	635.000000	752.000000	1037.000000	135.000000	1.000000	351.000000	341.000000	492.000000	165.000000	135.000000	275.000000	621.000000	714.000000	443.000000	1.000000	137.000000	1.000000	1.000000	1.000000	151.000000
1.000000	376.000000	727.000000	788.000000	1.000000	128.000000	131.000000	1.000000	1.000000	1.000000	119.000000	130.000000	1.000000	1.000000	1.000000	253.000000	1.000000	1.000000	1.000000	1.000000	335.000000
1.000000	535.000000	1894.000000	978.000000	1.000000	1.000000	1.000000	1.000000	511.000000	1.000000	1.000000	1.000000	1.000000	1.000000	1.000000	489.000000	1.000000	1.000000	1.000000	1.000000	339.000000
1.000000	1053.000000	1082.000000	369.000000	1.000000	1.000000	1.000000	511.000000	265.000000	930.000000	978.000000	1.000000	1.000000	119.000000	1.000000	1.000000	1.000000	520.000000	457.000000	403.000000	1.000000
1.000000	708.000000	1100.000000	457.000000	1.000000	1.000000	1.000000	869.000000	1811.000000	2650.000000	841.000000	1.000000	1.000000	1.000000	179.000000	1329.000000	1922.000000	2206.000000	1283.000000	279.000000	640.000000
377.000000	377.000000	1532.000000	373.000000	725.000000	1068.000000	409.000000	1769.000000	2138.000000	1842.000000	412.000000	1.000000	497.000000	715.000000	1480.000000	2054.000000	1723.000000	848.000000	155.000000	1445.000000	341.000000
1095.000000	1245.000000	1366.000000	653.000000	699.000000	227.000000	281.000000	863.000000	709.000000	1.000000	1.000000	1.000000	1.000000	1.000000	1.000000	1.000000	1.000000	1.000000	177.000000	485.000000	1.000000
569.000000	1272.000000	163.000000	209.000000	1.000000	241.000000	323.000000	1.000000	1.000000	1.000000	1.000000	1.000000	1.000000	1.000000	1.000000	1.000000	1.000000	1.000000	1.000000	1.000000	1.000000
406.000000	672.000000	471.000000	1.000000	169.000000	135.000000	358.000000	1.000000	1.000000	277.000000	317.000000	176.000000	1679.000000	1191.000000	1045.000000	379.000000	1.000000	163.000000	631.000000	333.000000	1.000000
198.000000	473.000000	1.000000	673.000000	720.000000	793.000000	267.000000	195.000000	819.000000	1188.000000	683.000000	1339.000000	1824.000000	487.000000	1.000000	1.000000	151.000000	427.000000	423.000000	299.000000	638.000000
401.000000	155.000000	767.000000	423.000000	439.000000	172.000000	1.000000	1.000000	1.000000	1.000000	1.000000	1.000000	1.000000	1.000000	1.000000	1.000000	255.000000	165.000000	133.000000	137.000000	197.000000
1.000000	639.000000	1.000000	731.000000	166.000000	1.000000	1.000000	359.000000	637.000000	1.000000	1.000000	1.000000	1.000000	1.000000	1.000000	417.000000	451.000000	1.000000	137.000000	467.000000	447.000000
1.000000	1.000000	1.000000	233.000000	1.000000	1.000000	321.000000	1806.000000	922.000000	209.000000	1.000000	225.000000	1075.000000	970.000000	481.000000	267.000000	163.000000	132.000000	534.000000	275.000000	263.000000
1.000000	1.000000	1.000000	823.000000	807.000000	1.000000	247.000000	217.000000	1.000000	1.000000	715.000000	1231.000000	1603.000000	283.000000	267.000000	1.000000	225.000000	801.000000	665.000000	137.000000	307.000000
68.000000	1.000000	1319.000000	972.000000	1.000000	1.000000	1.000000	1.000000	1.000000	273.000000	741.000000	1095.000000	479.000000	285.000000	1.000000	1.000000	375.000000	405.000000	201.000000	281.000000	152.000000
1.000000	1.000000	1.000000	165.000000	1.000000	1.000000	1.000000	161.000000	1.000000	1.000000	207.000000	1.000000	1.000000	1.000000	1.000000	173.000000	1.000000	1.000000	1.000000	1.000000	132.000000
70.000000	1.000000	1.000000	1.000000	313.000000	283.000000	1.000000	1.000000	1.000000	1.000000	1.000000	1.000000	1.000000	1.000000	1.000000	161.000000	261.000000	406.000000	369.000000	1.000000	1.000000
1.000000	159.000000	341.000000	303.000000	1.000000	1.000000	483.000000	1.000000	1.000000	1.000000	1.000000	1.000000	1.000000	175.000000	387.000000	891.000000	845.000000	1068.000000	785.000000	203.000000	681.000000
143.000000	535.000000	355.000000	307.000000	1.000000	917.000000	1.000000	177.000000	1.000000	1.000000	1.000000	1.000000	401.000000	779.000000	704.000000	966.000000	924.000000	651.000000	1.000000	929.000000	1.000000
1.000000	1.000000	167.000000	1.000000	433.000000	1.000000	1.000000	1.000000	1.000000	1.000000	205.000000	1.000000	1.000000	1.000000	519.000000	473.000000	1.000000	1.000000	1.000000	1.000000	671.000000
