21 25 0
1.000000	826.000000	2054.000000	857.000000	68.000000	1.000000	1.000000	1.000000	619.000000	1.000000	1.000000	598.000000	436.000000	64.000000	69.000000	1.000000	1.000000	463.000000	1016.000000	489.000000	161.000000
428.000000	2431.000000	832.000000	513.000000	1.000000	326.000000	1.000000	124.000000	465.000000	357.000000	1.000000	281.000000	923.000000	545.000000	544.000000	326.000000	159.000000	1.000000	457.000000	973.000000	213.000000
1626.000000	2383.000000	587.000000	396.000000	1.000000	485.000000	167.000000	124.000000	383.000000	693.000000	1.000000	143.000000	795.000000	546.000000	488.000000	766.000000	736.000000	277.000000	361.000000	2052.000000	881.000000
2819.000000	1272.000000	407.000000	301.000000	1.000000	428.000000	338.000000	1.000000	1.000000	835.000000	409.000000	1.000000	618.000000	436.000000	138.000000	400.000000	1609.000000	717.000000	361.000000	1283.000000	1727.000000
2332.000000	980.000000	408.000000	343.000000	532.000000	281.000000	163.000000	1.000000	1.000000	480.000000	171.000000	1.000000	1.000000	1.000000	134.000000	1.000000	1504.000000	610.000000	554.000000	391.000000	1945.000000
2205.000000	1236.000000	392.000000	146.000000	1.000000	281.000000	138.000000	1.000000	1.000000	437.000000	1.000000	1.000000	1.000000	1.000000	489.000000	499.000000	1345.000000	612.000000	1.000000	583.000000	1857.000000
2266.000000	973.000000	371.000000	299.000000	1.000000	1.000000	1.000000	1.000000	498.000000	752.000000	171.000000	1.000000	1.000000	245.000000	1439.000000	1007.000000	919.000000	1055.000000	1.000000	699.000000	1541.000000
2054.000000	1294.000000	371.000000	299.000000	232.000000	1.000000	1017.000000	254.000000	509.000000	1043.000000	318.000000	1.000000	159.000000	1.000000	727.000000	809.000000	471.000000	1094.000000	1.000000	350.000000	1371.000000
318.000000	2099.000000	443.000000	1.000000	1.000000	1.000000	2196.000000	1.000000	243.000000	1329.000000	877.000000	525.000000	1362.000000	1.000000	1.000000	258.000000	1.000000	514.000000	1.000000	377.000000	1580.000000
194.000000	3237.000000	647.000000	1.000000	1.000000	131.000000	1677.000000	1.000000	115.000000	2382.000000	897.000000	1159.000000	1592.000000	167.000000	1.000000	1.000000	899.000000	1136.000000	1.000000	378.000000	1932.000000
337.000000	3141.000000	771.000000	1.000000	1.000000	1.000000	443.000000	1.000000	1034.000000	1451.000000	853.000000	520.000000	593.000000	1.000000	314.000000	1.000000	890.000000	1372.000000	759.000000	935.000000	1884.000000
1457.000000	3224.000000	744.000000	1.000000	1.000000	1.000000	283.000000	1.000000	1287.000000	1562.000000	1269.000000	607.000000	1.000000	334.000000	1177.000000	1.000000	1100.000000	2220.000000	813.000000	912.000000	2089.000000
1606.000000	3273.000000	754.000000	1.000000	1.000000	1.000000	1252.000000	1.000000	1.000000	1082.000000	1395.000000	447.000000	1.000000	858.000000	744.000000	1.000000	1480.000000	1919.000000	405.000000	754.000000	1604.000000
1123.000000	2865.000000	944.000000	1.000000	1.000000	413.000000	1389.000000	1.000000	1.000000	905.000000	1879.000000	239.000000	419.000000	2922.000000	1.000000	1.000000	804.000000	1306.000000	343.000000	333.000000	1171.000000
848.000000	2512.000000	747.000000	1.000000	1.000000	1358.000000	1217.000000	1.000000	1.000000	361.000000	277.000000	1.000000	714.000000	2202.000000	1.000000	1.000000	570.000000	417.000000	1.000000	416.000000	1482.000000
388.000000	2047.000000	589.000000	171.000000	1.000000	902.000000	1.000000	1.000000	1.000000	529.000000	1.000000	1.000000	1.000000	382.000000	235.000000	494.000000	1106.000000	328.000000	1.000000	505.000000	1137.000000
170.000000	1325.000000	1222.000000	355.000000	1.000000	367.000000	1109.000000	340.000000	1.000000	1496.000000	569.000000	1.000000	1.000000	414.000000	1.000000	511.000000	1459.000000	328.000000	1.000000	906.000000	1143.000000
1.000000	369.000000	1118.000000	605.000000	1.000000	644.000000	2443.000000	1129.000000	1.000000	852.000000	390.000000	1.000000	1.000000	414.000000	1.000000	386.000000	1114.000000	312.000000	1.000000	1118.000000	1158.000000
1.000000	257.000000	640.000000	164.000000	300.000000	1.000000	1800.000000	1490.000000	1.000000	1.000000	1.000000	1.000000	1.000000	1.000000	1.000000	158.000000	782.000000	1.000000	129.000000	1130.000000	1114.000000
171.000000	253.000000	358.000000	589.000000	427.000000	143.000000	1.000000	982.000000	1.000000	1.000000	1.000000	1.000000	1.000000	236.000000	1.000000	594.000000	746.000000	1.000000	595.000000	499.000000	959.000000
351.000000	319.000000	1022.000000	1144.000000	427.000000	175.000000	1.000000	383.000000	1042.000000	194.000000	1.000000	1.000000	227.000000	890.000000	270.000000	1474.000000	1118.000000	1.000000	604.000000	733.000000	802.000000
330.000000	519.000000	348.000000	434.000000	448.000000	221.000000	1.000000	711.000000	1242.000000	198.000000	269.000000	191.000000	1.000000	536.000000	276.000000	1495.000000	849.000000	250.000000	441.000000	875.000000	768.000000
204.000000	613.000000	343.000000	407.000000	432.000000	262.000000	481.000000	514.000000	559.000000	167.000000	185.000000	246.000000	351.000000	651.000000	448.000000	123.000000	615.000000	289.000000	296.000000	421.000000	1153.000000
335.000000	1.000000	426.000000	526.000000	686.000000	140.000000	241.000000	451.000000	709.000000	149.000000	185.000000	606.000000	627.000000	721.000000	404.000000	127.000000	716.000000	546.000000	600.000000	430.000000	1076.000000
161.000000	1.000000	539.000000	601.000000	361.000000	140.000000	297.000000	289.000000	225.000000	329.000000	1.000000	369.000000	247.000000	173.000000	381.000000	166.000000	241.000000	512.000000	649.000000	315.000000	534.000000
