21 25 0
1.000000	1.000000	1.000000	1.000000	454.000000	328.000000	297.000000	247.000000	201.000000	127.000000	406.000000	738.000000	1327.000000	1242.000000	520.000000	159.000000	1.000000	1.000000	195.000000	1.000000	1.000000
196.000000	196.000000	1.000000	463.000000	760.000000	1375.000000	1552.000000	1305.000000	1031.000000	797.000000	464.000000	1037.000000	1210.000000	1181.000000	1279.000000	345.000000	147.000000	1.000000	1.000000	179.000000	498.000000
1.000000	1.000000	1.000000	569.000000	613.000000	494.000000	918.000000	1251.000000	1241.000000	1030.000000	435.000000	281.000000	284.000000	285.000000	433.000000	293.000000	1.000000	1.000000	1.000000	225.000000	177.000000
1.000000	1.000000	1.000000	1.000000	1.000000	1.000000	1.000000	1.000000	1.000000	1.000000	1.000000	1.000000	1.000000	1.000000	1.000000	293.000000	125.000000	1.000000	1.000000	345.000000	345.000000
856.000000	1074.000000	1.000000	1.000000	195.000000	291.000000	353.000000	1.000000	1.000000	1.000000	473.000000	682.000000	1353.000000	2353.000000	2685.000000	2151.000000	1577.000000	931.000000	1.000000	359.000000	884.000000
933.000000	428.000000	772.000000	1678.000000	2108.000000	2420.000000	3031.000000	2662.000000	2528.000000	1773.000000	1446.000000	1190.000000	1189.000000	884.000000	406.000000	195.000000	1.000000	1.000000	1.000000	1.000000	94.000000
1.000000	1.000000	1.000000	1.000000	1.000000	1.000000	192.000000	402.000000	384.000000	635.000000	1180.000000	1113.000000	540.000000	487.000000	1345.000000	855.000000	1010.000000	1490.000000	802.000000	493.000000	1.000000
442.000000	1.000000	1.000000	683.000000	1359.000000	1794.000000	427.000000	1.000000	136.000000	368.000000	496.000000	616.000000	670.000000	371.000000	1690.000000	2390.000000	1883.000000	1383.000000	807.000000	795.000000	692.000000
660.000000	505.000000	1.000000	916.000000	2733.000000	1250.000000	685.000000	242.000000	1.000000	1.000000	1.000000	1.000000	1.000000	1.000000	507.000000	505.000000	349.000000	917.000000	463.000000	463.000000	295.000000
1.000000	1.000000	1.000000	1.000000	1.000000	1.000000	1.000000	1.000000	1.000000	1.000000	1.000000	1.000000	1.000000	1.000000	1.000000	1.000000	392.000000	391.000000	1.000000	1.000000	1.000000
1.000000	397.000000	397.000000	1.000000	214.000000	214.000000	214.000000	121.000000	248.000000	1.000000	1.000000	1.000000	237.000000	527.000000	317.000000	339.000000	1069.000000	628.000000	1.000000	499.000000	461.000000
1.000000	1.000000	314.000000	1308.000000	1988.000000	2089.000000	2236.000000	839.000000	206.000000	437.000000	279.000000	1.000000	1.000000	956.000000	2051.000000	1572.000000	535.000000	1.000000	1.000000	1.000000	1.000000
1.000000	1.000000	1.000000	64.000000	322.000000	581.000000	278.000000	594.000000	1226.000000	2881.000000	2502.000000	2617.000000	2430.000000	416.000000	364.000000	415.000000	1.000000	1.000000	1.000000	1.000000	1.000000
1.000000	1.000000	361.000000	340.000000	1.000000	1.000000	1.000000	1.000000	669.000000	1212.000000	1600.000000	859.000000	1.000000	61.000000	61.000000	1.000000	129.000000	1268.000000	515.000000	579.000000	1.000000
1.000000	1.000000	2332.000000	2035.000000	1018.000000	868.000000	1053.000000	308.000000	136.000000	507.000000	334.000000	1.000000	262.000000	1166.000000	1487.000000	1234.000000	529.000000	596.000000	802.000000	1.000000	136.000000
1.000000	1.000000	524.000000	745.000000	914.000000	2389.000000	2893.000000	2960.000000	1502.000000	1458.000000	1103.000000	794.000000	1572.000000	2443.000000	2961.000000	2578.000000	1422.000000	1247.000000	750.000000	487.000000	196.000000
1.000000	184.000000	681.000000	407.000000	745.000000	693.000000	373.000000	1.000000	1.000000	1.000000	1.000000	1.000000	1.000000	1.000000	415.000000	413.000000	638.000000	602.000000	150.000000	1.000000	1.000000
173.000000	395.000000	740.000000	679.000000	153.000000	1.000000	1.000000	227.000000	327.000000	373.000000	371.000000	597.000000	183.000000	1.000000	1.000000	1.000000	1.000000	1.000000	1.000000	1.000000	1.000000
1.000000	96.000000	208.000000	1.000000	1.000000	258.000000	1100.000000	1752.000000	2415.000000	2422.000000	2690.000000	2517.000000	2197.000000	1942.000000	1284.000000	261.000000	409.000000	575.000000	214.000000	168.000000	1.000000
172.000000	1.000000	1.000000	1.000000	1.000000	376.000000	1406.000000	2384.000000	2401.000000	949.000000	896.000000	787.000000	1634.000000	2154.000000	1626.000000	767.000000	438.000000	194.000000	1.000000	1.000000	308.000000
485.000000	1.000000	168.000000	184.000000	299.000000	1.000000	1.000000	1.000000	176.000000	185.000000	402.000000	474.000000	474.000000	454.000000	412.000000	218.000000	1.000000	1.000000	223.000000	185.000000	339.000000
402.000000	1.000000	1.000000	561.000000	274.000000	401.000000	214.000000	213.000000	169.000000	179.000000	1.000000	1.000000	1.000000	1.000000	1.000000	1.000000	1.000000	1.000000	1.000000	629.000000	473.000000
1.000000	1.000000	1.000000	524.000000	643.000000	729.000000	582.000000	785.000000	1305.000000	926.000000	454.000000	346.000000	655.000000	230.000000	1.000000	547.000000	763.000000	355.000000	1.000000	241.000000	425.000000
163.000000	489.000000	680.000000	147.000000	177.000000	176.000000	281.000000	281.000000	281.000000	915.000000	229.000000	323.000000	322.000000	189.000000	189.000000	662.000000	773.000000	1.000000	1.000000	1.000000	1.000000
1.000000	1.000000	1.000000	149.000000	1.000000	1.000000	1.000000	1.000000	1.000000	1.000000	1.000000	1.000000	1.000000	1.000000	1.000000	1.000000	1.000000	1.000000	1.000000	1.000000	1.000000
