21 25 0
155.000000	527.000000	1492.000000	925.000000	763.000000	346.000000	159.000000	379.000000	1.000000	1.000000	1.000000	1.000000	1.000000	1.000000	149.000000	994.000000	1655.000000	606.000000	165.000000	291.000000	562.000000
327.000000	1471.000000	381.000000	508.000000	1.000000	1.000000	1.000000	1.000000	145.000000	1.000000	1.000000	1.000000	1.000000	1.000000	1.000000	1.000000	655.000000	1448.000000	731.000000	1.000000	428.000000
2296.000000	1398.000000	405.000000	404.000000	1.000000	1.000000	1.000000	1.000000	1.000000	1.000000	1.000000	659.000000	726.000000	738.000000	681.000000	315.000000	1.000000	1309.000000	887.000000	1.000000	1.000000
1.000000	1.000000	1.000000	289.000000	601.000000	1595.000000	1825.000000	1765.000000	921.000000	955.000000	1544.000000	1194.000000	1351.000000	1957.000000	1819.000000	978.000000	770.000000	479.000000	481.000000	481.000000	1.000000
1.000000	1.000000	134.000000	547.000000	1615.000000	1746.000000	1772.000000	1631.000000	1755.000000	1214.000000	747.000000	463.000000	409.000000	662.000000	642.000000	290.000000	67.000000	1.000000	256.000000	491.000000	491.000000
1.000000	395.000000	395.000000	1.000000	1.000000	1.000000	1.000000	1.000000	1.000000	238.000000	196.000000	1.000000	248.000000	139.000000	648.000000	914.000000	1539.000000	622.000000	659.000000	1.000000	708.000000
1.000000	1.000000	1.000000	1068.000000	2872.000000	353.000000	351.000000	1.000000	1.000000	1.000000	1.000000	1.000000	1.000000	149.000000	1036.000000	1.000000	1.000000	1.000000	462.000000	781.000000	847.000000
127.000000	1.000000	1.000000	1.000000	1.000000	1.000000	1.000000	407.000000	1271.000000	399.000000	1.000000	1.000000	1.000000	1.000000	1.000000	1.000000	1.000000	1.000000	1.000000	1.000000	1.000000
1.000000	275.000000	466.000000	421.000000	1.000000	1.000000	1.000000	1.000000	1.000000	1.000000	575.000000	682.000000	1931.000000	1876.000000	2248.000000	2147.000000	2404.000000	2015.000000	761.000000	183.000000	437.000000
1.000000	577.000000	1983.000000	2673.000000	3127.000000	3491.000000	2801.000000	2149.000000	655.000000	959.000000	807.000000	389.000000	520.000000	1338.000000	2096.000000	1431.000000	868.000000	902.000000	897.000000	493.000000	307.000000
1.000000	844.000000	1074.000000	731.000000	920.000000	898.000000	600.000000	265.000000	1.000000	81.000000	1.000000	457.000000	1.000000	271.000000	362.000000	948.000000	847.000000	934.000000	507.000000	503.000000	1.000000
1.000000	399.000000	397.000000	361.000000	1.000000	1.000000	1.000000	1.000000	609.000000	453.000000	451.000000	177.000000	333.000000	1.000000	1.000000	1.000000	1.000000	1.000000	1.000000	1.000000	1.000000
1.000000	1.000000	349.000000	349.000000	154.000000	212.000000	212.000000	1.000000	1.000000	1.000000	1.000000	1.000000	1.000000	338.000000	1196.000000	1543.000000	1113.000000	481.000000	1.000000	1.000000	1.000000
1.000000	1.000000	1.000000	1073.000000	1472.000000	1735.000000	2513.000000	1262.000000	662.000000	429.000000	368.000000	261.000000	341.000000	1160.000000	2066.000000	1125.000000	737.000000	1.000000	1.000000	1.000000	1.000000
1.000000	1.000000	1.000000	1.000000	1.000000	271.000000	1.000000	165.000000	800.000000	1814.000000	804.000000	188.000000	138.000000	1.000000	1.000000	1.000000	1.000000	326.000000	326.000000	1.000000	1.000000
212.000000	1.000000	1.000000	1.000000	1.000000	1.000000	1.000000	1.000000	1.000000	177.000000	1161.000000	471.000000	1.000000	1.000000	1.000000	1.000000	1.000000	1.000000	1.000000	1.000000	310.000000
149.000000	1.000000	1.000000	1.000000	1.000000	247.000000	593.000000	1400.000000	2346.000000	2479.000000	3178.000000	3233.000000	2894.000000	2670.000000	1636.000000	666.000000	428.000000	400.000000	368.000000	530.000000	892.000000
1.000000	1.000000	1.000000	1.000000	709.000000	1174.000000	2258.000000	2532.000000	2747.000000	1956.000000	821.000000	1251.000000	2226.000000	2525.000000	2689.000000	1080.000000	611.000000	413.000000	838.000000	309.000000	538.000000
426.000000	157.000000	178.000000	182.000000	245.000000	278.000000	371.000000	1.000000	1.000000	221.000000	297.000000	223.000000	1.000000	1.000000	1.000000	1.000000	247.000000	543.000000	225.000000	815.000000	873.000000
220.000000	172.000000	172.000000	490.000000	965.000000	191.000000	194.000000	193.000000	502.000000	506.000000	187.000000	185.000000	185.000000	1.000000	1.000000	1.000000	163.000000	167.000000	675.000000	312.000000	1.000000
169.000000	169.000000	1.000000	1.000000	415.000000	1082.000000	1966.000000	1751.000000	1754.000000	1831.000000	1875.000000	1755.000000	1386.000000	1092.000000	447.000000	461.000000	720.000000	417.000000	432.000000	390.000000	406.000000
737.000000	313.000000	1.000000	1.000000	1.000000	181.000000	1171.000000	1711.000000	1446.000000	879.000000	706.000000	437.000000	1041.000000	1342.000000	1100.000000	983.000000	628.000000	1.000000	1.000000	1.000000	476.000000
1415.000000	846.000000	206.000000	104.000000	297.000000	297.000000	1.000000	1.000000	498.000000	157.000000	1.000000	163.000000	1.000000	1.000000	267.000000	459.000000	1.000000	189.000000	244.000000	1.000000	1.000000
380.000000	1.000000	183.000000	160.000000	362.000000	188.000000	1.000000	1.000000	1.000000	1.000000	1.000000	1.000000	1.000000	1.000000	1.000000	1.000000	1.000000	1.000000	570.000000	742.000000	392.000000
1.000000	294.000000	169.000000	225.000000	1.000000	1.000000	1.000000	163.000000	1.000000	1.000000	1.000000	1.000000	1.000000	1.000000	1.000000	1.000000	1.000000	1.000000	142.000000	240.000000	192.000000
