21 25 0
1418.000000	450.000000	496.000000	1.000000	852.000000	563.000000	127.000000	293.000000	123.000000	145.000000	216.000000	1.000000	1.000000	1.000000	1.000000	1.000000	1.000000	1.000000	1.000000	1.000000	1.000000
574.000000	196.000000	1.000000	984.000000	897.000000	878.000000	987.000000	870.000000	151.000000	420.000000	711.000000	868.000000	339.000000	1.000000	1.000000	1.000000	1.000000	1.000000	194.000000	1.000000	1.000000
207.000000	1.000000	322.000000	579.000000	620.000000	534.000000	701.000000	326.000000	308.000000	307.000000	491.000000	141.000000	1.000000	1.000000	1.000000	1.000000	1.000000	279.000000	522.000000	1.000000	1.000000
1.000000	1.000000	569.000000	311.000000	131.000000	1.000000	1.000000	1.000000	1.000000	1.000000	1.000000	1.000000	1.000000	1.000000	1.000000	1.000000	1.000000	457.000000	177.000000	1.000000	395.000000
199.000000	223.000000	1.000000	1.000000	1.000000	1.000000	1.000000	1.000000	1.000000	1.000000	1.000000	1.000000	1.000000	1.000000	1245.000000	505.000000	172.000000	638.000000	1.000000	362.000000	1.000000
268.000000	1.000000	1197.000000	556.000000	786.000000	727.000000	2004.000000	1942.000000	504.000000	1.000000	609.000000	1109.000000	1154.000000	692.000000	407.000000	1.000000	1.000000	474.000000	877.000000	1092.000000	1.000000
1.000000	1.000000	1382.000000	347.000000	145.000000	1.000000	206.000000	511.000000	1.000000	1.000000	509.000000	811.000000	582.000000	586.000000	243.000000	890.000000	443.000000	469.000000	624.000000	768.000000	1.000000
1.000000	78.000000	1.000000	1.000000	915.000000	2008.000000	789.000000	1.000000	1.000000	1.000000	561.000000	454.000000	249.000000	375.000000	1396.000000	911.000000	461.000000	1.000000	769.000000	571.000000	1.000000
1.000000	1.000000	1.000000	1575.000000	1441.000000	637.000000	1.000000	1.000000	1.000000	1.000000	1.000000	1.000000	1.000000	1.000000	471.000000	1.000000	1.000000	1.000000	937.000000	1.000000	1.000000
564.000000	1.000000	1.000000	154.000000	1.000000	1.000000	1.000000	1.000000	477.000000	1.000000	1.000000	1.000000	1.000000	1.000000	1.000000	1.000000	1.000000	1.000000	819.000000	1.000000	1.000000
167.000000	1.000000	1.000000	1.000000	1.000000	1.000000	1.000000	1633.000000	755.000000	240.000000	284.000000	1.000000	1.000000	1.000000	1.000000	1.000000	313.000000	176.000000	971.000000	501.000000	503.000000
1.000000	1.000000	1.000000	283.000000	314.000000	1070.000000	1680.000000	779.000000	248.000000	155.000000	1.000000	444.000000	1010.000000	1.000000	253.000000	663.000000	220.000000	495.000000	877.000000	1479.000000	475.000000
1.000000	1.000000	1.000000	1.000000	926.000000	1003.000000	1.000000	1.000000	491.000000	1319.000000	750.000000	2102.000000	1570.000000	77.000000	1.000000	1.000000	1.000000	455.000000	2408.000000	443.000000	450.000000
1.000000	1.000000	1.000000	321.000000	806.000000	1.000000	1.000000	1.000000	2264.000000	172.000000	699.000000	1225.000000	1.000000	1.000000	65.000000	1.000000	1.000000	335.000000	1646.000000	802.000000	398.000000
180.000000	1.000000	320.000000	1387.000000	1.000000	180.000000	187.000000	1847.000000	376.000000	956.000000	502.000000	1.000000	1.000000	1.000000	1702.000000	516.000000	1.000000	896.000000	1886.000000	571.000000	302.000000
258.000000	1.000000	1.000000	977.000000	686.000000	704.000000	1821.000000	1918.000000	357.000000	1.000000	1.000000	1.000000	1.000000	442.000000	826.000000	584.000000	225.000000	1014.000000	910.000000	508.000000	203.000000
404.000000	1.000000	146.000000	731.000000	1402.000000	881.000000	588.000000	1.000000	1.000000	1.000000	1.000000	1.000000	1.000000	1.000000	1.000000	1.000000	235.000000	832.000000	395.000000	153.000000	1.000000
178.000000	1.000000	1.000000	796.000000	414.000000	544.000000	1.000000	1.000000	1.000000	1.000000	1.000000	218.000000	1.000000	1.000000	1.000000	195.000000	264.000000	584.000000	1.000000	1.000000	1.000000
300.000000	1.000000	1.000000	159.000000	1.000000	66.000000	144.000000	788.000000	1236.000000	1401.000000	1697.000000	631.000000	315.000000	1385.000000	1322.000000	377.000000	166.000000	789.000000	210.000000	1.000000	1.000000
497.000000	1.000000	1.000000	1.000000	333.000000	616.000000	686.000000	2082.000000	1499.000000	573.000000	435.000000	1.000000	417.000000	1127.000000	979.000000	720.000000	194.000000	143.000000	565.000000	1.000000	323.000000
257.000000	1.000000	1.000000	1.000000	748.000000	307.000000	413.000000	1.000000	1.000000	1.000000	1.000000	215.000000	1.000000	1.000000	269.000000	1.000000	201.000000	888.000000	358.000000	470.000000	1.000000
204.000000	1.000000	1.000000	289.000000	390.000000	1.000000	1.000000	1.000000	220.000000	409.000000	137.000000	335.000000	1.000000	1.000000	1.000000	201.000000	469.000000	951.000000	65.000000	428.000000	166.000000
1.000000	183.000000	412.000000	846.000000	223.000000	141.000000	198.000000	274.000000	708.000000	961.000000	531.000000	1.000000	179.000000	1.000000	1.000000	203.000000	726.000000	260.000000	586.000000	1.000000	206.000000
570.000000	847.000000	804.000000	356.000000	173.000000	271.000000	1.000000	263.000000	448.000000	735.000000	1.000000	330.000000	159.000000	169.000000	604.000000	669.000000	128.000000	253.000000	450.000000	417.000000	561.000000
926.000000	1.000000	1.000000	1.000000	1.000000	1.000000	153.000000	175.000000	306.000000	1.000000	377.000000	163.000000	1.000000	430.000000	455.000000	1.000000	1.000000	1.000000	189.000000	179.000000	1.000000
