21 25 0
1.000000	1.000000	1.000000	1.000000	1.000000	1.000000	173.000000	342.000000	1.000000	175.000000	509.000000	1.000000	1.000000	1.000000	1.000000	1602.000000	2534.000000	1028.000000	316.000000	332.000000	569.000000
1.000000	485.000000	1.000000	507.000000	142.000000	1.000000	1.000000	1.000000	1.000000	1.000000	982.000000	1.000000	1.000000	1.000000	1.000000	1.000000	1621.000000	2072.000000	757.000000	1.000000	693.000000
1.000000	1.000000	1.000000	1.000000	72.000000	536.000000	163.000000	154.000000	1.000000	1.000000	275.000000	744.000000	1.000000	1.000000	1.000000	1.000000	1.000000	2572.000000	1288.000000	430.000000	1.000000
1.000000	1.000000	274.000000	275.000000	794.000000	773.000000	1295.000000	1153.000000	305.000000	283.000000	284.000000	527.000000	1.000000	1.000000	191.000000	177.000000	277.000000	1166.000000	2759.000000	997.000000	1.000000
1.000000	1.000000	136.000000	1.000000	489.000000	505.000000	458.000000	1059.000000	705.000000	444.000000	297.000000	148.000000	133.000000	70.000000	292.000000	1.000000	1.000000	470.000000	1865.000000	961.000000	496.000000
120.000000	473.000000	1.000000	1.000000	1.000000	1.000000	1.000000	1.000000	1.000000	1.000000	1.000000	1.000000	397.000000	1.000000	1.000000	1.000000	1.000000	61.000000	1935.000000	847.000000	489.000000
268.000000	1.000000	1349.000000	1.000000	1.000000	477.000000	1.000000	1.000000	1.000000	1.000000	250.000000	1.000000	1.000000	1.000000	1.000000	1.000000	1.000000	286.000000	1262.000000	1544.000000	553.000000
243.000000	1.000000	1.000000	1.000000	1.000000	1.000000	1.000000	445.000000	1.000000	832.000000	301.000000	250.000000	1.000000	1.000000	1.000000	1.000000	1.000000	1.000000	427.000000	1.000000	1.000000
130.000000	1.000000	466.000000	429.000000	1.000000	1.000000	1.000000	1.000000	451.000000	1.000000	1022.000000	363.000000	231.000000	1218.000000	1.000000	167.000000	1.000000	526.000000	604.000000	617.000000	1.000000
1.000000	1.000000	216.000000	2408.000000	1936.000000	791.000000	704.000000	515.000000	515.000000	639.000000	1695.000000	459.000000	1.000000	909.000000	1376.000000	1.000000	1.000000	837.000000	1248.000000	399.000000	306.000000
1.000000	1.000000	1.000000	1500.000000	426.000000	1.000000	142.000000	529.000000	293.000000	1.000000	331.000000	1492.000000	1.000000	68.000000	214.000000	1015.000000	382.000000	564.000000	1758.000000	908.000000	466.000000
1.000000	1.000000	1.000000	1.000000	174.000000	1.000000	1.000000	1.000000	1.000000	1.000000	1.000000	511.000000	663.000000	507.000000	1.000000	1.000000	1.000000	1.000000	1323.000000	1113.000000	891.000000
1.000000	1.000000	755.000000	701.000000	474.000000	187.000000	129.000000	233.000000	300.000000	1.000000	1.000000	133.000000	1.000000	451.000000	350.000000	1.000000	1.000000	1.000000	1.000000	1679.000000	449.000000
1.000000	1.000000	1.000000	1761.000000	1733.000000	1.000000	792.000000	1367.000000	1267.000000	433.000000	1.000000	705.000000	1.000000	1.000000	783.000000	1339.000000	319.000000	1.000000	357.000000	539.000000	69.000000
238.000000	1.000000	1.000000	77.000000	271.000000	1.000000	1.000000	667.000000	899.000000	653.000000	402.000000	1.000000	1.000000	1.000000	1.000000	1.000000	1.000000	1.000000	1.000000	139.000000	1.000000
449.000000	1.000000	1.000000	175.000000	90.000000	1.000000	1.000000	1.000000	1.000000	1.000000	595.000000	215.000000	325.000000	1.000000	1.000000	1.000000	1.000000	296.000000	1.000000	143.000000	1.000000
487.000000	123.000000	1.000000	205.000000	779.000000	155.000000	1.000000	1.000000	1269.000000	672.000000	1031.000000	2459.000000	2446.000000	1575.000000	1444.000000	1.000000	1.000000	442.000000	230.000000	1.000000	143.000000
548.000000	1.000000	1.000000	1.000000	1305.000000	541.000000	1.000000	417.000000	604.000000	1005.000000	163.000000	808.000000	1032.000000	1979.000000	2684.000000	1373.000000	309.000000	1.000000	674.000000	1.000000	1.000000
161.000000	649.000000	1.000000	175.000000	249.000000	1.000000	1.000000	1.000000	1.000000	1.000000	347.000000	1.000000	1.000000	1.000000	967.000000	327.000000	1.000000	326.000000	129.000000	1.000000	148.000000
564.000000	1.000000	159.000000	1.000000	1011.000000	898.000000	645.000000	1.000000	1.000000	1.000000	1.000000	1.000000	1.000000	1.000000	1.000000	1.000000	1.000000	326.000000	225.000000	1.000000	1.000000
667.000000	239.000000	1.000000	1.000000	544.000000	731.000000	2176.000000	842.000000	284.000000	620.000000	970.000000	808.000000	1165.000000	812.000000	219.000000	1.000000	1.000000	475.000000	217.000000	156.000000	154.000000
486.000000	353.000000	169.000000	1.000000	1.000000	1.000000	765.000000	1655.000000	1.000000	457.000000	780.000000	1.000000	625.000000	1016.000000	979.000000	224.000000	248.000000	570.000000	267.000000	173.000000	154.000000
1046.000000	455.000000	385.000000	262.000000	1.000000	1.000000	1.000000	696.000000	480.000000	161.000000	423.000000	1.000000	1.000000	413.000000	503.000000	207.000000	198.000000	459.000000	385.000000	1.000000	1.000000
786.000000	375.000000	189.000000	90.000000	184.000000	144.000000	212.000000	1.000000	1.000000	1.000000	161.000000	1.000000	1.000000	1.000000	1.000000	1.000000	148.000000	133.000000	747.000000	388.000000	381.000000
632.000000	964.000000	143.000000	1.000000	243.000000	1.000000	1.000000	163.000000	1.000000	184.000000	223.000000	1.000000	1.000000	172.000000	1.000000	1.000000	318.000000	1.000000	191.000000	205.000000	194.000000
