21 25 0
1.000000	935.000000	2449.000000	1082.000000	767.000000	365.000000	1.000000	1.000000	1.000000	1.000000	1.000000	1.000000	1.000000	1.000000	1.000000	1.000000	1.000000	1.000000	1.000000	1.000000	1.000000
328.000000	2827.000000	1048.000000	697.000000	1.000000	1.000000	1.000000	1.000000	1.000000	1.000000	1.000000	1.000000	1.000000	1.000000	1.000000	1.000000	1.000000	481.000000	1.000000	1.000000	1.000000
2454.000000	2545.000000	675.000000	405.000000	1.000000	1.000000	1.000000	1.000000	1.000000	1.000000	1.000000	151.000000	703.000000	455.000000	608.000000	468.000000	159.000000	1.000000	1.000000	264.000000	140.000000
1816.000000	457.000000	406.000000	1.000000	1.000000	206.000000	687.000000	275.000000	641.000000	881.000000	797.000000	690.000000	1109.000000	1152.000000	743.000000	1.000000	455.000000	1.000000	1.000000	1.000000	489.000000
1388.000000	1.000000	350.000000	125.000000	275.000000	439.000000	1.000000	1.000000	259.000000	534.000000	141.000000	440.000000	158.000000	268.000000	154.000000	133.000000	1.000000	1.000000	1.000000	1.000000	1.000000
423.000000	1.000000	657.000000	1.000000	1.000000	1.000000	1.000000	1.000000	1.000000	1.000000	69.000000	1.000000	69.000000	1.000000	974.000000	1.000000	634.000000	461.000000	1.000000	232.000000	1092.000000
1.000000	1.000000	1.000000	1.000000	1.000000	1.000000	1.000000	1015.000000	976.000000	267.000000	1.000000	1.000000	1.000000	1.000000	945.000000	1.000000	461.000000	1.000000	1.000000	598.000000	367.000000
1.000000	1.000000	317.000000	1.000000	1.000000	1.000000	511.000000	622.000000	1119.000000	1.000000	1.000000	1.000000	343.000000	697.000000	1.000000	1.000000	1.000000	1.000000	347.000000	1.000000	1.000000
1.000000	677.000000	443.000000	1.000000	1.000000	1.000000	837.000000	1188.000000	1.000000	1.000000	983.000000	483.000000	1310.000000	1.000000	501.000000	711.000000	1437.000000	746.000000	307.000000	1.000000	947.000000
1.000000	1623.000000	365.000000	1.000000	650.000000	1079.000000	2514.000000	499.000000	1.000000	1678.000000	897.000000	1.000000	215.000000	167.000000	272.000000	653.000000	441.000000	409.000000	402.000000	87.000000	575.000000
1.000000	2375.000000	1.000000	142.000000	1.000000	1136.000000	531.000000	1.000000	1.000000	1295.000000	455.000000	738.000000	1124.000000	1.000000	289.000000	1.000000	165.000000	922.000000	1.000000	681.000000	506.000000
471.000000	2501.000000	570.000000	1.000000	1.000000	1.000000	1.000000	1.000000	1523.000000	179.000000	235.000000	1.000000	1.000000	1.000000	1.000000	1.000000	1.000000	1329.000000	669.000000	653.000000	461.000000
1473.000000	705.000000	742.000000	1.000000	1.000000	1.000000	533.000000	1610.000000	1.000000	1.000000	1.000000	1.000000	1.000000	467.000000	511.000000	1.000000	1189.000000	694.000000	361.000000	1.000000	537.000000
799.000000	897.000000	378.000000	1.000000	1.000000	971.000000	1829.000000	272.000000	1.000000	1.000000	1.000000	1.000000	731.000000	2596.000000	1497.000000	545.000000	535.000000	1.000000	1.000000	1.000000	845.000000
572.000000	470.000000	1.000000	1.000000	1.000000	952.000000	348.000000	1.000000	1.000000	778.000000	1.000000	1.000000	1503.000000	154.000000	1.000000	1.000000	1.000000	1.000000	1.000000	212.000000	553.000000
668.000000	1.000000	1.000000	1.000000	1.000000	1.000000	1.000000	1.000000	1.000000	125.000000	1108.000000	373.000000	1.000000	1.000000	1.000000	1.000000	1.000000	1.000000	1.000000	149.000000	908.000000
189.000000	191.000000	135.000000	1.000000	1.000000	339.000000	616.000000	859.000000	1237.000000	2136.000000	1848.000000	1.000000	1154.000000	1287.000000	124.000000	436.000000	535.000000	199.000000	1.000000	852.000000	996.000000
1.000000	1.000000	1.000000	1.000000	164.000000	617.000000	2482.000000	2198.000000	1884.000000	1182.000000	1.000000	1.000000	447.000000	1156.000000	184.000000	414.000000	442.000000	209.000000	1.000000	1283.000000	1255.000000
1.000000	1.000000	1.000000	183.000000	246.000000	877.000000	876.000000	1.000000	1.000000	1.000000	1.000000	1.000000	225.000000	1.000000	1.000000	1.000000	706.000000	1.000000	553.000000	786.000000	1010.000000
1.000000	246.000000	1.000000	734.000000	376.000000	215.000000	1.000000	1.000000	209.000000	1.000000	1.000000	1.000000	1.000000	1.000000	1.000000	594.000000	723.000000	1.000000	809.000000	553.000000	409.000000
1.000000	189.000000	137.000000	340.000000	368.000000	191.000000	411.000000	656.000000	1646.000000	829.000000	483.000000	1.000000	398.000000	288.000000	274.000000	1026.000000	1035.000000	382.000000	1.000000	694.000000	677.000000
391.000000	269.000000	500.000000	1.000000	214.000000	181.000000	565.000000	602.000000	1163.000000	882.000000	1.000000	364.000000	298.000000	271.000000	600.000000	1103.000000	501.000000	289.000000	277.000000	1.000000	666.000000
620.000000	412.000000	168.000000	1.000000	589.000000	540.000000	1.000000	1.000000	671.000000	1.000000	167.000000	1.000000	1.000000	1.000000	181.000000	272.000000	1.000000	1.000000	258.000000	435.000000	953.000000
168.000000	1.000000	168.000000	551.000000	1023.000000	1.000000	203.000000	446.000000	1.000000	1.000000	1.000000	1.000000	183.000000	185.000000	1.000000	1.000000	1.000000	1.000000	524.000000	779.000000	628.000000
1.000000	1.000000	201.000000	722.000000	194.000000	1.000000	1.000000	307.000000	155.000000	1.000000	1.000000	1.000000	189.000000	1.000000	166.000000	1.000000	136.000000	494.000000	377.000000	453.000000	241.000000
