21 25 0
1.000000	1.000000	1.000000	1.000000	1.000000	127.000000	1.000000	1.000000	337.000000	152.000000	1.000000	1171.000000	1248.000000	1176.000000	475.000000	333.000000	1.000000	631.000000	978.000000	770.000000	144.000000
211.000000	1.000000	202.000000	1.000000	1.000000	326.000000	1016.000000	464.000000	250.000000	501.000000	1.000000	340.000000	1176.000000	1071.000000	1107.000000	535.000000	177.000000	1.000000	1478.000000	957.000000	488.000000
126.000000	1.000000	1.000000	1.000000	1.000000	500.000000	1.000000	793.000000	604.000000	789.000000	1.000000	143.000000	310.000000	149.000000	432.000000	746.000000	456.000000	147.000000	344.000000	1116.000000	177.000000
389.000000	772.000000	1.000000	1.000000	1.000000	141.000000	177.000000	1.000000	1.000000	426.000000	1.000000	1.000000	1.000000	1.000000	136.000000	292.000000	284.000000	149.000000	1.000000	981.000000	1274.000000
1133.000000	1243.000000	354.000000	1.000000	257.000000	353.000000	1.000000	1.000000	1.000000	1.000000	328.000000	1.000000	863.000000	1285.000000	388.000000	820.000000	907.000000	672.000000	278.000000	1.000000	1423.000000
1702.000000	1089.000000	69.000000	359.000000	840.000000	725.000000	802.000000	1010.000000	823.000000	437.000000	1.000000	1.000000	1.000000	792.000000	1.000000	1.000000	453.000000	329.000000	326.000000	154.000000	1090.000000
1923.000000	869.000000	317.000000	1.000000	1.000000	1.000000	205.000000	221.000000	450.000000	664.000000	490.000000	358.000000	1.000000	317.000000	1203.000000	747.000000	257.000000	443.000000	1.000000	350.000000	792.000000
1195.000000	1436.000000	1.000000	1.000000	1277.000000	87.000000	1.000000	1.000000	192.000000	875.000000	131.000000	579.000000	359.000000	1.000000	423.000000	933.000000	1011.000000	137.000000	1.000000	321.000000	553.000000
1.000000	1414.000000	1.000000	344.000000	424.000000	969.000000	1.000000	1.000000	1.000000	737.000000	493.000000	1.000000	1.000000	1.000000	1.000000	348.000000	1.000000	1.000000	1.000000	201.000000	699.000000
451.000000	701.000000	433.000000	1.000000	1.000000	1.000000	1.000000	1.000000	467.000000	1.000000	1.000000	494.000000	694.000000	1.000000	1.000000	1.000000	140.000000	134.000000	1.000000	1.000000	987.000000
1.000000	365.000000	422.000000	1.000000	1.000000	1.000000	1.000000	1.000000	1.000000	1.000000	1.000000	1.000000	331.000000	1580.000000	1.000000	1.000000	1412.000000	777.000000	135.000000	499.000000	460.000000
1497.000000	1092.000000	1.000000	1.000000	625.000000	309.000000	1129.000000	129.000000	1.000000	437.000000	683.000000	1.000000	1.000000	591.000000	756.000000	187.000000	543.000000	421.000000	363.000000	1.000000	252.000000
513.000000	2150.000000	721.000000	1.000000	286.000000	1.000000	1.000000	493.000000	756.000000	1246.000000	1430.000000	1128.000000	1285.000000	1.000000	394.000000	337.000000	211.000000	272.000000	1.000000	184.000000	369.000000
1.000000	2407.000000	959.000000	305.000000	1.000000	1.000000	1.000000	1.000000	1.000000	870.000000	987.000000	251.000000	717.000000	2090.000000	1.000000	1.000000	1.000000	874.000000	196.000000	424.000000	394.000000
160.000000	1839.000000	1249.000000	223.000000	133.000000	637.000000	966.000000	310.000000	1.000000	469.000000	470.000000	1.000000	131.000000	2004.000000	1306.000000	656.000000	199.000000	1.000000	297.000000	189.000000	904.000000
1.000000	1508.000000	410.000000	72.000000	205.000000	1148.000000	1498.000000	871.000000	489.000000	1.000000	1.000000	1.000000	1.000000	1207.000000	2555.000000	1970.000000	1063.000000	469.000000	1.000000	1.000000	797.000000
1.000000	1112.000000	1342.000000	349.000000	1.000000	164.000000	1.000000	1.000000	1.000000	1.000000	1.000000	1.000000	1.000000	1.000000	368.000000	1020.000000	1417.000000	1.000000	1.000000	194.000000	548.000000
1.000000	1.000000	1080.000000	528.000000	1.000000	1.000000	394.000000	149.000000	1.000000	1.000000	374.000000	1.000000	1.000000	1.000000	1.000000	254.000000	1.000000	1.000000	1.000000	1.000000	505.000000
1.000000	175.000000	208.000000	1.000000	224.000000	1.000000	993.000000	1989.000000	946.000000	633.000000	1755.000000	1813.000000	1757.000000	1131.000000	487.000000	1.000000	1.000000	1.000000	1.000000	1.000000	472.000000
1.000000	1.000000	277.000000	1.000000	158.000000	1.000000	508.000000	1871.000000	931.000000	571.000000	421.000000	515.000000	1132.000000	1969.000000	828.000000	1.000000	140.000000	1.000000	1.000000	148.000000	665.000000
523.000000	1.000000	454.000000	511.000000	1.000000	1.000000	1.000000	1.000000	176.000000	1.000000	1.000000	1.000000	507.000000	1.000000	300.000000	663.000000	1.000000	1.000000	129.000000	611.000000	1001.000000
1.000000	1.000000	252.000000	796.000000	811.000000	579.000000	213.000000	1.000000	1.000000	1.000000	1.000000	1.000000	149.000000	1.000000	1.000000	209.000000	63.000000	1.000000	250.000000	557.000000	461.000000
1.000000	127.000000	162.000000	252.000000	411.000000	421.000000	485.000000	498.000000	227.000000	290.000000	1.000000	246.000000	809.000000	219.000000	230.000000	1.000000	373.000000	1.000000	1.000000	393.000000	608.000000
146.000000	1.000000	170.000000	146.000000	343.000000	131.000000	275.000000	186.000000	326.000000	150.000000	227.000000	452.000000	405.000000	411.000000	230.000000	1.000000	699.000000	393.000000	1.000000	1.000000	832.000000
169.000000	1.000000	1.000000	1.000000	149.000000	1.000000	1.000000	1.000000	1.000000	1.000000	1.000000	302.000000	248.000000	1.000000	149.000000	191.000000	1.000000	189.000000	572.000000	1.000000	151.000000
