21 25 0
895.000000	167.000000	1.000000	1.000000	266.000000	1.000000	173.000000	798.000000	1.000000	468.000000	1097.000000	1.000000	1.000000	1.000000	1.000000	1247.000000	1714.000000	891.000000	319.000000	1.000000	338.000000
208.000000	435.000000	225.000000	245.000000	460.000000	340.000000	1.000000	640.000000	1.000000	331.000000	1371.000000	377.000000	1.000000	1.000000	1.000000	1.000000	1410.000000	2043.000000	775.000000	280.000000	258.000000
156.000000	397.000000	1095.000000	371.000000	1157.000000	746.000000	330.000000	482.000000	1.000000	151.000000	494.000000	675.000000	1.000000	1.000000	1.000000	1.000000	459.000000	2411.000000	1537.000000	433.000000	1.000000
1.000000	165.000000	2189.000000	135.000000	887.000000	534.000000	444.000000	713.000000	243.000000	151.000000	1.000000	502.000000	1.000000	71.000000	1.000000	1.000000	321.000000	1705.000000	2522.000000	935.000000	1.000000
355.000000	640.000000	1215.000000	1.000000	489.000000	1.000000	1.000000	680.000000	156.000000	1.000000	250.000000	1238.000000	1.000000	1.000000	429.000000	1.000000	189.000000	965.000000	2616.000000	1246.000000	494.000000
319.000000	432.000000	1521.000000	1.000000	121.000000	620.000000	1.000000	347.000000	1.000000	1.000000	251.000000	1267.000000	201.000000	1.000000	429.000000	1.000000	1.000000	879.000000	2182.000000	1878.000000	373.000000
412.000000	346.000000	1793.000000	1.000000	373.000000	1407.000000	1.000000	1.000000	1.000000	1.000000	747.000000	940.000000	141.000000	274.000000	1.000000	1.000000	1.000000	640.000000	1760.000000	1966.000000	222.000000
450.000000	1.000000	714.000000	303.000000	373.000000	1782.000000	1.000000	1.000000	985.000000	167.000000	940.000000	922.000000	266.000000	274.000000	1.000000	1.000000	1.000000	289.000000	1307.000000	1001.000000	283.000000
977.000000	1.000000	718.000000	1674.000000	423.000000	1169.000000	1.000000	1.000000	1389.000000	240.000000	1320.000000	1338.000000	458.000000	147.000000	1.000000	1.000000	1.000000	386.000000	1227.000000	1028.000000	184.000000
1009.000000	1.000000	339.000000	2434.000000	424.000000	479.000000	1.000000	1062.000000	1238.000000	441.000000	1351.000000	1735.000000	496.000000	689.000000	569.000000	1.000000	1.000000	415.000000	1787.000000	908.000000	184.000000
453.000000	1.000000	127.000000	1734.000000	1.000000	468.000000	1.000000	1876.000000	1144.000000	241.000000	1560.000000	1070.000000	479.000000	1.000000	420.000000	636.000000	1.000000	473.000000	2213.000000	1899.000000	966.000000
628.000000	1.000000	1062.000000	795.000000	702.000000	1.000000	1.000000	770.000000	1014.000000	219.000000	786.000000	1092.000000	1012.000000	1.000000	420.000000	1044.000000	351.000000	473.000000	2662.000000	2739.000000	920.000000
922.000000	1.000000	1748.000000	768.000000	1702.000000	1.000000	1.000000	716.000000	1035.000000	193.000000	942.000000	1724.000000	863.000000	1.000000	383.000000	257.000000	322.000000	457.000000	2593.000000	2365.000000	460.000000
742.000000	1.000000	593.000000	1316.000000	1967.000000	1.000000	1.000000	1056.000000	1892.000000	1.000000	448.000000	1398.000000	1.000000	1.000000	349.000000	545.000000	344.000000	337.000000	1938.000000	1325.000000	399.000000
671.000000	1.000000	1.000000	971.000000	1534.000000	1.000000	1.000000	1469.000000	2471.000000	431.000000	1.000000	835.000000	1.000000	1.000000	206.000000	289.000000	1.000000	641.000000	1980.000000	673.000000	305.000000
674.000000	1.000000	1.000000	937.000000	1353.000000	1.000000	1.000000	606.000000	491.000000	1.000000	1.000000	405.000000	1.000000	1.000000	154.000000	1.000000	1.000000	905.000000	1451.000000	431.000000	179.000000
609.000000	1.000000	1.000000	940.000000	1704.000000	171.000000	1.000000	1.000000	1.000000	1.000000	1.000000	1855.000000	1.000000	403.000000	1899.000000	407.000000	1.000000	1326.000000	1065.000000	283.000000	1.000000
607.000000	173.000000	1.000000	620.000000	1499.000000	544.000000	1.000000	1.000000	347.000000	1.000000	1.000000	647.000000	1.000000	813.000000	2626.000000	697.000000	264.000000	1440.000000	775.000000	281.000000	1.000000
693.000000	491.000000	1.000000	160.000000	1047.000000	416.000000	1.000000	1.000000	325.000000	1.000000	1.000000	1.000000	1.000000	411.000000	2082.000000	481.000000	266.000000	1332.000000	648.000000	1.000000	1.000000
907.000000	165.000000	173.000000	61.000000	1086.000000	671.000000	265.000000	319.000000	1.000000	331.000000	1.000000	1.000000	1.000000	1.000000	455.000000	506.000000	133.000000	946.000000	695.000000	1.000000	1.000000
889.000000	206.000000	343.000000	1.000000	1118.000000	664.000000	1415.000000	169.000000	1.000000	600.000000	423.000000	303.000000	262.000000	633.000000	660.000000	1.000000	274.000000	971.000000	373.000000	398.000000	1.000000
652.000000	207.000000	183.000000	1.000000	601.000000	209.000000	286.000000	922.000000	181.000000	788.000000	410.000000	1.000000	464.000000	638.000000	536.000000	239.000000	298.000000	1586.000000	532.000000	340.000000	330.000000
655.000000	446.000000	332.000000	1.000000	1.000000	141.000000	152.000000	529.000000	1.000000	1038.000000	885.000000	1.000000	355.000000	123.000000	331.000000	290.000000	298.000000	1198.000000	1178.000000	295.000000	457.000000
941.000000	503.000000	695.000000	336.000000	186.000000	422.000000	723.000000	147.000000	1.000000	361.000000	607.000000	325.000000	365.000000	501.000000	901.000000	519.000000	315.000000	600.000000	1124.000000	427.000000	562.000000
893.000000	420.000000	1.000000	1.000000	186.000000	468.000000	1.000000	333.000000	212.000000	229.000000	590.000000	163.000000	1.000000	524.000000	438.000000	1.000000	630.000000	161.000000	580.000000	428.000000	559.000000
