21 25 0
580.000000	866.000000	415.000000	1150.000000	538.000000	1.000000	1.000000	1.000000	1.000000	1.000000	1.000000	1.000000	1.000000	169.000000	1.000000	1.000000	1.000000	309.000000	1.000000	297.000000	414.000000
160.000000	1.000000	1.000000	1.000000	1.000000	1.000000	1.000000	1243.000000	1147.000000	724.000000	309.000000	1.000000	1.000000	1.000000	1.000000	1.000000	1.000000	1.000000	1.000000	1.000000	1.000000
1.000000	1.000000	1.000000	1.000000	1441.000000	1337.000000	1728.000000	2295.000000	1646.000000	1161.000000	1083.000000	1464.000000	1288.000000	322.000000	141.000000	297.000000	314.000000	164.000000	1.000000	1.000000	681.000000
327.000000	1.000000	1.000000	1421.000000	1583.000000	1137.000000	817.000000	556.000000	729.000000	1187.000000	1796.000000	2018.000000	1602.000000	1259.000000	995.000000	908.000000	329.000000	326.000000	1.000000	295.000000	525.000000
493.000000	516.000000	745.000000	1.000000	1.000000	1.000000	1.000000	1.000000	1.000000	1.000000	1.000000	1.000000	473.000000	697.000000	408.000000	218.000000	195.000000	177.000000	165.000000	1.000000	1.000000
159.000000	426.000000	1.000000	1.000000	627.000000	731.000000	661.000000	873.000000	649.000000	217.000000	181.000000	171.000000	1.000000	1.000000	1.000000	1.000000	1.000000	1.000000	1.000000	297.000000	1.000000
1.000000	1.000000	1.000000	355.000000	2561.000000	2823.000000	2919.000000	3233.000000	3650.000000	2815.000000	740.000000	587.000000	2373.000000	3267.000000	2635.000000	1662.000000	1113.000000	689.000000	1.000000	725.000000	330.000000
1.000000	1.000000	1.000000	1.000000	1588.000000	1782.000000	1888.000000	1750.000000	1646.000000	1310.000000	1.000000	1.000000	1947.000000	3002.000000	3152.000000	3096.000000	2960.000000	2113.000000	612.000000	459.000000	765.000000
1.000000	1.000000	1.000000	1.000000	1.000000	1.000000	1.000000	1.000000	1.000000	1.000000	1.000000	1.000000	1.000000	1.000000	1.000000	373.000000	1092.000000	900.000000	258.000000	1.000000	1.000000
1.000000	1.000000	231.000000	271.000000	409.000000	417.000000	1.000000	1.000000	1.000000	1.000000	1.000000	483.000000	1.000000	1.000000	1.000000	1.000000	1.000000	1.000000	461.000000	919.000000	461.000000
319.000000	1.000000	377.000000	1029.000000	839.000000	1119.000000	2041.000000	1637.000000	938.000000	419.000000	184.000000	437.000000	669.000000	811.000000	695.000000	1272.000000	1.000000	1.000000	1.000000	193.000000	193.000000
567.000000	236.000000	202.000000	202.000000	680.000000	429.000000	345.000000	862.000000	1365.000000	741.000000	622.000000	621.000000	359.000000	661.000000	325.000000	784.000000	307.000000	490.000000	949.000000	213.000000	166.000000
213.000000	483.000000	1.000000	1.000000	1.000000	319.000000	911.000000	595.000000	1599.000000	3734.000000	3905.000000	2597.000000	689.000000	351.000000	1.000000	473.000000	1611.000000	1938.000000	715.000000	244.000000	641.000000
1.000000	205.000000	213.000000	191.000000	1.000000	1.000000	1.000000	1.000000	1.000000	341.000000	487.000000	242.000000	1.000000	1.000000	328.000000	1275.000000	1287.000000	241.000000	1.000000	281.000000	701.000000
1.000000	1.000000	330.000000	553.000000	225.000000	275.000000	513.000000	381.000000	315.000000	1.000000	1.000000	1.000000	1.000000	423.000000	1.000000	1.000000	1.000000	1.000000	201.000000	890.000000	363.000000
163.000000	221.000000	450.000000	1113.000000	1463.000000	1285.000000	1313.000000	2683.000000	3362.000000	3717.000000	3612.000000	3554.000000	2868.000000	2285.000000	859.000000	467.000000	1.000000	493.000000	499.000000	1.000000	254.000000
1.000000	1.000000	221.000000	1.000000	175.000000	412.000000	435.000000	252.000000	171.000000	507.000000	446.000000	618.000000	1030.000000	734.000000	644.000000	1.000000	259.000000	185.000000	249.000000	1.000000	414.000000
327.000000	181.000000	259.000000	583.000000	500.000000	549.000000	533.000000	365.000000	365.000000	379.000000	419.000000	156.000000	1.000000	1.000000	1.000000	1.000000	299.000000	299.000000	1.000000	240.000000	1.000000
165.000000	1.000000	1.000000	545.000000	937.000000	955.000000	326.000000	778.000000	1139.000000	1760.000000	840.000000	164.000000	1.000000	387.000000	451.000000	1070.000000	699.000000	175.000000	175.000000	1.000000	324.000000
1.000000	1.000000	1.000000	1.000000	1.000000	219.000000	1.000000	1.000000	1.000000	1.000000	1.000000	1.000000	1.000000	255.000000	848.000000	560.000000	232.000000	1.000000	1.000000	337.000000	599.000000
1.000000	301.000000	299.000000	1.000000	1.000000	643.000000	1490.000000	2060.000000	2517.000000	2265.000000	2123.000000	2000.000000	1496.000000	856.000000	539.000000	361.000000	1.000000	1.000000	159.000000	476.000000	550.000000
193.000000	193.000000	171.000000	1.000000	209.000000	1.000000	1420.000000	1835.000000	1783.000000	1641.000000	2081.000000	1750.000000	1004.000000	516.000000	1.000000	1.000000	1.000000	1.000000	1.000000	436.000000	173.000000
1.000000	1.000000	1.000000	358.000000	1.000000	1.000000	1.000000	1.000000	831.000000	285.000000	559.000000	296.000000	1.000000	1.000000	1.000000	1.000000	1.000000	1.000000	1.000000	1.000000	1.000000
1.000000	1.000000	1.000000	1.000000	1.000000	1.000000	1.000000	1.000000	1.000000	1.000000	1.000000	1.000000	1.000000	1.000000	1.000000	1.000000	1.000000	1.000000	1.000000	1.000000	1.000000
1.000000	1.000000	1.000000	1.000000	1.000000	1.000000	1.000000	1.000000	1.000000	1.000000	1.000000	1.000000	1.000000	1.000000	1.000000	1.000000	1.000000	1.000000	1.000000	1.000000	1.000000
