21 25 0
1.000000	163.000000	1.000000	1.000000	923.000000	913.000000	1.000000	634.000000	1736.000000	2235.000000	2345.000000	2258.000000	1746.000000	493.000000	1.000000	1160.000000	2188.000000	1332.000000	581.000000	1.000000	1.000000
167.000000	1.000000	1.000000	483.000000	1.000000	787.000000	209.000000	573.000000	173.000000	549.000000	978.000000	1525.000000	2172.000000	1937.000000	684.000000	425.000000	1733.000000	2227.000000	1520.000000	346.000000	1.000000
725.000000	223.000000	1.000000	1.000000	685.000000	1.000000	1.000000	1.000000	1.000000	1.000000	1.000000	231.000000	518.000000	758.000000	541.000000	1.000000	556.000000	1617.000000	1822.000000	1135.000000	338.000000
485.000000	159.000000	1.000000	1.000000	1.000000	1.000000	153.000000	1.000000	238.000000	303.000000	1.000000	1.000000	1.000000	175.000000	363.000000	342.000000	153.000000	690.000000	1066.000000	1262.000000	344.000000
249.000000	1.000000	1.000000	1.000000	1.000000	611.000000	774.000000	287.000000	945.000000	1427.000000	898.000000	1.000000	1.000000	1.000000	1.000000	163.000000	463.000000	72.000000	1235.000000	994.000000	290.000000
573.000000	209.000000	1.000000	1.000000	1.000000	322.000000	297.000000	155.000000	1.000000	802.000000	712.000000	165.000000	1.000000	1.000000	1.000000	1.000000	159.000000	297.000000	437.000000	791.000000	450.000000
1055.000000	1.000000	1.000000	1.000000	1.000000	1.000000	1.000000	1.000000	1.000000	1.000000	1.000000	1.000000	1.000000	1.000000	1.000000	1.000000	267.000000	345.000000	451.000000	1528.000000	599.000000
826.000000	1.000000	1.000000	585.000000	415.000000	331.000000	1.000000	1.000000	1.000000	1.000000	1.000000	2002.000000	377.000000	1.000000	1.000000	1.000000	1.000000	1.000000	1167.000000	1289.000000	1747.000000
246.000000	1.000000	1.000000	2601.000000	1284.000000	1774.000000	2155.000000	2509.000000	1721.000000	1.000000	1.000000	3487.000000	2911.000000	715.000000	2028.000000	1158.000000	1.000000	1.000000	1287.000000	854.000000	1904.000000
215.000000	1.000000	1.000000	694.000000	1795.000000	246.000000	418.000000	953.000000	1026.000000	1.000000	1.000000	447.000000	348.000000	716.000000	1929.000000	2922.000000	1084.000000	911.000000	1.000000	399.000000	597.000000
1.000000	522.000000	1.000000	91.000000	1.000000	1.000000	1.000000	1.000000	1.000000	1.000000	1.000000	415.000000	1.000000	1.000000	251.000000	890.000000	1304.000000	1133.000000	480.000000	381.000000	1.000000
169.000000	1.000000	294.000000	1.000000	1.000000	1.000000	1.000000	1.000000	1.000000	1.000000	211.000000	1483.000000	1.000000	1.000000	1.000000	1.000000	1.000000	1.000000	201.000000	411.000000	247.000000
1.000000	1.000000	1.000000	833.000000	186.000000	1.000000	1.000000	585.000000	883.000000	1.000000	1.000000	1.000000	1.000000	1.000000	1.000000	1.000000	1.000000	1.000000	1.000000	1.000000	1.000000
271.000000	1.000000	1.000000	427.000000	1250.000000	186.000000	1.000000	1022.000000	1884.000000	1599.000000	466.000000	1.000000	1.000000	1.000000	1.000000	431.000000	1.000000	1.000000	1.000000	273.000000	1.000000
479.000000	315.000000	1.000000	1.000000	422.000000	1.000000	1.000000	1.000000	425.000000	1983.000000	2388.000000	1162.000000	1.000000	1.000000	585.000000	618.000000	431.000000	1.000000	243.000000	1.000000	275.000000
690.000000	339.000000	167.000000	1.000000	1.000000	1.000000	509.000000	1.000000	1.000000	1.000000	1.000000	1.000000	1.000000	1.000000	211.000000	436.000000	1.000000	1.000000	1.000000	1.000000	1.000000
306.000000	1.000000	179.000000	221.000000	1.000000	259.000000	961.000000	2249.000000	1.000000	1.000000	505.000000	445.000000	1.000000	1.000000	1.000000	1.000000	1.000000	1.000000	1.000000	1.000000	1.000000
379.000000	1.000000	1.000000	1.000000	1.000000	184.000000	342.000000	859.000000	329.000000	477.000000	499.000000	1694.000000	752.000000	225.000000	1.000000	1.000000	1.000000	289.000000	90.000000	1.000000	147.000000
1.000000	257.000000	542.000000	688.000000	308.000000	1.000000	1.000000	741.000000	1105.000000	889.000000	437.000000	1.000000	370.000000	330.000000	1.000000	1.000000	1.000000	255.000000	516.000000	173.000000	367.000000
207.000000	470.000000	263.000000	973.000000	572.000000	595.000000	1.000000	1.000000	611.000000	1510.000000	746.000000	1.000000	1.000000	1.000000	1.000000	1.000000	1.000000	202.000000	486.000000	239.000000	1.000000
1.000000	987.000000	273.000000	848.000000	1395.000000	831.000000	545.000000	1.000000	1.000000	1.000000	1.000000	474.000000	1.000000	1.000000	1.000000	1.000000	139.000000	202.000000	411.000000	409.000000	405.000000
272.000000	1.000000	311.000000	243.000000	1323.000000	1222.000000	677.000000	218.000000	1.000000	1.000000	1.000000	1.000000	1.000000	1.000000	1.000000	1.000000	1.000000	1.000000	597.000000	433.000000	195.000000
257.000000	1.000000	1.000000	1.000000	189.000000	1133.000000	253.000000	1.000000	1.000000	1.000000	1.000000	1.000000	1.000000	1.000000	1.000000	1.000000	1.000000	1.000000	187.000000	1.000000	228.000000
1.000000	1.000000	1.000000	1.000000	1.000000	1.000000	1.000000	1.000000	1.000000	1.000000	1.000000	1.000000	1.000000	1.000000	1.000000	1.000000	1.000000	1.000000	1.000000	1.000000	1.000000
1.000000	1.000000	1.000000	1.000000	1.000000	1.000000	1.000000	1.000000	1.000000	1.000000	1.000000	1.000000	1.000000	1.000000	1.000000	1.000000	1.000000	1.000000	1.000000	1.000000	1.000000
