21 25 0
239.000000	1.000000	1.000000	499.000000	1023.000000	1317.000000	3415.000000	3266.000000	1689.000000	701.000000	1.000000	785.000000	1541.000000	1078.000000	1516.000000	1138.000000	407.000000	1.000000	585.000000	601.000000	807.000000
1.000000	1.000000	349.000000	1896.000000	2850.000000	2647.000000	1902.000000	596.000000	1.000000	243.000000	728.000000	1102.000000	1319.000000	659.000000	1777.000000	1438.000000	517.000000	1023.000000	561.000000	489.000000	401.000000
1.000000	1.000000	1469.000000	2537.000000	1466.000000	396.000000	1.000000	1.000000	1.000000	1.000000	1.000000	1.000000	1.000000	71.000000	475.000000	199.000000	1.000000	473.000000	1.000000	1.000000	1.000000
1.000000	1.000000	1776.000000	1009.000000	483.000000	1.000000	1.000000	157.000000	1.000000	1.000000	1.000000	1.000000	1.000000	1.000000	1.000000	1.000000	1.000000	1.000000	1.000000	1.000000	1.000000
1.000000	1.000000	1438.000000	1244.000000	288.000000	1.000000	233.000000	304.000000	1.000000	1.000000	340.000000	970.000000	654.000000	311.000000	1.000000	139.000000	1.000000	1.000000	1.000000	1.000000	225.000000
1.000000	383.000000	2768.000000	1299.000000	1.000000	1.000000	1.000000	1.000000	1.000000	1.000000	163.000000	985.000000	824.000000	487.000000	706.000000	442.000000	157.000000	1.000000	1.000000	1.000000	359.000000
1.000000	991.000000	2793.000000	374.000000	1.000000	1.000000	1.000000	1.000000	1.000000	1.000000	303.000000	1.000000	1.000000	1.000000	1.000000	1.000000	1.000000	1.000000	1.000000	1.000000	361.000000
489.000000	1945.000000	2595.000000	191.000000	1.000000	1.000000	1.000000	1.000000	1.000000	811.000000	3363.000000	1.000000	1.000000	1.000000	1.000000	1.000000	1.000000	1.000000	1.000000	325.000000	1.000000
1.000000	1736.000000	1.000000	379.000000	655.000000	281.000000	1790.000000	1884.000000	1050.000000	3736.000000	2556.000000	1.000000	1.000000	1216.000000	186.000000	1288.000000	491.000000	1.000000	905.000000	675.000000	578.000000
1.000000	467.000000	443.000000	507.000000	753.000000	863.000000	1743.000000	221.000000	656.000000	1895.000000	1.000000	1.000000	181.000000	2815.000000	1285.000000	1604.000000	1.000000	888.000000	1474.000000	568.000000	806.000000
277.000000	355.000000	329.000000	1.000000	165.000000	183.000000	1.000000	299.000000	1.000000	718.000000	339.000000	1.000000	462.000000	1117.000000	1.000000	1.000000	175.000000	565.000000	431.000000	1.000000	347.000000
796.000000	263.000000	195.000000	155.000000	231.000000	623.000000	1.000000	1.000000	778.000000	1169.000000	1.000000	1.000000	459.000000	418.000000	1.000000	1.000000	1.000000	1.000000	1.000000	411.000000	461.000000
343.000000	263.000000	517.000000	1.000000	593.000000	208.000000	1.000000	1.000000	1.000000	1.000000	1.000000	1.000000	1191.000000	875.000000	1.000000	1.000000	1.000000	1.000000	387.000000	401.000000	195.000000
1.000000	171.000000	989.000000	1217.000000	674.000000	207.000000	621.000000	186.000000	1.000000	449.000000	361.000000	1401.000000	2533.000000	628.000000	1.000000	1.000000	1.000000	627.000000	1062.000000	1.000000	1.000000
1.000000	236.000000	735.000000	414.000000	187.000000	1.000000	642.000000	747.000000	634.000000	1149.000000	499.000000	298.000000	247.000000	317.000000	1.000000	1.000000	642.000000	1213.000000	181.000000	1.000000	142.000000
1.000000	1.000000	567.000000	1.000000	1.000000	1.000000	1.000000	1.000000	1.000000	1.000000	1.000000	1.000000	1.000000	1.000000	1.000000	585.000000	974.000000	427.000000	167.000000	498.000000	626.000000
1.000000	223.000000	249.000000	1.000000	1.000000	267.000000	253.000000	1.000000	513.000000	1017.000000	652.000000	367.000000	623.000000	859.000000	1.000000	855.000000	566.000000	259.000000	263.000000	554.000000	872.000000
413.000000	1.000000	368.000000	281.000000	1.000000	1.000000	339.000000	954.000000	1521.000000	509.000000	1.000000	441.000000	1191.000000	389.000000	349.000000	600.000000	203.000000	175.000000	313.000000	655.000000	254.000000
237.000000	365.000000	588.000000	1.000000	1.000000	1.000000	447.000000	1.000000	1.000000	1.000000	437.000000	1254.000000	802.000000	1.000000	1.000000	220.000000	1.000000	307.000000	151.000000	157.000000	374.000000
385.000000	619.000000	193.000000	1.000000	1.000000	1.000000	1.000000	471.000000	137.000000	349.000000	1153.000000	579.000000	1.000000	1.000000	169.000000	165.000000	445.000000	409.000000	331.000000	86.000000	1.000000
890.000000	293.000000	1.000000	438.000000	1.000000	467.000000	175.000000	1.000000	1.000000	1.000000	1.000000	1.000000	1.000000	385.000000	541.000000	855.000000	685.000000	640.000000	1.000000	506.000000	535.000000
363.000000	1.000000	1.000000	1.000000	418.000000	1.000000	1.000000	1.000000	1.000000	1.000000	1.000000	1.000000	385.000000	803.000000	1184.000000	1092.000000	703.000000	218.000000	486.000000	419.000000	872.000000
1.000000	1.000000	1.000000	419.000000	1.000000	1.000000	1.000000	1.000000	1.000000	1.000000	1.000000	1.000000	1.000000	623.000000	859.000000	276.000000	1.000000	1.000000	1.000000	467.000000	177.000000
1.000000	1.000000	1.000000	1.000000	1.000000	1.000000	1.000000	1.000000	1.000000	1.000000	1.000000	1.000000	1.000000	1.000000	1.000000	1.000000	1.000000	1.000000	1.000000	1.000000	1.000000
1.000000	1.000000	1.000000	1.000000	1.000000	1.000000	1.000000	1.000000	1.000000	1.000000	1.000000	1.000000	1.000000	1.000000	1.000000	1.000000	1.000000	1.000000	1.000000	1.000000	1.000000
