21 25 0
1.000000	1.000000	1.000000	1.000000	838.000000	1.000000	1960.000000	1314.000000	1.000000	1.000000	1.000000	1.000000	245.000000	232.000000	617.000000	588.000000	1.000000	1.000000	820.000000	1245.000000	468.000000
1.000000	1.000000	327.000000	1405.000000	1426.000000	255.000000	701.000000	850.000000	1.000000	1.000000	299.000000	1.000000	1.000000	283.000000	1000.000000	510.000000	369.000000	1.000000	561.000000	1132.000000	947.000000
1.000000	1.000000	1365.000000	2726.000000	1203.000000	1.000000	1.000000	1.000000	1.000000	1.000000	1.000000	1.000000	1.000000	1.000000	367.000000	479.000000	184.000000	430.000000	344.000000	479.000000	901.000000
1.000000	73.000000	2268.000000	2498.000000	975.000000	1.000000	1.000000	306.000000	1.000000	1.000000	323.000000	777.000000	720.000000	150.000000	312.000000	1.000000	567.000000	1027.000000	291.000000	383.000000	822.000000
1.000000	444.000000	2272.000000	2524.000000	706.000000	1.000000	1.000000	149.000000	1.000000	1.000000	323.000000	965.000000	1046.000000	479.000000	634.000000	318.000000	465.000000	159.000000	177.000000	389.000000	949.000000
1.000000	665.000000	2354.000000	2030.000000	431.000000	1.000000	1.000000	1.000000	1.000000	1.000000	1.000000	311.000000	438.000000	1.000000	1.000000	141.000000	161.000000	1.000000	320.000000	345.000000	639.000000
1.000000	1361.000000	2517.000000	349.000000	1.000000	1.000000	1.000000	1.000000	1.000000	633.000000	469.000000	1.000000	1.000000	1.000000	544.000000	1095.000000	966.000000	1.000000	155.000000	449.000000	1061.000000
493.000000	1647.000000	2096.000000	191.000000	1.000000	1.000000	1.000000	1.000000	371.000000	3797.000000	2895.000000	1.000000	1.000000	1.000000	1.000000	1369.000000	1067.000000	139.000000	1512.000000	714.000000	1313.000000
493.000000	1729.000000	1872.000000	1.000000	1.000000	1.000000	1.000000	1.000000	1.000000	3859.000000	3216.000000	1.000000	1.000000	671.000000	1.000000	199.000000	1353.000000	650.000000	1786.000000	843.000000	1213.000000
1.000000	1.000000	1678.000000	204.000000	1.000000	1.000000	463.000000	1.000000	1.000000	2050.000000	1430.000000	1.000000	1.000000	2182.000000	1.000000	1.000000	197.000000	779.000000	735.000000	762.000000	829.000000
803.000000	1.000000	1902.000000	852.000000	1.000000	1.000000	351.000000	1.000000	1.000000	1765.000000	977.000000	1.000000	1725.000000	2600.000000	166.000000	1.000000	1.000000	569.000000	189.000000	601.000000	997.000000
1445.000000	177.000000	853.000000	686.000000	419.000000	865.000000	351.000000	1.000000	286.000000	2441.000000	640.000000	1.000000	1809.000000	2545.000000	294.000000	1.000000	1.000000	1.000000	1.000000	479.000000	215.000000
820.000000	263.000000	1222.000000	634.000000	223.000000	1082.000000	533.000000	1.000000	438.000000	2040.000000	221.000000	183.000000	1803.000000	2118.000000	294.000000	1.000000	1.000000	1.000000	431.000000	429.000000	1.000000
1.000000	461.000000	1899.000000	944.000000	1.000000	347.000000	857.000000	343.000000	1.000000	1.000000	1.000000	199.000000	2241.000000	1664.000000	198.000000	1.000000	209.000000	428.000000	741.000000	637.000000	1.000000
177.000000	205.000000	1800.000000	1284.000000	394.000000	338.000000	411.000000	474.000000	511.000000	1.000000	1.000000	1.000000	1238.000000	1076.000000	1.000000	1.000000	437.000000	429.000000	283.000000	1.000000	1.000000
237.000000	417.000000	1407.000000	1483.000000	470.000000	1.000000	520.000000	1.000000	513.000000	985.000000	1.000000	1.000000	497.000000	1070.000000	1.000000	1.000000	1039.000000	516.000000	189.000000	289.000000	625.000000
1.000000	423.000000	946.000000	1194.000000	259.000000	1.000000	1.000000	1.000000	999.000000	1495.000000	475.000000	1.000000	643.000000	566.000000	1.000000	896.000000	815.000000	289.000000	243.000000	467.000000	833.000000
1.000000	223.000000	893.000000	703.000000	179.000000	387.000000	500.000000	1.000000	1003.000000	509.000000	1.000000	1.000000	383.000000	180.000000	179.000000	572.000000	494.000000	259.000000	561.000000	841.000000	947.000000
239.000000	396.000000	597.000000	531.000000	695.000000	812.000000	799.000000	365.000000	1.000000	1.000000	1.000000	361.000000	1.000000	1.000000	394.000000	483.000000	1041.000000	437.000000	753.000000	1151.000000	544.000000
241.000000	607.000000	437.000000	227.000000	537.000000	1905.000000	1651.000000	887.000000	1.000000	1.000000	1.000000	1.000000	1.000000	1.000000	235.000000	202.000000	739.000000	604.000000	509.000000	524.000000	207.000000
1046.000000	277.000000	575.000000	1022.000000	239.000000	1171.000000	2231.000000	887.000000	1.000000	1.000000	1.000000	1.000000	1.000000	1.000000	511.000000	544.000000	519.000000	741.000000	349.000000	751.000000	490.000000
967.000000	277.000000	663.000000	1130.000000	784.000000	1.000000	992.000000	202.000000	1.000000	1.000000	188.000000	1.000000	1.000000	441.000000	1122.000000	283.000000	431.000000	655.000000	150.000000	535.000000	470.000000
1.000000	1.000000	596.000000	1.000000	253.000000	1.000000	1.000000	1.000000	1.000000	1.000000	189.000000	1.000000	1.000000	363.000000	712.000000	214.000000	1.000000	1.000000	1.000000	1.000000	1.000000
1.000000	1.000000	1.000000	1.000000	1.000000	1.000000	1.000000	1.000000	1.000000	1.000000	1.000000	1.000000	1.000000	1.000000	1.000000	1.000000	1.000000	1.000000	1.000000	1.000000	1.000000
1.000000	1.000000	1.000000	1.000000	1.000000	1.000000	1.000000	1.000000	1.000000	1.000000	1.000000	1.000000	1.000000	1.000000	1.000000	1.000000	1.000000	1.000000	1.000000	1.000000	1.000000
