21 25 0
1.000000	1.000000	1.000000	1.000000	1.000000	1.000000	1.000000	1.000000	1.000000	1.000000	1.000000	1.000000	1.000000	1.000000	1.000000	1.000000	1.000000	321.000000	990.000000	1391.000000	769.000000
1.000000	1.000000	1.000000	1.000000	1.000000	1.000000	1.000000	1.000000	149.000000	1.000000	1.000000	1.000000	1.000000	1.000000	1.000000	1.000000	1.000000	1.000000	232.000000	721.000000	546.000000
1.000000	1.000000	597.000000	365.000000	1.000000	1.000000	1.000000	158.000000	328.000000	528.000000	884.000000	1125.000000	601.000000	141.000000	1.000000	281.000000	346.000000	160.000000	1.000000	364.000000	754.000000
1.000000	1.000000	1005.000000	1224.000000	1.000000	1.000000	177.000000	1.000000	1.000000	379.000000	1134.000000	1267.000000	1226.000000	841.000000	603.000000	180.000000	1062.000000	823.000000	160.000000	583.000000	167.000000
1.000000	1.000000	1356.000000	1512.000000	252.000000	1.000000	1.000000	1.000000	1.000000	1.000000	1.000000	147.000000	313.000000	313.000000	337.000000	89.000000	170.000000	330.000000	280.000000	1.000000	453.000000
1.000000	1.000000	710.000000	1264.000000	429.000000	197.000000	1.000000	1.000000	1.000000	1.000000	1.000000	1.000000	1.000000	1.000000	1.000000	1.000000	1.000000	1.000000	211.000000	1.000000	633.000000
1.000000	107.000000	1.000000	201.000000	935.000000	1639.000000	1680.000000	1415.000000	2332.000000	1340.000000	1.000000	1.000000	2021.000000	2310.000000	1211.000000	1530.000000	539.000000	1.000000	1.000000	455.000000	724.000000
1.000000	1331.000000	1.000000	1.000000	211.000000	906.000000	388.000000	354.000000	1514.000000	2973.000000	1.000000	1.000000	663.000000	1075.000000	1992.000000	3030.000000	2651.000000	939.000000	942.000000	449.000000	1344.000000
1.000000	293.000000	317.000000	1.000000	1.000000	1.000000	1.000000	1.000000	1.000000	978.000000	757.000000	1.000000	1.000000	1.000000	1.000000	1088.000000	1759.000000	503.000000	1460.000000	269.000000	451.000000
1.000000	229.000000	1951.000000	1.000000	1.000000	1.000000	1.000000	1.000000	1.000000	1.000000	435.000000	1.000000	1.000000	1.000000	1.000000	1.000000	1.000000	322.000000	407.000000	267.000000	1.000000
491.000000	1.000000	508.000000	1988.000000	1.000000	1.000000	401.000000	1.000000	1.000000	1.000000	1.000000	1.000000	1007.000000	1415.000000	1.000000	1.000000	1.000000	1.000000	1.000000	1.000000	1.000000
951.000000	406.000000	267.000000	1203.000000	1301.000000	222.000000	1.000000	1.000000	714.000000	1724.000000	250.000000	1.000000	1261.000000	1937.000000	255.000000	1.000000	162.000000	1.000000	291.000000	1.000000	1.000000
695.000000	811.000000	1.000000	1.000000	202.000000	810.000000	1.000000	1.000000	1254.000000	3252.000000	2386.000000	409.000000	611.000000	1346.000000	1.000000	1.000000	249.000000	462.000000	1.000000	1.000000	244.000000
1.000000	205.000000	1679.000000	189.000000	1.000000	166.000000	1.000000	1.000000	1.000000	513.000000	513.000000	1.000000	735.000000	759.000000	1.000000	227.000000	650.000000	101.000000	1.000000	183.000000	277.000000
303.000000	175.000000	1754.000000	1044.000000	420.000000	1.000000	281.000000	379.000000	1.000000	1.000000	1.000000	1.000000	1.000000	434.000000	1.000000	1.000000	1.000000	1.000000	1.000000	1.000000	1.000000
237.000000	205.000000	836.000000	1447.000000	485.000000	177.000000	540.000000	1122.000000	1805.000000	1886.000000	1.000000	1.000000	569.000000	1299.000000	217.000000	1.000000	1.000000	1.000000	1.000000	1.000000	1.000000
1.000000	259.000000	683.000000	562.000000	400.000000	1.000000	1.000000	1.000000	1.000000	511.000000	1.000000	448.000000	517.000000	472.000000	235.000000	203.000000	1.000000	1.000000	1.000000	1.000000	78.000000
1.000000	1.000000	277.000000	987.000000	611.000000	372.000000	1.000000	1.000000	1.000000	1.000000	1.000000	1.000000	1.000000	1.000000	1.000000	1.000000	1.000000	1.000000	1.000000	1.000000	152.000000
1.000000	1.000000	1.000000	593.000000	1214.000000	263.000000	310.000000	1.000000	1.000000	1.000000	1.000000	1.000000	1.000000	1.000000	175.000000	1.000000	613.000000	177.000000	1.000000	345.000000	310.000000
1.000000	1.000000	449.000000	275.000000	421.000000	1518.000000	1264.000000	731.000000	1.000000	1.000000	1.000000	1.000000	1.000000	1.000000	1.000000	177.000000	222.000000	1.000000	409.000000	304.000000	343.000000
1.000000	299.000000	353.000000	1.000000	325.000000	1924.000000	2273.000000	2032.000000	1845.000000	1281.000000	705.000000	1.000000	1.000000	285.000000	1.000000	1.000000	1.000000	1.000000	308.000000	158.000000	489.000000
217.000000	415.000000	1.000000	846.000000	265.000000	1.000000	1527.000000	1420.000000	999.000000	1456.000000	1389.000000	637.000000	303.000000	1.000000	399.000000	1.000000	1.000000	1.000000	1.000000	382.000000	151.000000
1.000000	1.000000	1.000000	1.000000	412.000000	1.000000	1.000000	1.000000	1.000000	1.000000	1.000000	1.000000	1.000000	1.000000	1.000000	1.000000	1.000000	1.000000	1.000000	1.000000	284.000000
1.000000	1.000000	1.000000	1.000000	1.000000	1.000000	1.000000	1.000000	1.000000	1.000000	1.000000	1.000000	1.000000	1.000000	1.000000	1.000000	1.000000	1.000000	1.000000	1.000000	1.000000
1.000000	1.000000	1.000000	1.000000	1.000000	1.000000	1.000000	1.000000	1.000000	1.000000	1.000000	1.000000	1.000000	1.000000	1.000000	1.000000	1.000000	1.000000	1.000000	1.000000	1.000000
