21 25 0
1723.000000	1015.000000	1230.000000	803.000000	140.000000	1.000000	1.000000	1.000000	1.000000	1.000000	1.000000	1.000000	1.000000	1.000000	1.000000	1.000000	1.000000	1.000000	1.000000	1.000000	209.000000
793.000000	741.000000	598.000000	160.000000	1.000000	1.000000	1.000000	289.000000	147.000000	1.000000	1.000000	1.000000	1.000000	1.000000	1.000000	1.000000	1.000000	1.000000	1.000000	1.000000	291.000000
229.000000	621.000000	153.000000	1.000000	1.000000	981.000000	793.000000	1023.000000	377.000000	516.000000	528.000000	325.000000	1.000000	1.000000	1.000000	1.000000	1.000000	339.000000	1.000000	1.000000	602.000000
577.000000	311.000000	319.000000	1.000000	1569.000000	1417.000000	1127.000000	502.000000	350.000000	901.000000	1037.000000	189.000000	96.000000	1.000000	192.000000	1.000000	164.000000	1.000000	977.000000	570.000000	167.000000
1075.000000	539.000000	160.000000	1.000000	1.000000	169.000000	1.000000	1.000000	1.000000	1.000000	1.000000	1.000000	1.000000	1.000000	1.000000	1.000000	1.000000	546.000000	287.000000	711.000000	231.000000
836.000000	485.000000	1.000000	1.000000	197.000000	1.000000	1.000000	845.000000	717.000000	305.000000	1.000000	1.000000	1.000000	1.000000	1.000000	1.000000	1.000000	1.000000	615.000000	195.000000	453.000000
409.000000	1.000000	1.000000	773.000000	1754.000000	2086.000000	2775.000000	2339.000000	2708.000000	1547.000000	1.000000	1.000000	529.000000	85.000000	820.000000	275.000000	275.000000	1683.000000	1058.000000	551.000000	476.000000
1.000000	1.000000	461.000000	2143.000000	2155.000000	1744.000000	1995.000000	774.000000	684.000000	1.000000	1.000000	469.000000	3107.000000	1705.000000	655.000000	354.000000	1.000000	861.000000	623.000000	332.000000	445.000000
265.000000	1.000000	1.000000	1350.000000	1.000000	1.000000	1.000000	1.000000	1.000000	1.000000	1.000000	3101.000000	659.000000	1.000000	1.000000	1.000000	1.000000	199.000000	229.000000	907.000000	433.000000
1.000000	169.000000	1.000000	1.000000	1.000000	1.000000	1.000000	1.000000	1.000000	1.000000	210.000000	2288.000000	1.000000	1.000000	1.000000	1.000000	1.000000	1.000000	461.000000	1117.000000	463.000000
549.000000	1.000000	1.000000	1.000000	408.000000	374.000000	1.000000	1076.000000	853.000000	1.000000	205.000000	849.000000	1.000000	1.000000	361.000000	201.000000	1.000000	1.000000	857.000000	1058.000000	193.000000
315.000000	439.000000	1.000000	1.000000	620.000000	1.000000	301.000000	942.000000	1026.000000	1.000000	975.000000	1752.000000	1.000000	1.000000	291.000000	1.000000	1.000000	1224.000000	1304.000000	215.000000	307.000000
1.000000	215.000000	1.000000	1.000000	191.000000	213.000000	641.000000	1571.000000	1.000000	982.000000	2927.000000	2305.000000	1.000000	1.000000	322.000000	656.000000	1447.000000	1990.000000	490.000000	1.000000	549.000000
205.000000	1.000000	1.000000	1.000000	193.000000	394.000000	583.000000	1.000000	1.000000	441.000000	1.000000	1.000000	1.000000	1.000000	1343.000000	1761.000000	1563.000000	436.000000	244.000000	625.000000	1053.000000
1.000000	1.000000	1.000000	1.000000	367.000000	177.000000	1.000000	1.000000	1.000000	1.000000	1.000000	1.000000	1.000000	848.000000	1314.000000	1239.000000	261.000000	1.000000	491.000000	1271.000000	483.000000
1.000000	1.000000	1.000000	1.000000	386.000000	1.000000	233.000000	638.000000	270.000000	380.000000	1247.000000	1371.000000	163.000000	417.000000	1312.000000	467.000000	251.000000	491.000000	1231.000000	985.000000	191.000000
161.000000	334.000000	167.000000	1.000000	1.000000	185.000000	430.000000	171.000000	1.000000	1.000000	495.000000	1.000000	1.000000	213.000000	350.000000	245.000000	467.000000	1173.000000	1173.000000	468.000000	357.000000
491.000000	429.000000	1.000000	203.000000	1.000000	1.000000	1.000000	163.000000	1.000000	1.000000	1.000000	1.000000	1.000000	1.000000	1.000000	287.000000	791.000000	1060.000000	599.000000	358.000000	157.000000
317.000000	1.000000	1.000000	1.000000	1.000000	1.000000	1.000000	1.000000	461.000000	1.000000	1.000000	1.000000	1.000000	383.000000	239.000000	619.000000	795.000000	1099.000000	1.000000	157.000000	179.000000
277.000000	1.000000	1.000000	207.000000	1.000000	1.000000	1.000000	1.000000	1.000000	1.000000	1.000000	1.000000	489.000000	935.000000	814.000000	455.000000	632.000000	1.000000	1.000000	157.000000	167.000000
1.000000	1.000000	1.000000	193.000000	341.000000	1.000000	1.000000	703.000000	525.000000	655.000000	792.000000	1578.000000	1827.000000	1476.000000	739.000000	395.000000	1.000000	454.000000	239.000000	651.000000	1.000000
1.000000	346.000000	171.000000	1.000000	1.000000	1.000000	1.000000	1081.000000	995.000000	1043.000000	973.000000	1655.000000	1087.000000	739.000000	1.000000	391.000000	524.000000	429.000000	334.000000	1.000000	1.000000
354.000000	1.000000	1.000000	1.000000	189.000000	1.000000	1.000000	1.000000	1.000000	1.000000	1.000000	652.000000	1.000000	1.000000	1.000000	305.000000	1.000000	1.000000	218.000000	1.000000	1.000000
1.000000	1.000000	1.000000	1.000000	1.000000	1.000000	1.000000	1.000000	1.000000	1.000000	1.000000	1.000000	1.000000	1.000000	1.000000	1.000000	1.000000	1.000000	1.000000	1.000000	1.000000
1.000000	1.000000	1.000000	1.000000	1.000000	1.000000	1.000000	1.000000	1.000000	1.000000	1.000000	1.000000	1.000000	1.000000	1.000000	1.000000	1.000000	1.000000	1.000000	1.000000	1.000000
