21 25 0
967.000000	908.000000	732.000000	495.000000	1.000000	1.000000	1.000000	1.000000	351.000000	146.000000	871.000000	1.000000	157.000000	1.000000	1.000000	1.000000	726.000000	1111.000000	273.000000	1.000000	293.000000
699.000000	1083.000000	379.000000	496.000000	1.000000	385.000000	1.000000	1.000000	1.000000	1.000000	423.000000	1.000000	881.000000	1.000000	1.000000	1.000000	563.000000	1248.000000	1097.000000	576.000000	435.000000
664.000000	1254.000000	379.000000	1.000000	721.000000	769.000000	315.000000	147.000000	1.000000	1.000000	1.000000	1.000000	615.000000	1.000000	1.000000	1.000000	1.000000	1511.000000	1431.000000	1028.000000	608.000000
668.000000	742.000000	683.000000	1.000000	1372.000000	1173.000000	953.000000	147.000000	533.000000	1019.000000	343.000000	1.000000	1.000000	1.000000	155.000000	155.000000	1.000000	1027.000000	2249.000000	1564.000000	323.000000
1101.000000	1264.000000	429.000000	1.000000	908.000000	1119.000000	475.000000	1.000000	527.000000	1401.000000	531.000000	1.000000	1.000000	1.000000	1.000000	1.000000	149.000000	649.000000	1390.000000	1684.000000	537.000000
1176.000000	1343.000000	1.000000	1.000000	1.000000	487.000000	1.000000	1.000000	1.000000	646.000000	1.000000	1.000000	1.000000	1.000000	1.000000	1.000000	281.000000	555.000000	1233.000000	1717.000000	975.000000
2088.000000	1.000000	1.000000	933.000000	271.000000	198.000000	1.000000	1.000000	1.000000	1.000000	1.000000	1.000000	1.000000	1.000000	1.000000	1.000000	1.000000	623.000000	967.000000	1932.000000	1436.000000
1779.000000	1.000000	461.000000	2879.000000	616.000000	319.000000	1.000000	1.000000	1.000000	1.000000	1.000000	2840.000000	2602.000000	1.000000	1.000000	1.000000	1.000000	1011.000000	1201.000000	1956.000000	1973.000000
730.000000	1.000000	267.000000	2578.000000	712.000000	1245.000000	1.000000	1.000000	1057.000000	1.000000	1.000000	3688.000000	2345.000000	1.000000	429.000000	1.000000	1.000000	199.000000	904.000000	1878.000000	1981.000000
1.000000	1.000000	1.000000	698.000000	980.000000	1.000000	1.000000	1.000000	1085.000000	1.000000	1.000000	3285.000000	380.000000	1.000000	673.000000	201.000000	1.000000	1.000000	764.000000	1272.000000	1160.000000
495.000000	933.000000	479.000000	1.000000	853.000000	1.000000	1.000000	561.000000	1354.000000	1.000000	706.000000	2418.000000	265.000000	1.000000	429.000000	521.000000	1.000000	181.000000	1151.000000	371.000000	361.000000
1.000000	640.000000	163.000000	1.000000	162.000000	1.000000	209.000000	1284.000000	1205.000000	1.000000	930.000000	2656.000000	326.000000	1.000000	816.000000	194.000000	1.000000	293.000000	605.000000	185.000000	426.000000
1.000000	698.000000	1.000000	217.000000	1.000000	1.000000	237.000000	1290.000000	1164.000000	1.000000	588.000000	1504.000000	1.000000	1.000000	1384.000000	827.000000	446.000000	870.000000	485.000000	1.000000	585.000000
202.000000	161.000000	1.000000	449.000000	795.000000	1.000000	1.000000	442.000000	373.000000	1.000000	1.000000	1.000000	1.000000	174.000000	1632.000000	1301.000000	737.000000	507.000000	489.000000	832.000000	861.000000
585.000000	331.000000	1.000000	193.000000	1195.000000	587.000000	1.000000	1.000000	1.000000	1.000000	305.000000	1.000000	1.000000	235.000000	1318.000000	1341.000000	535.000000	1.000000	974.000000	779.000000	199.000000
621.000000	414.000000	169.000000	187.000000	1183.000000	192.000000	1.000000	1.000000	264.000000	1.000000	1.000000	1.000000	1.000000	223.000000	1047.000000	708.000000	273.000000	557.000000	1208.000000	532.000000	359.000000
357.000000	938.000000	199.000000	1.000000	667.000000	157.000000	235.000000	469.000000	353.000000	1.000000	2013.000000	1.000000	1.000000	1.000000	194.000000	289.000000	507.000000	1206.000000	1127.000000	507.000000	516.000000
699.000000	181.000000	1.000000	203.000000	1.000000	1.000000	1.000000	649.000000	353.000000	1.000000	1521.000000	1.000000	177.000000	1.000000	1.000000	261.000000	573.000000	1388.000000	827.000000	761.000000	163.000000
787.000000	275.000000	1.000000	463.000000	312.000000	1.000000	1.000000	179.000000	161.000000	1.000000	1.000000	1.000000	209.000000	1.000000	235.000000	515.000000	968.000000	1144.000000	704.000000	597.000000	341.000000
1.000000	275.000000	347.000000	1076.000000	872.000000	342.000000	1.000000	1.000000	161.000000	1.000000	1.000000	1.000000	755.000000	1008.000000	456.000000	171.000000	648.000000	888.000000	676.000000	419.000000	1.000000
1.000000	1488.000000	457.000000	771.000000	1632.000000	609.000000	371.000000	1.000000	1.000000	1.000000	1.000000	363.000000	1135.000000	1059.000000	1.000000	421.000000	353.000000	1010.000000	555.000000	257.000000	216.000000
354.000000	1483.000000	412.000000	265.000000	1556.000000	420.000000	617.000000	1.000000	1.000000	1.000000	1.000000	639.000000	580.000000	212.000000	1.000000	597.000000	553.000000	461.000000	852.000000	1.000000	300.000000
238.000000	330.000000	1.000000	1.000000	191.000000	602.000000	1.000000	1.000000	1.000000	1.000000	1.000000	1.000000	1.000000	1.000000	1.000000	1.000000	233.000000	1.000000	272.000000	1.000000	1.000000
1.000000	1.000000	1.000000	1.000000	1.000000	1.000000	1.000000	1.000000	1.000000	1.000000	1.000000	1.000000	1.000000	1.000000	1.000000	1.000000	1.000000	1.000000	1.000000	1.000000	1.000000
1.000000	1.000000	1.000000	1.000000	1.000000	1.000000	1.000000	1.000000	1.000000	1.000000	1.000000	1.000000	1.000000	1.000000	1.000000	1.000000	1.000000	1.000000	1.000000	1.000000	1.000000
