21 25 0
1.000000	1.000000	303.000000	611.000000	1435.000000	2073.000000	3300.000000	3475.000000	3094.000000	3044.000000	2782.000000	2911.000000	2205.000000	1640.000000	1412.000000	1631.000000	1923.000000	1538.000000	531.000000	1.000000	1.000000
314.000000	1.000000	349.000000	2595.000000	3250.000000	3177.000000	2243.000000	1455.000000	925.000000	985.000000	1299.000000	2094.000000	2422.000000	2281.000000	1867.000000	1907.000000	2455.000000	2646.000000	1540.000000	478.000000	1.000000
1.000000	1.000000	1130.000000	1851.000000	1795.000000	293.000000	1.000000	1.000000	1.000000	1.000000	1.000000	221.000000	475.000000	650.000000	505.000000	451.000000	449.000000	1516.000000	1482.000000	717.000000	1.000000
1.000000	1.000000	1.000000	1.000000	1.000000	1.000000	1.000000	165.000000	179.000000	1.000000	1.000000	1.000000	1.000000	197.000000	211.000000	184.000000	321.000000	1.000000	1.000000	1.000000	1.000000
1.000000	1.000000	1.000000	482.000000	637.000000	790.000000	1887.000000	1930.000000	1697.000000	1575.000000	1240.000000	890.000000	554.000000	163.000000	1.000000	173.000000	326.000000	75.000000	1.000000	1.000000	1.000000
1.000000	589.000000	791.000000	413.000000	299.000000	784.000000	1180.000000	683.000000	961.000000	1128.000000	1192.000000	1091.000000	1249.000000	1970.000000	2182.000000	2129.000000	1796.000000	631.000000	1.000000	1.000000	1.000000
1.000000	457.000000	1337.000000	1.000000	1.000000	1.000000	1.000000	1.000000	1.000000	1.000000	1.000000	1.000000	1.000000	1.000000	1.000000	161.000000	303.000000	1.000000	1.000000	1.000000	1.000000
855.000000	1421.000000	1418.000000	1.000000	487.000000	417.000000	407.000000	709.000000	673.000000	337.000000	765.000000	477.000000	1.000000	1.000000	1.000000	1.000000	1.000000	1.000000	1.000000	411.000000	411.000000
1.000000	246.000000	1.000000	1178.000000	2156.000000	2979.000000	3333.000000	3331.000000	3537.000000	3274.000000	2038.000000	822.000000	3124.000000	3312.000000	2269.000000	1368.000000	1126.000000	463.000000	593.000000	888.000000	954.000000
169.000000	1.000000	1.000000	633.000000	2156.000000	2046.000000	1737.000000	1590.000000	971.000000	299.000000	1.000000	1.000000	1020.000000	2895.000000	3140.000000	3103.000000	2522.000000	1426.000000	770.000000	1.000000	1.000000
1.000000	1.000000	1.000000	1.000000	1.000000	183.000000	1.000000	1.000000	1.000000	499.000000	587.000000	1.000000	1.000000	267.000000	267.000000	851.000000	1602.000000	1395.000000	488.000000	1.000000	155.000000
1.000000	1.000000	1.000000	1.000000	1.000000	1.000000	1.000000	1.000000	776.000000	986.000000	1281.000000	409.000000	1.000000	1.000000	1.000000	195.000000	1.000000	1.000000	1.000000	411.000000	1.000000
1.000000	1.000000	395.000000	616.000000	621.000000	1.000000	275.000000	1.000000	1.000000	1.000000	1.000000	1.000000	1.000000	1.000000	1.000000	1.000000	1.000000	1.000000	1.000000	1.000000	1.000000
254.000000	1.000000	1.000000	400.000000	798.000000	464.000000	589.000000	1674.000000	2119.000000	1691.000000	919.000000	1306.000000	1443.000000	217.000000	1.000000	1.000000	1.000000	308.000000	1.000000	1.000000	1.000000
477.000000	167.000000	281.000000	1.000000	1.000000	175.000000	1079.000000	1115.000000	2188.000000	2981.000000	3235.000000	2634.000000	329.000000	327.000000	327.000000	1.000000	1044.000000	852.000000	226.000000	1.000000	1.000000
407.000000	181.000000	1.000000	191.000000	191.000000	1.000000	1.000000	1.000000	1.000000	1.000000	1.000000	1.000000	1.000000	1.000000	1.000000	203.000000	230.000000	1.000000	1.000000	1.000000	306.000000
81.000000	1.000000	1.000000	219.000000	305.000000	803.000000	930.000000	968.000000	1855.000000	1991.000000	1716.000000	892.000000	975.000000	662.000000	175.000000	187.000000	1.000000	1.000000	155.000000	161.000000	331.000000
233.000000	1.000000	1.000000	1.000000	1.000000	184.000000	854.000000	1907.000000	2490.000000	1272.000000	986.000000	1903.000000	2213.000000	856.000000	275.000000	93.000000	1.000000	1.000000	177.000000	1.000000	1.000000
241.000000	190.000000	745.000000	1.000000	1.000000	1.000000	287.000000	287.000000	624.000000	983.000000	655.000000	503.000000	347.000000	167.000000	1.000000	213.000000	1.000000	1.000000	257.000000	1.000000	326.000000
394.000000	217.000000	1.000000	132.000000	469.000000	416.000000	959.000000	1754.000000	2681.000000	3239.000000	3152.000000	2322.000000	458.000000	215.000000	1.000000	1.000000	1.000000	237.000000	276.000000	361.000000	413.000000
373.000000	243.000000	275.000000	182.000000	164.000000	463.000000	1.000000	1.000000	240.000000	269.000000	429.000000	693.000000	290.000000	1.000000	257.000000	704.000000	269.000000	454.000000	213.000000	593.000000	1090.000000
329.000000	1.000000	1.000000	1.000000	1.000000	1.000000	245.000000	1.000000	1.000000	1.000000	1.000000	1.000000	1.000000	361.000000	972.000000	502.000000	274.000000	358.000000	218.000000	608.000000	822.000000
1.000000	1.000000	1.000000	1.000000	1.000000	1.000000	1.000000	1.000000	1.000000	1.000000	1.000000	1.000000	1.000000	1.000000	247.000000	361.000000	1.000000	161.000000	331.000000	229.000000	379.000000
1.000000	1.000000	1.000000	1.000000	1.000000	1.000000	1.000000	1.000000	1.000000	1.000000	1.000000	1.000000	1.000000	1.000000	1.000000	1.000000	1.000000	1.000000	1.000000	1.000000	1.000000
1.000000	1.000000	1.000000	1.000000	1.000000	1.000000	1.000000	1.000000	1.000000	1.000000	1.000000	1.000000	1.000000	1.000000	1.000000	1.000000	1.000000	1.000000	1.000000	1.000000	1.000000
