21 25 0
1.000000	1.000000	1059.000000	1519.000000	333.000000	1007.000000	1417.000000	1256.000000	429.000000	1.000000	1.000000	208.000000	1.000000	1.000000	1.000000	319.000000	593.000000	169.000000	1.000000	1.000000	1.000000
777.000000	1313.000000	957.000000	1.000000	751.000000	1379.000000	967.000000	592.000000	1.000000	1.000000	713.000000	1.000000	1.000000	1.000000	1.000000	1.000000	1.000000	269.000000	178.000000	441.000000	214.000000
886.000000	747.000000	155.000000	579.000000	1167.000000	1596.000000	608.000000	1.000000	1.000000	1.000000	1.000000	1.000000	1.000000	1.000000	1.000000	1.000000	253.000000	1.000000	1.000000	634.000000	1.000000
603.000000	321.000000	525.000000	1378.000000	1923.000000	1573.000000	647.000000	1.000000	171.000000	1.000000	445.000000	1.000000	830.000000	479.000000	689.000000	257.000000	1.000000	1.000000	303.000000	1.000000	359.000000
321.000000	1.000000	1552.000000	1797.000000	1719.000000	752.000000	307.000000	1.000000	1.000000	1.000000	1.000000	1.000000	468.000000	397.000000	995.000000	1.000000	1.000000	1.000000	216.000000	280.000000	153.000000
1.000000	663.000000	1955.000000	660.000000	1065.000000	1.000000	1.000000	1.000000	1.000000	1.000000	1.000000	1.000000	1.000000	1.000000	1.000000	386.000000	1.000000	219.000000	1.000000	921.000000	141.000000
953.000000	683.000000	1467.000000	1.000000	1.000000	1.000000	1.000000	1.000000	1.000000	713.000000	1.000000	1.000000	1.000000	1.000000	1.000000	1.000000	1.000000	1.000000	1.000000	235.000000	271.000000
925.000000	1947.000000	1.000000	1.000000	1.000000	1.000000	1.000000	1.000000	1961.000000	2415.000000	1576.000000	1.000000	1.000000	1.000000	1.000000	1.000000	219.000000	229.000000	306.000000	1.000000	357.000000
409.000000	921.000000	1.000000	1.000000	752.000000	463.000000	1101.000000	1534.000000	2437.000000	2185.000000	907.000000	1.000000	730.000000	1001.000000	1254.000000	1558.000000	1336.000000	662.000000	833.000000	1.000000	177.000000
323.000000	467.000000	1.000000	663.000000	1718.000000	750.000000	717.000000	801.000000	1660.000000	1019.000000	1.000000	357.000000	1192.000000	1538.000000	1356.000000	977.000000	1284.000000	643.000000	1.000000	693.000000	1.000000
325.000000	1.000000	1.000000	556.000000	576.000000	1.000000	1.000000	739.000000	755.000000	1.000000	1.000000	482.000000	511.000000	815.000000	452.000000	135.000000	331.000000	1.000000	1.000000	316.000000	1.000000
407.000000	1.000000	1.000000	329.000000	324.000000	1.000000	1.000000	1.000000	1194.000000	395.000000	525.000000	153.000000	1.000000	1.000000	330.000000	100.000000	1.000000	1.000000	1.000000	172.000000	215.000000
1.000000	1.000000	703.000000	1.000000	1.000000	1.000000	1.000000	831.000000	297.000000	253.000000	212.000000	1.000000	1.000000	1.000000	1.000000	1.000000	1.000000	1.000000	1.000000	569.000000	207.000000
1.000000	415.000000	1.000000	1.000000	1.000000	1.000000	539.000000	1190.000000	844.000000	1.000000	1.000000	1.000000	306.000000	437.000000	1.000000	1.000000	1.000000	197.000000	711.000000	857.000000	720.000000
331.000000	1.000000	1.000000	457.000000	193.000000	807.000000	1675.000000	906.000000	279.000000	1.000000	382.000000	850.000000	1752.000000	814.000000	353.000000	161.000000	1.000000	521.000000	1144.000000	557.000000	383.000000
436.000000	1.000000	457.000000	419.000000	911.000000	721.000000	1.000000	1.000000	1.000000	191.000000	1126.000000	574.000000	229.000000	1.000000	1.000000	1.000000	321.000000	794.000000	598.000000	1.000000	347.000000
1.000000	1.000000	1.000000	354.000000	314.000000	1.000000	1.000000	1.000000	497.000000	588.000000	230.000000	1.000000	1.000000	1.000000	594.000000	536.000000	245.000000	1.000000	149.000000	1.000000	225.000000
1.000000	457.000000	1.000000	227.000000	1.000000	1.000000	420.000000	981.000000	1827.000000	626.000000	431.000000	1.000000	1.000000	2005.000000	1346.000000	131.000000	1.000000	1.000000	1.000000	227.000000	151.000000
1.000000	1.000000	503.000000	935.000000	1.000000	182.000000	195.000000	915.000000	1.000000	431.000000	1.000000	1.000000	730.000000	452.000000	1.000000	1.000000	149.000000	378.000000	1.000000	411.000000	689.000000
341.000000	469.000000	1025.000000	507.000000	190.000000	497.000000	513.000000	1.000000	1.000000	1.000000	1.000000	1.000000	230.000000	627.000000	1.000000	1.000000	189.000000	169.000000	1.000000	364.000000	763.000000
733.000000	513.000000	507.000000	407.000000	1277.000000	1401.000000	1.000000	247.000000	473.000000	1.000000	1.000000	681.000000	1190.000000	820.000000	436.000000	1.000000	195.000000	1.000000	883.000000	584.000000	203.000000
415.000000	1.000000	503.000000	957.000000	1019.000000	511.000000	496.000000	267.000000	1.000000	1.000000	641.000000	529.000000	1062.000000	570.000000	1.000000	1078.000000	521.000000	1022.000000	1071.000000	726.000000	663.000000
1.000000	1392.000000	501.000000	398.000000	511.000000	498.000000	1.000000	1.000000	1.000000	1.000000	1.000000	354.000000	1.000000	1.000000	161.000000	923.000000	1004.000000	659.000000	455.000000	483.000000	411.000000
1.000000	1.000000	1.000000	483.000000	1.000000	1.000000	1.000000	1.000000	1.000000	1.000000	1.000000	1.000000	1.000000	1.000000	1.000000	726.000000	618.000000	1.000000	1.000000	1.000000	1.000000
1.000000	1.000000	1.000000	1.000000	1.000000	1.000000	1.000000	1.000000	1.000000	1.000000	1.000000	1.000000	1.000000	1.000000	588.000000	369.000000	1.000000	1.000000	1.000000	1.000000	1.000000
