21 25 0
1.000000	1.000000	1.000000	1.000000	1.000000	811.000000	173.000000	179.000000	609.000000	1.000000	323.000000	1792.000000	2005.000000	1000.000000	551.000000	170.000000	230.000000	721.000000	910.000000	745.000000	434.000000
1.000000	1.000000	1.000000	1.000000	296.000000	440.000000	211.000000	167.000000	1011.000000	1.000000	1.000000	639.000000	1862.000000	1896.000000	1764.000000	901.000000	247.000000	1.000000	630.000000	539.000000	565.000000
1.000000	1.000000	1.000000	1.000000	219.000000	218.000000	553.000000	159.000000	84.000000	442.000000	1.000000	1.000000	315.000000	947.000000	1738.000000	1862.000000	1569.000000	437.000000	806.000000	159.000000	1075.000000
1.000000	1.000000	1.000000	1.000000	159.000000	1.000000	1.000000	1.000000	1.000000	205.000000	362.000000	1.000000	1.000000	189.000000	680.000000	592.000000	1229.000000	1429.000000	899.000000	1162.000000	458.000000
1.000000	1.000000	1.000000	1.000000	317.000000	493.000000	328.000000	1.000000	1.000000	525.000000	781.000000	1166.000000	292.000000	1.000000	1.000000	1.000000	1.000000	351.000000	642.000000	904.000000	335.000000
1.000000	1099.000000	1.000000	297.000000	229.000000	1.000000	847.000000	1261.000000	308.000000	307.000000	845.000000	2337.000000	2651.000000	1198.000000	341.000000	1.000000	1.000000	1.000000	1.000000	635.000000	1.000000
443.000000	1467.000000	487.000000	1.000000	297.000000	1.000000	433.000000	1827.000000	2418.000000	1383.000000	1.000000	723.000000	1914.000000	2579.000000	3265.000000	2153.000000	1366.000000	308.000000	198.000000	495.000000	1.000000
441.000000	1.000000	1477.000000	170.000000	315.000000	1.000000	1.000000	463.000000	1728.000000	1593.000000	489.000000	1.000000	1.000000	444.000000	1001.000000	1686.000000	1955.000000	1377.000000	639.000000	442.000000	1.000000
409.000000	1.000000	945.000000	1.000000	1.000000	1.000000	1.000000	1.000000	477.000000	255.000000	1407.000000	1.000000	1.000000	1.000000	1.000000	1.000000	1.000000	205.000000	1028.000000	245.000000	167.000000
836.000000	667.000000	1273.000000	357.000000	324.000000	1.000000	1.000000	1.000000	1.000000	1.000000	307.000000	496.000000	89.000000	1.000000	1.000000	1.000000	1.000000	1.000000	1.000000	197.000000	1.000000
507.000000	319.000000	1759.000000	843.000000	817.000000	1.000000	1.000000	1.000000	1.000000	1.000000	1.000000	1226.000000	1747.000000	803.000000	1.000000	1.000000	1.000000	1.000000	1.000000	329.000000	200.000000
1.000000	1.000000	1249.000000	924.000000	1357.000000	626.000000	1.000000	719.000000	1.000000	1.000000	1.000000	1.000000	1296.000000	2056.000000	1714.000000	259.000000	1.000000	1.000000	145.000000	694.000000	361.000000
1.000000	1.000000	499.000000	432.000000	1159.000000	1390.000000	575.000000	461.000000	739.000000	361.000000	379.000000	501.000000	261.000000	950.000000	2022.000000	1640.000000	317.000000	1.000000	1.000000	517.000000	225.000000
1.000000	1.000000	843.000000	685.000000	884.000000	841.000000	1.000000	462.000000	1428.000000	1.000000	1179.000000	1567.000000	301.000000	1.000000	573.000000	1133.000000	319.000000	1.000000	1.000000	497.000000	444.000000
277.000000	1.000000	453.000000	1.000000	1.000000	177.000000	1.000000	1.000000	1.000000	961.000000	1.000000	740.000000	253.000000	451.000000	153.000000	1.000000	294.000000	1.000000	1.000000	1.000000	1.000000
491.000000	1.000000	547.000000	672.000000	369.000000	1.000000	1122.000000	721.000000	1523.000000	475.000000	1.000000	1.000000	399.000000	1339.000000	541.000000	357.000000	1.000000	1.000000	1.000000	1.000000	1.000000
1048.000000	1.000000	695.000000	1105.000000	651.000000	370.000000	333.000000	685.000000	1.000000	299.000000	381.000000	1.000000	1.000000	921.000000	1331.000000	327.000000	1.000000	1.000000	1.000000	177.000000	167.000000
1121.000000	147.000000	1.000000	575.000000	462.000000	628.000000	163.000000	1.000000	1.000000	1.000000	1.000000	1.000000	1.000000	1.000000	1.000000	1.000000	303.000000	1.000000	358.000000	149.000000	325.000000
437.000000	495.000000	1.000000	351.000000	762.000000	977.000000	883.000000	770.000000	643.000000	601.000000	1.000000	1.000000	1.000000	1.000000	1.000000	1.000000	332.000000	296.000000	301.000000	155.000000	1.000000
158.000000	367.000000	1.000000	206.000000	700.000000	357.000000	745.000000	430.000000	890.000000	852.000000	483.000000	1043.000000	505.000000	1.000000	120.000000	1.000000	189.000000	533.000000	867.000000	507.000000	182.000000
1.000000	1.000000	1.000000	1.000000	427.000000	412.000000	711.000000	842.000000	1.000000	1.000000	441.000000	1.000000	1.000000	1.000000	1.000000	631.000000	189.000000	1.000000	503.000000	727.000000	467.000000
151.000000	314.000000	1.000000	175.000000	1.000000	207.000000	855.000000	1038.000000	805.000000	197.000000	165.000000	165.000000	1.000000	1.000000	1.000000	801.000000	401.000000	189.000000	1.000000	503.000000	449.000000
1.000000	487.000000	458.000000	176.000000	209.000000	173.000000	375.000000	960.000000	704.000000	484.000000	193.000000	611.000000	481.000000	1.000000	1.000000	353.000000	798.000000	303.000000	1.000000	573.000000	590.000000
1.000000	157.000000	1.000000	1.000000	1.000000	1.000000	1.000000	417.000000	337.000000	348.000000	469.000000	181.000000	220.000000	1.000000	1.000000	1.000000	1.000000	1.000000	1.000000	1.000000	1.000000
1.000000	161.000000	153.000000	1.000000	193.000000	178.000000	1.000000	1.000000	1.000000	1.000000	241.000000	273.000000	1.000000	1.000000	1.000000	129.000000	1.000000	1.000000	1.000000	1.000000	1.000000
