21 25 0
1192.000000	429.000000	1.000000	1.000000	1.000000	1.000000	1.000000	1.000000	1.000000	1.000000	523.000000	1547.000000	1624.000000	1032.000000	546.000000	1.000000	1.000000	591.000000	760.000000	491.000000	149.000000
1.000000	1.000000	1.000000	273.000000	1080.000000	516.000000	283.000000	860.000000	505.000000	635.000000	1.000000	515.000000	1594.000000	2143.000000	1686.000000	937.000000	496.000000	309.000000	323.000000	165.000000	1.000000
1.000000	1.000000	894.000000	1186.000000	219.000000	1.000000	433.000000	555.000000	1275.000000	577.000000	1.000000	1.000000	316.000000	1147.000000	2248.000000	2033.000000	2140.000000	894.000000	318.000000	327.000000	542.000000
833.000000	953.000000	751.000000	1.000000	1.000000	1.000000	1.000000	130.000000	1.000000	1.000000	1.000000	1.000000	1.000000	231.000000	806.000000	992.000000	1589.000000	1817.000000	1494.000000	461.000000	325.000000
454.000000	1.000000	1.000000	1.000000	233.000000	388.000000	614.000000	250.000000	501.000000	784.000000	605.000000	573.000000	386.000000	218.000000	1.000000	1.000000	223.000000	351.000000	379.000000	499.000000	398.000000
1.000000	1.000000	1.000000	1.000000	1044.000000	1695.000000	2540.000000	2559.000000	2005.000000	1816.000000	1988.000000	2827.000000	2349.000000	1745.000000	854.000000	611.000000	1.000000	1.000000	1.000000	1.000000	1.000000
1.000000	489.000000	489.000000	267.000000	1450.000000	1917.000000	2204.000000	2900.000000	1801.000000	748.000000	286.000000	939.000000	2051.000000	3229.000000	3553.000000	3218.000000	2260.000000	1486.000000	158.000000	1.000000	1.000000
1.000000	1.000000	316.000000	760.000000	1702.000000	1542.000000	947.000000	1.000000	1.000000	1.000000	1.000000	1.000000	527.000000	977.000000	1592.000000	1989.000000	1731.000000	1194.000000	848.000000	255.000000	479.000000
1.000000	1.000000	1.000000	1.000000	1.000000	1.000000	1.000000	1.000000	1.000000	1.000000	1.000000	1.000000	1.000000	1.000000	1.000000	1.000000	1.000000	481.000000	1048.000000	1008.000000	1620.000000
1.000000	1.000000	1.000000	1.000000	1.000000	1.000000	1.000000	1.000000	1.000000	247.000000	484.000000	1.000000	1.000000	1.000000	1.000000	1.000000	1.000000	469.000000	469.000000	209.000000	209.000000
1.000000	1163.000000	1517.000000	831.000000	571.000000	255.000000	1.000000	1.000000	195.000000	195.000000	676.000000	601.000000	713.000000	1.000000	1.000000	1.000000	81.000000	313.000000	505.000000	151.000000	1.000000
1.000000	1.000000	575.000000	668.000000	485.000000	717.000000	917.000000	663.000000	747.000000	1.000000	1.000000	1.000000	558.000000	1476.000000	1323.000000	1246.000000	1026.000000	993.000000	729.000000	356.000000	178.000000
1.000000	1.000000	1.000000	670.000000	2088.000000	2368.000000	1903.000000	1117.000000	539.000000	711.000000	349.000000	958.000000	565.000000	1101.000000	2250.000000	2591.000000	2076.000000	723.000000	199.000000	585.000000	1.000000
407.000000	1.000000	323.000000	743.000000	1474.000000	1114.000000	725.000000	157.000000	1430.000000	1727.000000	3047.000000	1662.000000	963.000000	1.000000	600.000000	1048.000000	899.000000	623.000000	247.000000	1.000000	259.000000
183.000000	1.000000	1.000000	1.000000	1.000000	1.000000	1.000000	1.000000	232.000000	594.000000	388.000000	392.000000	392.000000	1.000000	1.000000	1.000000	1.000000	1.000000	1.000000	1.000000	245.000000
163.000000	145.000000	233.000000	1.000000	1.000000	163.000000	1325.000000	2237.000000	1671.000000	945.000000	1.000000	1.000000	433.000000	1547.000000	1270.000000	387.000000	1.000000	1.000000	1.000000	1.000000	1.000000
648.000000	326.000000	966.000000	1185.000000	765.000000	834.000000	1314.000000	1412.000000	1437.000000	861.000000	1197.000000	963.000000	1523.000000	1371.000000	1300.000000	173.000000	1.000000	313.000000	512.000000	511.000000	1.000000
139.000000	499.000000	279.000000	620.000000	738.000000	501.000000	159.000000	1.000000	1.000000	155.000000	199.000000	1.000000	1.000000	1.000000	1.000000	1.000000	371.000000	317.000000	635.000000	944.000000	319.000000
283.000000	149.000000	332.000000	367.000000	922.000000	737.000000	739.000000	1379.000000	1561.000000	1375.000000	909.000000	1.000000	231.000000	401.000000	443.000000	437.000000	289.000000	147.000000	508.000000	299.000000	1.000000
1.000000	302.000000	301.000000	796.000000	1001.000000	461.000000	913.000000	1247.000000	2010.000000	2265.000000	2030.000000	1778.000000	1052.000000	868.000000	192.000000	1.000000	163.000000	877.000000	1013.000000	293.000000	147.000000
1.000000	423.000000	807.000000	1208.000000	1255.000000	808.000000	326.000000	324.000000	1.000000	125.000000	407.000000	1.000000	1.000000	1.000000	1.000000	1.000000	382.000000	247.000000	491.000000	1303.000000	431.000000
457.000000	429.000000	143.000000	176.000000	174.000000	377.000000	1016.000000	898.000000	1112.000000	733.000000	591.000000	541.000000	373.000000	641.000000	1118.000000	527.000000	1.000000	1.000000	1.000000	1.000000	1.000000
415.000000	255.000000	147.000000	356.000000	151.000000	811.000000	675.000000	800.000000	1355.000000	882.000000	673.000000	681.000000	449.000000	1025.000000	697.000000	287.000000	1.000000	369.000000	1.000000	1.000000	659.000000
1.000000	153.000000	503.000000	503.000000	144.000000	178.000000	1.000000	155.000000	269.000000	616.000000	551.000000	470.000000	539.000000	460.000000	1.000000	1.000000	1.000000	1.000000	149.000000	148.000000	148.000000
1.000000	351.000000	1.000000	485.000000	230.000000	1.000000	1.000000	1.000000	1.000000	1.000000	1.000000	1.000000	1.000000	1.000000	1.000000	1.000000	1.000000	304.000000	1.000000	1.000000	1.000000
