21 25 0
1.000000	339.000000	753.000000	631.000000	563.000000	1468.000000	1480.000000	1512.000000	814.000000	1.000000	243.000000	771.000000	564.000000	175.000000	1.000000	323.000000	1.000000	731.000000	789.000000	378.000000	217.000000
1.000000	450.000000	287.000000	191.000000	832.000000	1664.000000	1127.000000	701.000000	547.000000	1.000000	1.000000	505.000000	392.000000	297.000000	543.000000	902.000000	1.000000	1.000000	550.000000	378.000000	571.000000
734.000000	755.000000	1.000000	615.000000	712.000000	1613.000000	832.000000	165.000000	1.000000	196.000000	1.000000	1.000000	1.000000	269.000000	682.000000	651.000000	1.000000	1.000000	823.000000	634.000000	932.000000
1.000000	371.000000	633.000000	747.000000	1894.000000	795.000000	289.000000	1.000000	1.000000	369.000000	552.000000	206.000000	1.000000	1.000000	361.000000	313.000000	350.000000	277.000000	849.000000	914.000000	721.000000
1.000000	1.000000	859.000000	918.000000	1548.000000	401.000000	1.000000	1.000000	1.000000	1.000000	241.000000	515.000000	1.000000	1.000000	1.000000	1.000000	1.000000	1.000000	611.000000	766.000000	159.000000
1.000000	479.000000	1349.000000	552.000000	622.000000	1.000000	1.000000	338.000000	355.000000	1.000000	253.000000	323.000000	568.000000	1.000000	1.000000	1.000000	1.000000	1.000000	1.000000	767.000000	1.000000
963.000000	2105.000000	1793.000000	249.000000	296.000000	1.000000	1.000000	375.000000	1840.000000	1419.000000	1.000000	1.000000	1.000000	1.000000	1.000000	161.000000	1.000000	447.000000	1.000000	1676.000000	201.000000
973.000000	1435.000000	1589.000000	1.000000	150.000000	1.000000	1.000000	425.000000	1932.000000	2919.000000	1817.000000	1.000000	1.000000	1.000000	639.000000	503.000000	521.000000	887.000000	780.000000	926.000000	434.000000
893.000000	1033.000000	1061.000000	202.000000	350.000000	1.000000	1.000000	619.000000	1749.000000	2216.000000	1669.000000	325.000000	1.000000	1.000000	550.000000	227.000000	708.000000	231.000000	932.000000	473.000000	225.000000
665.000000	1511.000000	1293.000000	443.000000	913.000000	1.000000	329.000000	1.000000	1484.000000	589.000000	1037.000000	1052.000000	268.000000	143.000000	514.000000	144.000000	778.000000	195.000000	447.000000	1168.000000	182.000000
653.000000	985.000000	1403.000000	780.000000	1173.000000	194.000000	1.000000	1.000000	1491.000000	195.000000	933.000000	1736.000000	1431.000000	1005.000000	727.000000	1.000000	74.000000	1.000000	1.000000	1521.000000	223.000000
503.000000	319.000000	1739.000000	445.000000	1424.000000	242.000000	1.000000	139.000000	1511.000000	629.000000	601.000000	1534.000000	1235.000000	1034.000000	954.000000	1.000000	1.000000	1.000000	1.000000	821.000000	256.000000
1.000000	157.000000	1669.000000	228.000000	618.000000	286.000000	1.000000	949.000000	1577.000000	493.000000	660.000000	1108.000000	289.000000	1471.000000	837.000000	209.000000	1.000000	1.000000	642.000000	633.000000	225.000000
1.000000	343.000000	1041.000000	1.000000	232.000000	419.000000	237.000000	462.000000	761.000000	1.000000	760.000000	1930.000000	681.000000	915.000000	546.000000	355.000000	1.000000	175.000000	868.000000	391.000000	649.000000
277.000000	1.000000	715.000000	441.000000	204.000000	1013.000000	650.000000	185.000000	415.000000	1.000000	186.000000	978.000000	1242.000000	691.000000	413.000000	173.000000	1.000000	471.000000	1271.000000	431.000000	701.000000
505.000000	1.000000	1039.000000	471.000000	340.000000	818.000000	457.000000	1.000000	415.000000	1.000000	419.000000	166.000000	714.000000	1.000000	572.000000	171.000000	153.000000	217.000000	844.000000	180.000000	649.000000
611.000000	143.000000	663.000000	1390.000000	389.000000	416.000000	1.000000	1.000000	1.000000	1.000000	265.000000	1.000000	1.000000	183.000000	563.000000	165.000000	231.000000	317.000000	764.000000	139.000000	667.000000
898.000000	457.000000	1.000000	783.000000	397.000000	417.000000	427.000000	163.000000	1.000000	393.000000	310.000000	1.000000	1.000000	345.000000	633.000000	165.000000	383.000000	403.000000	525.000000	537.000000	1332.000000
513.000000	511.000000	469.000000	373.000000	1.000000	621.000000	685.000000	1.000000	1.000000	1.000000	1.000000	1.000000	1.000000	655.000000	1.000000	1.000000	355.000000	367.000000	285.000000	439.000000	1226.000000
167.000000	643.000000	1017.000000	151.000000	601.000000	843.000000	792.000000	201.000000	1.000000	1.000000	1.000000	1.000000	230.000000	569.000000	170.000000	1.000000	411.000000	181.000000	857.000000	395.000000	1317.000000
1.000000	1.000000	617.000000	1.000000	988.000000	1085.000000	686.000000	635.000000	1.000000	1.000000	1.000000	206.000000	1149.000000	798.000000	1.000000	947.000000	375.000000	686.000000	1130.000000	1175.000000	1275.000000
147.000000	401.000000	361.000000	176.000000	457.000000	877.000000	615.000000	735.000000	267.000000	1.000000	125.000000	366.000000	1133.000000	229.000000	1.000000	898.000000	883.000000	1113.000000	957.000000	1021.000000	947.000000
1.000000	435.000000	409.000000	1.000000	1.000000	828.000000	359.000000	973.000000	191.000000	1.000000	1.000000	394.000000	373.000000	1.000000	1.000000	716.000000	863.000000	810.000000	141.000000	1184.000000	818.000000
1.000000	161.000000	1.000000	1.000000	1.000000	1.000000	1.000000	335.000000	1.000000	241.000000	265.000000	155.000000	1.000000	1.000000	1.000000	217.000000	360.000000	1.000000	1.000000	1.000000	1.000000
1.000000	1.000000	1.000000	121.000000	1.000000	1.000000	144.000000	1.000000	1.000000	1.000000	409.000000	1.000000	1.000000	1.000000	185.000000	393.000000	1.000000	1.000000	1.000000	1.000000	1.000000
