21 25 0
1328.000000	995.000000	1.000000	591.000000	480.000000	1.000000	1.000000	715.000000	961.000000	703.000000	861.000000	303.000000	695.000000	1.000000	1.000000	1.000000	1.000000	184.000000	175.000000	1.000000	1.000000
579.000000	125.000000	1.000000	619.000000	977.000000	179.000000	1.000000	859.000000	806.000000	1387.000000	1313.000000	591.000000	1.000000	139.000000	1.000000	679.000000	322.000000	492.000000	157.000000	1.000000	1.000000
1.000000	1.000000	1155.000000	1616.000000	179.000000	127.000000	267.000000	332.000000	746.000000	143.000000	241.000000	1.000000	1.000000	315.000000	90.000000	1.000000	341.000000	353.000000	1.000000	322.000000	226.000000
1.000000	943.000000	1533.000000	245.000000	1.000000	123.000000	1.000000	1.000000	1.000000	1.000000	1.000000	1.000000	1.000000	1.000000	1.000000	1.000000	1.000000	254.000000	208.000000	1.000000	1.000000
804.000000	518.000000	245.000000	1.000000	123.000000	1.000000	445.000000	357.000000	250.000000	1.000000	1.000000	1.000000	1.000000	1.000000	1.000000	1.000000	1.000000	1.000000	1.000000	1.000000	1.000000
1.000000	1.000000	1.000000	259.000000	697.000000	1489.000000	1965.000000	2525.000000	1594.000000	1279.000000	329.000000	425.000000	474.000000	344.000000	397.000000	1.000000	1.000000	1.000000	1.000000	1.000000	131.000000
1.000000	1.000000	1.000000	863.000000	1615.000000	1758.000000	2187.000000	1873.000000	825.000000	298.000000	1.000000	871.000000	792.000000	2074.000000	2522.000000	1613.000000	472.000000	153.000000	1.000000	1.000000	281.000000
331.000000	1.000000	352.000000	1378.000000	1634.000000	1629.000000	705.000000	1.000000	1.000000	1.000000	912.000000	1627.000000	1571.000000	708.000000	143.000000	1.000000	1.000000	1.000000	1.000000	1.000000	932.000000
311.000000	1.000000	537.000000	897.000000	1.000000	1.000000	1.000000	1.000000	1.000000	1.000000	1533.000000	1154.000000	486.000000	1.000000	1.000000	1.000000	1.000000	483.000000	1312.000000	681.000000	1526.000000
1.000000	1.000000	1.000000	1.000000	1.000000	1.000000	1.000000	1.000000	1.000000	359.000000	685.000000	431.000000	1.000000	1.000000	1.000000	1.000000	1.000000	919.000000	868.000000	824.000000	633.000000
1.000000	1.000000	1.000000	1.000000	1.000000	1.000000	1.000000	567.000000	395.000000	912.000000	169.000000	155.000000	1.000000	1.000000	1.000000	1.000000	275.000000	1252.000000	898.000000	153.000000	1.000000
1.000000	183.000000	151.000000	1.000000	1.000000	781.000000	1289.000000	831.000000	1225.000000	837.000000	1.000000	389.000000	1.000000	1.000000	1.000000	352.000000	1242.000000	1676.000000	974.000000	200.000000	1.000000
1.000000	216.000000	155.000000	171.000000	809.000000	1718.000000	2083.000000	870.000000	203.000000	633.000000	962.000000	735.000000	1.000000	1.000000	123.000000	1096.000000	1717.000000	1412.000000	272.000000	299.000000	1.000000
1.000000	1.000000	1.000000	801.000000	1152.000000	775.000000	342.000000	1.000000	473.000000	1737.000000	1380.000000	999.000000	357.000000	251.000000	1.000000	1.000000	588.000000	746.000000	248.000000	335.000000	337.000000
153.000000	1.000000	1.000000	214.000000	1.000000	1.000000	1.000000	1.000000	987.000000	957.000000	373.000000	1.000000	231.000000	1.000000	1.000000	1.000000	1.000000	237.000000	335.000000	1.000000	595.000000
145.000000	1.000000	393.000000	1.000000	1.000000	185.000000	185.000000	1521.000000	693.000000	1.000000	1.000000	1.000000	1.000000	610.000000	756.000000	163.000000	157.000000	179.000000	349.000000	514.000000	237.000000
1.000000	176.000000	169.000000	1.000000	185.000000	1212.000000	1150.000000	664.000000	1.000000	1.000000	1.000000	183.000000	1662.000000	954.000000	1.000000	1.000000	397.000000	157.000000	556.000000	722.000000	321.000000
1.000000	229.000000	149.000000	1.000000	211.000000	195.000000	1.000000	438.000000	1.000000	1.000000	135.000000	289.000000	1.000000	1.000000	1.000000	407.000000	681.000000	385.000000	643.000000	1181.000000	1.000000
285.000000	479.000000	178.000000	248.000000	237.000000	1.000000	1.000000	1.000000	1.000000	415.000000	215.000000	1.000000	1.000000	1.000000	1.000000	690.000000	162.000000	237.000000	643.000000	76.000000	171.000000
1.000000	344.000000	347.000000	436.000000	710.000000	1.000000	1.000000	190.000000	1296.000000	874.000000	1148.000000	384.000000	153.000000	190.000000	359.000000	533.000000	1.000000	535.000000	257.000000	1.000000	611.000000
1.000000	423.000000	285.000000	798.000000	612.000000	1.000000	1.000000	441.000000	1.000000	1.000000	1.000000	1.000000	1.000000	1.000000	1135.000000	636.000000	1007.000000	248.000000	1.000000	433.000000	481.000000
253.000000	1.000000	141.000000	343.000000	1.000000	1.000000	405.000000	1.000000	1.000000	451.000000	399.000000	1.000000	1.000000	1244.000000	1251.000000	1240.000000	410.000000	1.000000	373.000000	481.000000	1.000000
1.000000	1.000000	1.000000	285.000000	193.000000	871.000000	750.000000	242.000000	484.000000	193.000000	1.000000	1.000000	167.000000	1218.000000	1226.000000	452.000000	1.000000	1.000000	285.000000	285.000000	1.000000
1.000000	1.000000	1.000000	1.000000	211.000000	897.000000	1.000000	189.000000	383.000000	269.000000	1.000000	177.000000	450.000000	775.000000	441.000000	1.000000	1.000000	1.000000	399.000000	175.000000	191.000000
1.000000	1.000000	1.000000	1.000000	145.000000	1.000000	1.000000	260.000000	1.000000	223.000000	1.000000	1.000000	1.000000	1.000000	1.000000	1.000000	1.000000	1.000000	149.000000	1.000000	1.000000
