21 25 0
527.000000	1115.000000	567.000000	217.000000	379.000000	1.000000	1.000000	313.000000	1144.000000	2575.000000	1868.000000	163.000000	1.000000	576.000000	508.000000	1.000000	367.000000	178.000000	1.000000	173.000000	239.000000
1.000000	1.000000	1.000000	680.000000	216.000000	1.000000	1.000000	733.000000	678.000000	1618.000000	2384.000000	975.000000	1.000000	1.000000	1.000000	1.000000	589.000000	159.000000	223.000000	1.000000	1.000000
1.000000	339.000000	363.000000	782.000000	1.000000	1.000000	1.000000	482.000000	173.000000	535.000000	1546.000000	1677.000000	527.000000	1.000000	1.000000	1.000000	1.000000	448.000000	1.000000	1.000000	1.000000
1.000000	1233.000000	661.000000	275.000000	405.000000	1.000000	444.000000	169.000000	73.000000	1.000000	199.000000	660.000000	1441.000000	727.000000	383.000000	1.000000	1.000000	760.000000	1.000000	361.000000	1.000000
1.000000	755.000000	251.000000	1.000000	757.000000	1.000000	360.000000	139.000000	1.000000	187.000000	233.000000	1.000000	895.000000	621.000000	399.000000	289.000000	1013.000000	1596.000000	200.000000	217.000000	1.000000
503.000000	189.000000	1.000000	773.000000	335.000000	321.000000	1179.000000	635.000000	1.000000	1.000000	383.000000	1.000000	358.000000	420.000000	1.000000	1.000000	565.000000	1451.000000	426.000000	217.000000	836.000000
1003.000000	361.000000	421.000000	1933.000000	147.000000	546.000000	747.000000	493.000000	1.000000	163.000000	739.000000	653.000000	1.000000	1.000000	1.000000	1.000000	1.000000	786.000000	381.000000	657.000000	1340.000000
975.000000	511.000000	583.000000	1821.000000	369.000000	888.000000	929.000000	833.000000	1.000000	205.000000	1713.000000	2313.000000	1187.000000	1.000000	423.000000	1.000000	1.000000	503.000000	988.000000	643.000000	1264.000000
419.000000	492.000000	540.000000	1785.000000	365.000000	1.000000	151.000000	452.000000	1.000000	173.000000	1627.000000	1715.000000	1615.000000	251.000000	427.000000	334.000000	154.000000	367.000000	1165.000000	457.000000	1193.000000
1.000000	175.000000	540.000000	1229.000000	365.000000	558.000000	1.000000	413.000000	1.000000	361.000000	1472.000000	946.000000	838.000000	327.000000	1.000000	1.000000	142.000000	1180.000000	862.000000	535.000000	1218.000000
1.000000	230.000000	219.000000	269.000000	327.000000	406.000000	791.000000	720.000000	395.000000	914.000000	1386.000000	847.000000	907.000000	1.000000	383.000000	397.000000	360.000000	1850.000000	410.000000	401.000000	547.000000
461.000000	271.000000	219.000000	173.000000	1.000000	1.000000	1452.000000	788.000000	567.000000	1276.000000	1298.000000	923.000000	972.000000	465.000000	1.000000	1.000000	846.000000	2004.000000	778.000000	465.000000	331.000000
951.000000	464.000000	219.000000	679.000000	1.000000	1.000000	1102.000000	541.000000	433.000000	1176.000000	974.000000	799.000000	842.000000	979.000000	1.000000	1.000000	973.000000	1491.000000	274.000000	385.000000	1.000000
661.000000	733.000000	157.000000	621.000000	305.000000	1.000000	143.000000	227.000000	363.000000	1201.000000	1249.000000	431.000000	560.000000	670.000000	1.000000	1.000000	552.000000	1118.000000	698.000000	385.000000	578.000000
1.000000	705.000000	157.000000	215.000000	305.000000	1.000000	1.000000	715.000000	1092.000000	949.000000	451.000000	1.000000	147.000000	1.000000	1240.000000	495.000000	329.000000	552.000000	431.000000	841.000000	549.000000
1.000000	809.000000	346.000000	312.000000	671.000000	157.000000	1.000000	936.000000	1129.000000	390.000000	807.000000	1.000000	1.000000	1.000000	458.000000	1.000000	681.000000	374.000000	387.000000	810.000000	627.000000
1.000000	846.000000	169.000000	314.000000	363.000000	750.000000	1.000000	236.000000	1.000000	1.000000	1.000000	199.000000	435.000000	1.000000	1.000000	1.000000	730.000000	248.000000	387.000000	1012.000000	406.000000
1.000000	614.000000	443.000000	210.000000	159.000000	529.000000	1.000000	439.000000	357.000000	1.000000	1.000000	471.000000	535.000000	1.000000	145.000000	433.000000	657.000000	532.000000	783.000000	798.000000	237.000000
299.000000	355.000000	806.000000	1.000000	451.000000	141.000000	1.000000	1.000000	357.000000	1.000000	215.000000	1.000000	216.000000	1.000000	149.000000	1118.000000	171.000000	199.000000	496.000000	263.000000	207.000000
503.000000	204.000000	619.000000	431.000000	1222.000000	1.000000	1.000000	244.000000	861.000000	419.000000	1.000000	1.000000	1.000000	1.000000	417.000000	801.000000	355.000000	201.000000	588.000000	285.000000	859.000000
429.000000	153.000000	342.000000	781.000000	707.000000	1.000000	229.000000	451.000000	1265.000000	421.000000	291.000000	1.000000	1.000000	505.000000	941.000000	902.000000	1010.000000	873.000000	507.000000	285.000000	925.000000
429.000000	177.000000	188.000000	858.000000	535.000000	705.000000	771.000000	444.000000	600.000000	241.000000	561.000000	1.000000	1.000000	719.000000	1095.000000	1198.000000	476.000000	1165.000000	759.000000	489.000000	627.000000
270.000000	435.000000	1.000000	386.000000	1027.000000	873.000000	957.000000	243.000000	384.000000	241.000000	1.000000	1.000000	1.000000	509.000000	1417.000000	448.000000	1.000000	167.000000	159.000000	491.000000	141.000000
1.000000	1.000000	1.000000	1.000000	213.000000	491.000000	1.000000	499.000000	386.000000	277.000000	1.000000	1.000000	1.000000	165.000000	336.000000	1.000000	1.000000	1.000000	165.000000	189.000000	168.000000
1.000000	1.000000	1.000000	1.000000	145.000000	419.000000	141.000000	260.000000	386.000000	277.000000	1.000000	1.000000	1.000000	1.000000	1.000000	1.000000	1.000000	1.000000	313.000000	155.000000	168.000000
