21 25 0
1.000000	1.000000	1.000000	1.000000	1.000000	1.000000	284.000000	1.000000	597.000000	1973.000000	1158.000000	1.000000	1.000000	219.000000	1223.000000	1931.000000	1334.000000	1.000000	1.000000	147.000000	141.000000
1.000000	1.000000	1.000000	1.000000	1.000000	1.000000	1.000000	1.000000	205.000000	1200.000000	2006.000000	1061.000000	1.000000	1.000000	1.000000	738.000000	1383.000000	511.000000	211.000000	1.000000	195.000000
1.000000	121.000000	1.000000	1.000000	1.000000	1.000000	1.000000	1.000000	149.000000	243.000000	1201.000000	2349.000000	1480.000000	147.000000	1.000000	1.000000	1.000000	568.000000	1.000000	1.000000	1.000000
1.000000	1.000000	1.000000	1.000000	1.000000	137.000000	1.000000	481.000000	176.000000	137.000000	727.000000	1514.000000	2524.000000	2406.000000	757.000000	421.000000	391.000000	1.000000	1.000000	1.000000	1.000000
1.000000	518.000000	1.000000	305.000000	1.000000	1.000000	1.000000	1.000000	249.000000	299.000000	1.000000	393.000000	1327.000000	2534.000000	2509.000000	1925.000000	2299.000000	1241.000000	263.000000	1.000000	1.000000
1.000000	693.000000	437.000000	1.000000	1.000000	1.000000	1.000000	1.000000	1.000000	1.000000	150.000000	1.000000	1.000000	1.000000	752.000000	1347.000000	1662.000000	2464.000000	1691.000000	372.000000	845.000000
1.000000	1.000000	1.000000	1.000000	1.000000	1.000000	1.000000	1.000000	1.000000	327.000000	622.000000	459.000000	1.000000	1.000000	1.000000	1.000000	1.000000	1080.000000	823.000000	982.000000	1358.000000
1.000000	1.000000	1.000000	421.000000	283.000000	283.000000	751.000000	1.000000	1.000000	203.000000	1215.000000	2251.000000	899.000000	1.000000	1.000000	1.000000	1.000000	1.000000	389.000000	433.000000	599.000000
1.000000	166.000000	1010.000000	1395.000000	1863.000000	1234.000000	1316.000000	888.000000	527.000000	1.000000	385.000000	1305.000000	2662.000000	1061.000000	797.000000	511.000000	275.000000	148.000000	1.000000	1.000000	1.000000
1.000000	1.000000	196.000000	1203.000000	2166.000000	2428.000000	1954.000000	378.000000	1155.000000	257.000000	1.000000	1.000000	1526.000000	1694.000000	1309.000000	605.000000	1082.000000	1188.000000	181.000000	405.000000	1063.000000
1.000000	1.000000	1.000000	1.000000	450.000000	347.000000	900.000000	158.000000	1.000000	197.000000	603.000000	661.000000	1.000000	379.000000	758.000000	807.000000	623.000000	249.000000	1.000000	247.000000	730.000000
169.000000	1.000000	1.000000	1.000000	1.000000	1.000000	1.000000	1.000000	1.000000	1.000000	516.000000	837.000000	901.000000	479.000000	199.000000	1.000000	1.000000	458.000000	1.000000	171.000000	393.000000
475.000000	1.000000	1.000000	1.000000	1.000000	1.000000	1.000000	1.000000	1.000000	1.000000	1.000000	1.000000	917.000000	917.000000	1.000000	1.000000	1.000000	1.000000	1.000000	1.000000	1.000000
207.000000	343.000000	157.000000	495.000000	171.000000	1.000000	1.000000	150.000000	779.000000	411.000000	722.000000	1.000000	1.000000	467.000000	1.000000	1.000000	1.000000	153.000000	429.000000	1.000000	1.000000
1.000000	382.000000	430.000000	610.000000	895.000000	173.000000	1.000000	1275.000000	784.000000	1664.000000	799.000000	1.000000	1.000000	739.000000	1393.000000	587.000000	1.000000	489.000000	175.000000	795.000000	1.000000
1.000000	151.000000	1.000000	354.000000	391.000000	161.000000	1.000000	1.000000	1419.000000	365.000000	589.000000	963.000000	301.000000	1.000000	598.000000	941.000000	362.000000	1.000000	1.000000	183.000000	367.000000
1.000000	141.000000	1.000000	156.000000	199.000000	180.000000	161.000000	225.000000	1.000000	1.000000	149.000000	302.000000	681.000000	647.000000	1.000000	1.000000	553.000000	525.000000	1.000000	245.000000	235.000000
1.000000	309.000000	1.000000	178.000000	1.000000	353.000000	717.000000	1738.000000	1127.000000	1412.000000	457.000000	610.000000	709.000000	1.000000	637.000000	191.000000	1.000000	339.000000	293.000000	1.000000	129.000000
1.000000	133.000000	155.000000	202.000000	200.000000	1.000000	1.000000	1.000000	352.000000	490.000000	199.000000	435.000000	215.000000	657.000000	203.000000	448.000000	1.000000	1.000000	1.000000	409.000000	1.000000
853.000000	1.000000	1.000000	195.000000	341.000000	1.000000	206.000000	419.000000	613.000000	1.000000	1.000000	1.000000	1.000000	1.000000	1.000000	422.000000	498.000000	1.000000	1.000000	409.000000	1.000000
787.000000	1.000000	201.000000	593.000000	219.000000	1.000000	438.000000	884.000000	1070.000000	1516.000000	731.000000	1.000000	1.000000	229.000000	419.000000	186.000000	717.000000	780.000000	313.000000	1.000000	441.000000
227.000000	699.000000	710.000000	451.000000	763.000000	617.000000	311.000000	438.000000	807.000000	1328.000000	817.000000	1.000000	1.000000	151.000000	1.000000	432.000000	329.000000	787.000000	745.000000	259.000000	1.000000
324.000000	427.000000	1.000000	710.000000	1408.000000	873.000000	655.000000	430.000000	1.000000	1.000000	1.000000	1.000000	1.000000	1.000000	691.000000	228.000000	1.000000	1.000000	1.000000	654.000000	1.000000
1.000000	1.000000	1.000000	1.000000	1.000000	429.000000	1.000000	497.000000	283.000000	1.000000	1.000000	1.000000	1.000000	1.000000	1.000000	1.000000	1.000000	1.000000	1.000000	1.000000	1.000000
1.000000	1.000000	1.000000	1.000000	1.000000	211.000000	259.000000	1.000000	498.000000	282.000000	1.000000	1.000000	1.000000	1.000000	1.000000	1.000000	1.000000	1.000000	148.000000	1.000000	1.000000
