21 25 0
1.000000	1.000000	197.000000	1204.000000	663.000000	128.000000	442.000000	427.000000	1.000000	466.000000	1.000000	1.000000	1.000000	435.000000	1302.000000	2008.000000	1177.000000	207.000000	1.000000	1.000000	1.000000
855.000000	952.000000	295.000000	537.000000	535.000000	211.000000	254.000000	175.000000	1.000000	305.000000	712.000000	1.000000	1.000000	1.000000	210.000000	677.000000	1195.000000	768.000000	453.000000	410.000000	157.000000
832.000000	389.000000	1.000000	349.000000	852.000000	870.000000	145.000000	1.000000	1.000000	307.000000	755.000000	1548.000000	710.000000	332.000000	292.000000	1.000000	311.000000	349.000000	1.000000	1.000000	1.000000
329.000000	1.000000	593.000000	1030.000000	1823.000000	1551.000000	1789.000000	1184.000000	1128.000000	1149.000000	1299.000000	2104.000000	2720.000000	2187.000000	1415.000000	723.000000	376.000000	1.000000	1.000000	1.000000	1.000000
1.000000	1.000000	1053.000000	1447.000000	1153.000000	1440.000000	1125.000000	584.000000	308.000000	166.000000	149.000000	602.000000	1553.000000	2753.000000	2791.000000	2517.000000	2244.000000	1829.000000	280.000000	232.000000	181.000000
1.000000	694.000000	748.000000	839.000000	591.000000	1.000000	1.000000	1.000000	1.000000	1.000000	1.000000	1.000000	1.000000	196.000000	1167.000000	1585.000000	1908.000000	2423.000000	1967.000000	1265.000000	597.000000
1.000000	1.000000	1.000000	1.000000	1.000000	1.000000	1.000000	1.000000	1.000000	203.000000	360.000000	1.000000	1.000000	1.000000	1.000000	1.000000	1.000000	601.000000	610.000000	979.000000	1234.000000
509.000000	1.000000	1.000000	206.000000	284.000000	467.000000	467.000000	353.000000	353.000000	546.000000	1109.000000	1483.000000	557.000000	195.000000	1.000000	1.000000	1.000000	1.000000	1.000000	1.000000	357.000000
1.000000	971.000000	969.000000	391.000000	1721.000000	2456.000000	2527.000000	3035.000000	2405.000000	1437.000000	213.000000	677.000000	1273.000000	2381.000000	3185.000000	2601.000000	1510.000000	717.000000	312.000000	1.000000	1.000000
1.000000	1.000000	173.000000	1300.000000	2218.000000	2692.000000	2727.000000	2061.000000	1415.000000	1045.000000	1.000000	1.000000	1024.000000	2654.000000	2392.000000	1922.000000	1392.000000	1086.000000	477.000000	1.000000	672.000000
1.000000	1.000000	1.000000	1.000000	1.000000	145.000000	715.000000	712.000000	505.000000	1.000000	1.000000	1.000000	1.000000	365.000000	1103.000000	1840.000000	1060.000000	1.000000	1.000000	1.000000	449.000000
379.000000	1.000000	1.000000	1.000000	1.000000	1.000000	1.000000	1.000000	1.000000	420.000000	606.000000	595.000000	481.000000	479.000000	1.000000	236.000000	236.000000	1.000000	1.000000	249.000000	587.000000
249.000000	1.000000	1.000000	1.000000	1.000000	1.000000	1.000000	1.000000	1.000000	1.000000	458.000000	195.000000	447.000000	1.000000	1.000000	1.000000	1.000000	1.000000	1.000000	1.000000	1.000000
1.000000	1.000000	1.000000	1.000000	153.000000	153.000000	397.000000	581.000000	501.000000	1.000000	1.000000	1.000000	1.000000	242.000000	483.000000	449.000000	1.000000	1.000000	1.000000	143.000000	1.000000
1.000000	172.000000	525.000000	969.000000	1476.000000	1592.000000	1961.000000	1662.000000	1169.000000	1594.000000	986.000000	1191.000000	1525.000000	1417.000000	1766.000000	885.000000	501.000000	723.000000	999.000000	544.000000	172.000000
1.000000	1.000000	1.000000	624.000000	847.000000	554.000000	1.000000	1.000000	1194.000000	1273.000000	1324.000000	1355.000000	301.000000	1.000000	1.000000	565.000000	347.000000	450.000000	542.000000	197.000000	1.000000
1.000000	1.000000	1.000000	1.000000	1.000000	1.000000	289.000000	289.000000	481.000000	1.000000	464.000000	1.000000	1.000000	229.000000	345.000000	153.000000	1.000000	1.000000	1.000000	1.000000	1.000000
1.000000	141.000000	1.000000	1.000000	1.000000	297.000000	1355.000000	2515.000000	3018.000000	2068.000000	1552.000000	1075.000000	1661.000000	2122.000000	1858.000000	137.000000	1.000000	1.000000	1.000000	1.000000	1.000000
1.000000	147.000000	429.000000	704.000000	206.000000	1.000000	213.000000	821.000000	1339.000000	1108.000000	1380.000000	660.000000	805.000000	884.000000	1.000000	1.000000	1.000000	1.000000	485.000000	485.000000	1.000000
969.000000	631.000000	693.000000	477.000000	246.000000	440.000000	705.000000	591.000000	563.000000	143.000000	1.000000	1.000000	1.000000	153.000000	189.000000	1.000000	1.000000	1.000000	1.000000	1.000000	1.000000
647.000000	475.000000	255.000000	412.000000	641.000000	1005.000000	789.000000	1088.000000	1650.000000	1505.000000	1721.000000	1534.000000	1378.000000	865.000000	362.000000	1.000000	344.000000	367.000000	159.000000	159.000000	1.000000
1.000000	901.000000	1482.000000	1507.000000	1427.000000	975.000000	719.000000	428.000000	905.000000	1825.000000	1219.000000	808.000000	786.000000	281.000000	1.000000	1.000000	162.000000	1370.000000	1144.000000	1202.000000	733.000000
1.000000	673.000000	803.000000	1003.000000	1368.000000	683.000000	511.000000	1.000000	1.000000	1.000000	1.000000	1.000000	1.000000	1.000000	1.000000	147.000000	382.000000	392.000000	151.000000	381.000000	1.000000
1.000000	1.000000	1.000000	1.000000	1.000000	1.000000	1.000000	1.000000	1.000000	1.000000	1.000000	1.000000	1.000000	1.000000	1.000000	317.000000	421.000000	159.000000	1.000000	1.000000	1.000000
1.000000	1.000000	1.000000	1.000000	1.000000	1.000000	211.000000	415.000000	1.000000	1.000000	1.000000	1.000000	1.000000	1.000000	133.000000	333.000000	1.000000	1.000000	1.000000	1.000000	147.000000
