21 25 0
1350.000000	1247.000000	1838.000000	2271.000000	2972.000000	3589.000000	3459.000000	2961.000000	2171.000000	1603.000000	1061.000000	946.000000	610.000000	450.000000	213.000000	213.000000	767.000000	963.000000	606.000000	708.000000	1377.000000
1112.000000	1127.000000	1377.000000	1600.000000	1454.000000	885.000000	420.000000	284.000000	279.000000	214.000000	1.000000	1.000000	1.000000	1.000000	1.000000	1.000000	1.000000	345.000000	1.000000	233.000000	293.000000
1.000000	1.000000	1.000000	1.000000	1.000000	1.000000	1.000000	1.000000	225.000000	167.000000	1.000000	172.000000	213.000000	196.000000	194.000000	179.000000	177.000000	1.000000	1.000000	159.000000	1.000000
1.000000	1.000000	1.000000	233.000000	784.000000	774.000000	1136.000000	1529.000000	1440.000000	997.000000	1110.000000	1079.000000	1348.000000	1951.000000	2047.000000	1380.000000	537.000000	1.000000	1.000000	153.000000	1.000000
159.000000	381.000000	634.000000	1349.000000	1420.000000	1031.000000	891.000000	789.000000	940.000000	1114.000000	1272.000000	1271.000000	1150.000000	1334.000000	1610.000000	1685.000000	1452.000000	1073.000000	350.000000	211.000000	1.000000
175.000000	602.000000	601.000000	1.000000	1.000000	1.000000	1.000000	1.000000	209.000000	199.000000	180.000000	179.000000	179.000000	358.000000	400.000000	256.000000	168.000000	261.000000	261.000000	261.000000	1.000000
767.000000	766.000000	1.000000	1.000000	1.000000	183.000000	1799.000000	362.000000	1.000000	1.000000	181.000000	1.000000	1.000000	1.000000	939.000000	1626.000000	1.000000	1.000000	1.000000	1.000000	139.000000
292.000000	292.000000	274.000000	415.000000	1.000000	1.000000	493.000000	651.000000	799.000000	898.000000	1076.000000	1093.000000	395.000000	634.000000	640.000000	1006.000000	550.000000	1.000000	1.000000	161.000000	1.000000
1.000000	1.000000	637.000000	2059.000000	1641.000000	999.000000	1020.000000	1445.000000	2005.000000	1189.000000	1.000000	1.000000	966.000000	751.000000	487.000000	1.000000	1.000000	195.000000	195.000000	298.000000	293.000000
1.000000	1.000000	604.000000	955.000000	684.000000	1642.000000	2435.000000	2357.000000	758.000000	164.000000	1.000000	1.000000	746.000000	1951.000000	2154.000000	1920.000000	1637.000000	1340.000000	685.000000	838.000000	817.000000
864.000000	396.000000	1.000000	141.000000	248.000000	241.000000	209.000000	205.000000	1.000000	1.000000	1.000000	1.000000	1.000000	1.000000	1201.000000	2055.000000	1243.000000	828.000000	379.000000	161.000000	507.000000
489.000000	1.000000	1.000000	1.000000	562.000000	500.000000	188.000000	1.000000	523.000000	1738.000000	2538.000000	1701.000000	834.000000	1.000000	227.000000	439.000000	386.000000	257.000000	1.000000	1.000000	888.000000
915.000000	1.000000	1.000000	1.000000	1.000000	1.000000	1.000000	1.000000	249.000000	447.000000	339.000000	338.000000	1.000000	1.000000	243.000000	390.000000	234.000000	1.000000	1.000000	1.000000	1.000000
1.000000	402.000000	1.000000	1.000000	1.000000	1.000000	1.000000	641.000000	155.000000	1.000000	1.000000	1.000000	1.000000	1.000000	1.000000	1.000000	1.000000	1.000000	1.000000	643.000000	493.000000
233.000000	427.000000	531.000000	759.000000	774.000000	299.000000	998.000000	2003.000000	2120.000000	2550.000000	1873.000000	1616.000000	1899.000000	814.000000	1.000000	1.000000	1.000000	1.000000	477.000000	531.000000	671.000000
221.000000	437.000000	908.000000	799.000000	1491.000000	686.000000	249.000000	476.000000	453.000000	1279.000000	2410.000000	1381.000000	548.000000	1.000000	1.000000	514.000000	905.000000	670.000000	734.000000	533.000000	580.000000
885.000000	309.000000	177.000000	792.000000	857.000000	965.000000	444.000000	494.000000	591.000000	461.000000	738.000000	344.000000	333.000000	495.000000	875.000000	635.000000	728.000000	678.000000	499.000000	377.000000	911.000000
1.000000	1.000000	159.000000	158.000000	1.000000	1.000000	823.000000	973.000000	595.000000	297.000000	389.000000	561.000000	1269.000000	1718.000000	1385.000000	254.000000	154.000000	566.000000	1126.000000	847.000000	405.000000
1.000000	1.000000	224.000000	172.000000	171.000000	1.000000	155.000000	846.000000	1172.000000	974.000000	586.000000	734.000000	1097.000000	999.000000	155.000000	1.000000	451.000000	1486.000000	659.000000	163.000000	167.000000
1.000000	177.000000	249.000000	177.000000	1.000000	1.000000	1.000000	1241.000000	1846.000000	1773.000000	1439.000000	1372.000000	1307.000000	455.000000	1.000000	1.000000	255.000000	785.000000	515.000000	176.000000	422.000000
1.000000	614.000000	657.000000	1.000000	1.000000	204.000000	1.000000	539.000000	2259.000000	2356.000000	2215.000000	2336.000000	1504.000000	641.000000	1.000000	303.000000	147.000000	481.000000	1.000000	1.000000	488.000000
197.000000	1.000000	1.000000	742.000000	1055.000000	1.000000	462.000000	462.000000	1.000000	1.000000	1.000000	1.000000	1.000000	1.000000	186.000000	361.000000	544.000000	193.000000	347.000000	467.000000	413.000000
1.000000	1.000000	1.000000	1.000000	1.000000	1147.000000	1.000000	1.000000	1.000000	1.000000	1.000000	1.000000	1.000000	1.000000	377.000000	404.000000	206.000000	1.000000	249.000000	391.000000	1.000000
1.000000	1.000000	1.000000	1.000000	1.000000	1.000000	1.000000	1.000000	1.000000	1.000000	1.000000	1.000000	1.000000	1.000000	1.000000	1.000000	1.000000	1.000000	1.000000	1.000000	1.000000
1.000000	1.000000	1.000000	1.000000	1.000000	1.000000	1.000000	1.000000	1.000000	1.000000	1.000000	1.000000	1.000000	1.000000	1.000000	1.000000	1.000000	1.000000	1.000000	1.000000	1.000000
