21 25 0
1.000000	810.000000	701.000000	692.000000	1.000000	1.000000	1.000000	1.000000	1.000000	1.000000	221.000000	242.000000	1.000000	1.000000	1.000000	189.000000	1075.000000	838.000000	1.000000	1189.000000	663.000000
1.000000	453.000000	430.000000	210.000000	1.000000	372.000000	606.000000	1.000000	1.000000	1.000000	1.000000	1.000000	1.000000	197.000000	180.000000	1.000000	553.000000	1061.000000	320.000000	720.000000	684.000000
1.000000	443.000000	1.000000	1.000000	1.000000	590.000000	551.000000	161.000000	511.000000	164.000000	177.000000	1.000000	1.000000	197.000000	598.000000	1.000000	317.000000	1000.000000	284.000000	595.000000	571.000000
339.000000	430.000000	641.000000	1.000000	398.000000	815.000000	679.000000	333.000000	798.000000	818.000000	372.000000	1.000000	1.000000	163.000000	671.000000	380.000000	317.000000	822.000000	635.000000	632.000000	564.000000
378.000000	826.000000	511.000000	1.000000	163.000000	1531.000000	822.000000	1.000000	487.000000	404.000000	462.000000	1.000000	1.000000	163.000000	151.000000	1.000000	319.000000	1372.000000	982.000000	305.000000	590.000000
334.000000	410.000000	353.000000	432.000000	385.000000	1505.000000	1177.000000	1.000000	1.000000	1.000000	1.000000	1.000000	1.000000	1.000000	1.000000	1.000000	343.000000	1262.000000	987.000000	382.000000	837.000000
1.000000	672.000000	519.000000	336.000000	655.000000	1.000000	1032.000000	843.000000	1.000000	1.000000	215.000000	2401.000000	1767.000000	1.000000	1.000000	1.000000	365.000000	980.000000	735.000000	455.000000	1058.000000
1.000000	1258.000000	1094.000000	404.000000	1219.000000	1.000000	569.000000	537.000000	1.000000	1.000000	527.000000	3112.000000	1651.000000	403.000000	1.000000	1.000000	365.000000	1074.000000	610.000000	705.000000	1105.000000
1.000000	1311.000000	1067.000000	405.000000	1660.000000	1327.000000	479.000000	189.000000	443.000000	1.000000	771.000000	3398.000000	967.000000	403.000000	1.000000	1.000000	361.000000	864.000000	382.000000	1017.000000	1170.000000
347.000000	1.000000	806.000000	368.000000	1333.000000	1512.000000	1.000000	1.000000	1293.000000	1.000000	1151.000000	2789.000000	495.000000	157.000000	1808.000000	1.000000	1.000000	611.000000	1.000000	963.000000	392.000000
401.000000	1.000000	1.000000	598.000000	1247.000000	789.000000	1.000000	408.000000	1228.000000	267.000000	1406.000000	1645.000000	424.000000	1.000000	1121.000000	844.000000	1.000000	658.000000	998.000000	982.000000	251.000000
479.000000	1.000000	1.000000	589.000000	576.000000	860.000000	599.000000	608.000000	257.000000	1.000000	1251.000000	1493.000000	609.000000	1.000000	757.000000	1060.000000	71.000000	656.000000	1559.000000	667.000000	1.000000
1028.000000	1.000000	1.000000	1.000000	288.000000	1013.000000	998.000000	446.000000	1.000000	1.000000	1853.000000	1984.000000	611.000000	1.000000	277.000000	291.000000	763.000000	849.000000	1507.000000	809.000000	1.000000
1271.000000	468.000000	1.000000	1.000000	363.000000	999.000000	235.000000	182.000000	759.000000	489.000000	1478.000000	1334.000000	414.000000	1.000000	1.000000	243.000000	748.000000	837.000000	1233.000000	897.000000	1.000000
205.000000	237.000000	784.000000	1.000000	364.000000	529.000000	1.000000	465.000000	1269.000000	490.000000	464.000000	1.000000	1.000000	1.000000	423.000000	273.000000	899.000000	596.000000	603.000000	1.000000	1.000000
1.000000	1.000000	913.000000	225.000000	364.000000	739.000000	347.000000	363.000000	359.000000	1.000000	1.000000	1.000000	1.000000	1.000000	503.000000	273.000000	436.000000	473.000000	221.000000	1.000000	410.000000
254.000000	325.000000	444.000000	150.000000	1.000000	259.000000	658.000000	396.000000	1.000000	1.000000	699.000000	729.000000	355.000000	1.000000	1.000000	815.000000	1369.000000	451.000000	372.000000	1.000000	587.000000
254.000000	271.000000	240.000000	630.000000	178.000000	1.000000	1166.000000	884.000000	1.000000	1.000000	622.000000	1234.000000	1.000000	1.000000	231.000000	1309.000000	901.000000	483.000000	1180.000000	182.000000	467.000000
751.000000	371.000000	1080.000000	1162.000000	518.000000	1.000000	307.000000	481.000000	493.000000	1.000000	1.000000	1.000000	1.000000	1.000000	605.000000	1868.000000	978.000000	671.000000	696.000000	414.000000	1009.000000
939.000000	1.000000	1237.000000	1879.000000	473.000000	1.000000	1.000000	272.000000	1172.000000	101.000000	424.000000	1.000000	1.000000	775.000000	1518.000000	1117.000000	480.000000	490.000000	877.000000	328.000000	985.000000
760.000000	1.000000	942.000000	1946.000000	666.000000	397.000000	1.000000	1.000000	743.000000	943.000000	475.000000	1.000000	708.000000	1942.000000	1417.000000	711.000000	256.000000	658.000000	811.000000	248.000000	885.000000
179.000000	1.000000	276.000000	2119.000000	1154.000000	664.000000	290.000000	1.000000	381.000000	725.000000	1.000000	409.000000	895.000000	1368.000000	982.000000	297.000000	257.000000	1061.000000	401.000000	296.000000	924.000000
179.000000	1.000000	200.000000	547.000000	1434.000000	511.000000	1.000000	1.000000	664.000000	1.000000	1.000000	769.000000	709.000000	470.000000	250.000000	297.000000	1.000000	575.000000	166.000000	287.000000	394.000000
1.000000	1.000000	1.000000	1.000000	1.000000	1.000000	1.000000	1.000000	1.000000	1.000000	1.000000	1.000000	1.000000	1.000000	1.000000	1.000000	1.000000	1.000000	1.000000	1.000000	1.000000
1.000000	1.000000	1.000000	1.000000	1.000000	1.000000	1.000000	1.000000	1.000000	1.000000	1.000000	1.000000	1.000000	1.000000	1.000000	1.000000	1.000000	1.000000	1.000000	1.000000	1.000000
