21 25 0
1.000000	331.000000	1.000000	1.000000	1.000000	1.000000	1.000000	1.000000	1.000000	1.000000	1.000000	133.000000	137.000000	275.000000	668.000000	254.000000	324.000000	632.000000	929.000000	812.000000	199.000000
1.000000	306.000000	565.000000	344.000000	428.000000	1.000000	1.000000	1.000000	1.000000	1.000000	225.000000	597.000000	724.000000	740.000000	868.000000	1336.000000	894.000000	606.000000	532.000000	982.000000	697.000000
504.000000	266.000000	373.000000	797.000000	421.000000	1.000000	156.000000	1.000000	327.000000	541.000000	614.000000	753.000000	304.000000	293.000000	389.000000	677.000000	890.000000	498.000000	72.000000	829.000000	571.000000
788.000000	755.000000	368.000000	514.000000	152.000000	1.000000	1.000000	1.000000	1.000000	153.000000	172.000000	170.000000	154.000000	1.000000	1.000000	161.000000	166.000000	155.000000	175.000000	1.000000	157.000000
205.000000	1.000000	74.000000	402.000000	852.000000	1.000000	1.000000	1.000000	1.000000	1.000000	1.000000	1.000000	1.000000	410.000000	1.000000	1.000000	1.000000	1.000000	1.000000	1.000000	263.000000
262.000000	1.000000	227.000000	1127.000000	854.000000	1.000000	303.000000	1757.000000	1453.000000	493.000000	76.000000	649.000000	1690.000000	2236.000000	2229.000000	1033.000000	758.000000	1.000000	1.000000	155.000000	1.000000
1.000000	1.000000	194.000000	1.000000	581.000000	1.000000	259.000000	690.000000	2228.000000	1696.000000	1.000000	1.000000	189.000000	422.000000	901.000000	675.000000	316.000000	273.000000	991.000000	269.000000	1.000000
630.000000	302.000000	499.000000	1.000000	1.000000	919.000000	1.000000	1.000000	626.000000	2403.000000	797.000000	1.000000	1.000000	445.000000	1589.000000	711.000000	183.000000	1.000000	273.000000	754.000000	1.000000
937.000000	398.000000	1.000000	499.000000	1.000000	1.000000	507.000000	1.000000	1.000000	918.000000	612.000000	1.000000	1.000000	1.000000	460.000000	1635.000000	1154.000000	1.000000	1.000000	499.000000	1.000000
1390.000000	1089.000000	820.000000	219.000000	1.000000	1.000000	1.000000	1.000000	1.000000	1.000000	1.000000	373.000000	177.000000	1.000000	1.000000	462.000000	460.000000	1.000000	1.000000	327.000000	188.000000
407.000000	968.000000	953.000000	640.000000	1.000000	1.000000	1.000000	1.000000	1.000000	1.000000	1.000000	1.000000	1562.000000	1017.000000	1.000000	1.000000	1.000000	1.000000	1.000000	164.000000	1.000000
1.000000	595.000000	1685.000000	1003.000000	201.000000	1.000000	1.000000	1.000000	410.000000	1.000000	1.000000	1.000000	858.000000	1414.000000	768.000000	1.000000	1.000000	1.000000	1.000000	73.000000	1.000000
1.000000	287.000000	1666.000000	1155.000000	1033.000000	1.000000	1.000000	252.000000	1943.000000	2609.000000	770.000000	1.000000	574.000000	1374.000000	1205.000000	297.000000	1.000000	1.000000	1.000000	1.000000	608.000000
1.000000	1.000000	803.000000	1632.000000	1301.000000	195.000000	1.000000	449.000000	476.000000	2460.000000	1962.000000	841.000000	1.000000	1012.000000	1420.000000	1083.000000	302.000000	355.000000	296.000000	144.000000	477.000000
1027.000000	1.000000	1.000000	571.000000	642.000000	1.000000	382.000000	708.000000	472.000000	509.000000	513.000000	1.000000	1.000000	287.000000	599.000000	1119.000000	1.000000	102.000000	461.000000	595.000000	1.000000
811.000000	734.000000	168.000000	146.000000	301.000000	1.000000	682.000000	2025.000000	1.000000	464.000000	1.000000	1.000000	306.000000	950.000000	1.000000	256.000000	265.000000	190.000000	1.000000	1.000000	456.000000
1.000000	731.000000	551.000000	582.000000	1609.000000	730.000000	1.000000	552.000000	1652.000000	897.000000	1.000000	1.000000	512.000000	830.000000	824.000000	1.000000	1.000000	1.000000	225.000000	190.000000	215.000000
1.000000	1.000000	727.000000	482.000000	1059.000000	1457.000000	631.000000	1.000000	1.000000	1406.000000	592.000000	270.000000	1.000000	1.000000	330.000000	1.000000	1.000000	1.000000	166.000000	469.000000	653.000000
505.000000	1.000000	187.000000	486.000000	484.000000	1649.000000	886.000000	1.000000	320.000000	617.000000	788.000000	1.000000	1.000000	1.000000	1.000000	1.000000	191.000000	652.000000	219.000000	267.000000	250.000000
1.000000	505.000000	1.000000	1.000000	1044.000000	1350.000000	885.000000	366.000000	1.000000	1.000000	1.000000	1.000000	1.000000	1.000000	1.000000	1.000000	311.000000	749.000000	525.000000	485.000000	239.000000
1.000000	324.000000	1.000000	1.000000	551.000000	1858.000000	2310.000000	1548.000000	912.000000	199.000000	1.000000	289.000000	1.000000	1.000000	1.000000	1.000000	639.000000	253.000000	298.000000	360.000000	265.000000
1.000000	281.000000	460.000000	164.000000	1.000000	260.000000	1819.000000	2548.000000	2228.000000	891.000000	441.000000	869.000000	647.000000	1.000000	1.000000	1.000000	1.000000	1.000000	1.000000	510.000000	148.000000
543.000000	1.000000	401.000000	84.000000	1.000000	1.000000	1.000000	623.000000	1719.000000	1214.000000	1.000000	1.000000	604.000000	420.000000	1.000000	1.000000	1.000000	1.000000	1.000000	1.000000	1.000000
1.000000	1.000000	1.000000	1.000000	1.000000	1.000000	1.000000	1.000000	1.000000	1.000000	1.000000	1.000000	1.000000	1.000000	1.000000	1.000000	1.000000	1.000000	1.000000	1.000000	1.000000
1.000000	1.000000	1.000000	1.000000	1.000000	1.000000	1.000000	1.000000	1.000000	1.000000	1.000000	1.000000	1.000000	1.000000	1.000000	1.000000	1.000000	1.000000	1.000000	1.000000	1.000000
