21 25 0
1.000000	354.000000	489.000000	1403.000000	513.000000	1403.000000	442.000000	1060.000000	737.000000	371.000000	1.000000	1.000000	643.000000	666.000000	1.000000	187.000000	1.000000	82.000000	807.000000	411.000000	1.000000
244.000000	354.000000	749.000000	1684.000000	1194.000000	521.000000	1.000000	440.000000	391.000000	1.000000	1.000000	139.000000	81.000000	1.000000	133.000000	140.000000	334.000000	169.000000	633.000000	1104.000000	478.000000
244.000000	217.000000	509.000000	838.000000	1149.000000	1.000000	1.000000	1.000000	1.000000	1.000000	1.000000	145.000000	466.000000	150.000000	151.000000	493.000000	693.000000	512.000000	750.000000	356.000000	406.000000
201.000000	392.000000	693.000000	1294.000000	1200.000000	1.000000	1.000000	301.000000	1.000000	161.000000	177.000000	336.000000	685.000000	165.000000	1.000000	466.000000	685.000000	385.000000	445.000000	172.000000	463.000000
574.000000	649.000000	748.000000	2094.000000	1178.000000	1.000000	265.000000	156.000000	1.000000	1.000000	332.000000	340.000000	338.000000	247.000000	1.000000	1.000000	388.000000	1.000000	155.000000	545.000000	263.000000
824.000000	1100.000000	926.000000	1812.000000	940.000000	1.000000	1.000000	1.000000	313.000000	1.000000	1.000000	1.000000	75.000000	1.000000	1.000000	391.000000	153.000000	1.000000	279.000000	408.000000	263.000000
811.000000	918.000000	816.000000	1216.000000	800.000000	326.000000	1.000000	1.000000	688.000000	2081.000000	565.000000	1.000000	1.000000	1.000000	355.000000	1300.000000	1.000000	1.000000	777.000000	648.000000	215.000000
1102.000000	752.000000	875.000000	1174.000000	647.000000	326.000000	1.000000	1.000000	528.000000	3350.000000	1413.000000	1.000000	1.000000	258.000000	375.000000	1794.000000	1.000000	1.000000	1397.000000	1299.000000	373.000000
1174.000000	1011.000000	1238.000000	1292.000000	405.000000	1.000000	520.000000	200.000000	453.000000	2822.000000	963.000000	1.000000	400.000000	286.000000	1.000000	1172.000000	402.000000	1.000000	1260.000000	1386.000000	202.000000
1167.000000	844.000000	1631.000000	1284.000000	341.000000	1.000000	405.000000	324.000000	455.000000	2411.000000	754.000000	1.000000	1706.000000	498.000000	1.000000	199.000000	774.000000	527.000000	812.000000	868.000000	647.000000
934.000000	667.000000	1599.000000	1191.000000	342.000000	131.000000	422.000000	1.000000	1.000000	1122.000000	408.000000	1.000000	2082.000000	597.000000	176.000000	223.000000	159.000000	709.000000	1.000000	83.000000	889.000000
1.000000	679.000000	1771.000000	860.000000	313.000000	1.000000	1.000000	1.000000	805.000000	1664.000000	353.000000	1.000000	1185.000000	1304.000000	380.000000	238.000000	155.000000	271.000000	250.000000	199.000000	1419.000000
1.000000	405.000000	1566.000000	1074.000000	313.000000	1.000000	1.000000	1.000000	1549.000000	1957.000000	1264.000000	485.000000	964.000000	1776.000000	1155.000000	1.000000	1.000000	1.000000	1.000000	858.000000	1142.000000
1.000000	181.000000	1053.000000	1000.000000	686.000000	1.000000	357.000000	305.000000	470.000000	1833.000000	1266.000000	486.000000	822.000000	1577.000000	303.000000	1.000000	1.000000	1.000000	158.000000	788.000000	1026.000000
1.000000	389.000000	225.000000	777.000000	931.000000	1.000000	436.000000	352.000000	471.000000	462.000000	1.000000	622.000000	463.000000	691.000000	356.000000	1.000000	1.000000	273.000000	542.000000	658.000000	392.000000
725.000000	737.000000	76.000000	949.000000	600.000000	1.000000	1.000000	317.000000	1.000000	1.000000	1.000000	1.000000	219.000000	432.000000	687.000000	1.000000	1.000000	257.000000	834.000000	444.000000	235.000000
1.000000	737.000000	495.000000	475.000000	704.000000	692.000000	1.000000	1.000000	383.000000	319.000000	1.000000	1.000000	219.000000	1051.000000	1243.000000	1.000000	1.000000	315.000000	443.000000	597.000000	312.000000
1.000000	809.000000	715.000000	323.000000	704.000000	1203.000000	553.000000	1.000000	1.000000	225.000000	1.000000	1.000000	341.000000	1457.000000	793.000000	1.000000	229.000000	762.000000	673.000000	839.000000	435.000000
823.000000	1008.000000	939.000000	326.000000	967.000000	1583.000000	848.000000	1.000000	1.000000	1.000000	1.000000	270.000000	667.000000	1080.000000	1.000000	1.000000	686.000000	821.000000	829.000000	922.000000	235.000000
785.000000	1186.000000	1122.000000	1.000000	846.000000	1623.000000	1616.000000	230.000000	1.000000	1.000000	1.000000	484.000000	771.000000	231.000000	1.000000	447.000000	1654.000000	686.000000	857.000000	838.000000	155.000000
661.000000	1461.000000	873.000000	1.000000	305.000000	1661.000000	2124.000000	1279.000000	1.000000	1.000000	584.000000	1040.000000	739.000000	1.000000	1.000000	1267.000000	1356.000000	519.000000	1004.000000	857.000000	149.000000
739.000000	1166.000000	612.000000	1.000000	284.000000	636.000000	1838.000000	1554.000000	805.000000	1.000000	574.000000	523.000000	321.000000	1.000000	934.000000	1087.000000	327.000000	389.000000	858.000000	780.000000	310.000000
705.000000	240.000000	400.000000	188.000000	206.000000	1.000000	538.000000	338.000000	808.000000	367.000000	1.000000	150.000000	218.000000	1.000000	361.000000	701.000000	293.000000	384.000000	180.000000	454.000000	1.000000
1.000000	1.000000	1.000000	1.000000	1.000000	1.000000	1.000000	1.000000	1.000000	1.000000	1.000000	1.000000	1.000000	1.000000	1.000000	1.000000	1.000000	1.000000	1.000000	1.000000	1.000000
1.000000	1.000000	1.000000	1.000000	1.000000	1.000000	1.000000	1.000000	1.000000	1.000000	1.000000	1.000000	1.000000	1.000000	1.000000	1.000000	1.000000	1.000000	1.000000	1.000000	1.000000
