21 25 0
1.000000	654.000000	365.000000	657.000000	1.000000	1.000000	1.000000	1.000000	1.000000	1.000000	1.000000	303.000000	326.000000	366.000000	345.000000	329.000000	159.000000	1.000000	1.000000	219.000000	1.000000
1.000000	273.000000	316.000000	1.000000	1.000000	1.000000	591.000000	672.000000	849.000000	1008.000000	1257.000000	888.000000	683.000000	660.000000	972.000000	606.000000	448.000000	347.000000	1.000000	248.000000	332.000000
1.000000	1.000000	338.000000	139.000000	603.000000	827.000000	1132.000000	535.000000	856.000000	735.000000	750.000000	1070.000000	321.000000	90.000000	753.000000	512.000000	146.000000	228.000000	390.000000	686.000000	185.000000
585.000000	163.000000	176.000000	158.000000	145.000000	147.000000	152.000000	1.000000	1.000000	1.000000	182.000000	156.000000	1.000000	1.000000	168.000000	1.000000	157.000000	236.000000	376.000000	588.000000	364.000000
1.000000	1.000000	80.000000	1.000000	1.000000	953.000000	1026.000000	314.000000	235.000000	1.000000	1.000000	1.000000	1.000000	1.000000	772.000000	1.000000	1.000000	151.000000	761.000000	81.000000	552.000000
70.000000	144.000000	1.000000	609.000000	1044.000000	2205.000000	1705.000000	1862.000000	1567.000000	962.000000	1.000000	201.000000	1179.000000	1546.000000	1202.000000	1.000000	1.000000	820.000000	634.000000	1.000000	742.000000
150.000000	1.000000	371.000000	1089.000000	878.000000	1071.000000	521.000000	183.000000	454.000000	202.000000	1.000000	963.000000	1663.000000	976.000000	402.000000	1.000000	1.000000	555.000000	237.000000	140.000000	726.000000
1.000000	1.000000	350.000000	1.000000	72.000000	1.000000	1700.000000	970.000000	1.000000	1.000000	1.000000	1607.000000	1008.000000	87.000000	1.000000	1.000000	361.000000	1023.000000	275.000000	391.000000	823.000000
1.000000	171.000000	350.000000	1.000000	1.000000	1302.000000	510.000000	1.000000	1.000000	1.000000	313.000000	2033.000000	461.000000	1.000000	1.000000	478.000000	1149.000000	137.000000	392.000000	451.000000	871.000000
1.000000	413.000000	1.000000	1.000000	398.000000	1.000000	1.000000	1.000000	184.000000	1.000000	721.000000	2224.000000	1.000000	1.000000	427.000000	145.000000	1.000000	1.000000	1.000000	1121.000000	471.000000
1.000000	1.000000	1.000000	1.000000	703.000000	150.000000	1.000000	913.000000	1206.000000	251.000000	880.000000	1.000000	1.000000	1.000000	229.000000	1.000000	1.000000	386.000000	473.000000	471.000000	707.000000
170.000000	156.000000	1.000000	1.000000	75.000000	1.000000	564.000000	1121.000000	211.000000	1.000000	731.000000	1.000000	1.000000	1.000000	325.000000	1.000000	139.000000	672.000000	1424.000000	810.000000	474.000000
531.000000	1.000000	1.000000	429.000000	1.000000	1390.000000	1833.000000	542.000000	1.000000	941.000000	1344.000000	1833.000000	2063.000000	1.000000	312.000000	1.000000	859.000000	1115.000000	1287.000000	744.000000	202.000000
646.000000	1.000000	1.000000	1.000000	585.000000	1938.000000	626.000000	265.000000	845.000000	1058.000000	1814.000000	1730.000000	345.000000	1.000000	219.000000	241.000000	1464.000000	1461.000000	1094.000000	548.000000	249.000000
509.000000	1.000000	1.000000	1.000000	555.000000	240.000000	277.000000	332.000000	729.000000	970.000000	402.000000	1.000000	1.000000	1.000000	694.000000	808.000000	1313.000000	1114.000000	249.000000	1.000000	418.000000
1.000000	1.000000	274.000000	1.000000	1.000000	481.000000	1.000000	1.000000	847.000000	1.000000	1.000000	1.000000	209.000000	331.000000	669.000000	169.000000	374.000000	378.000000	440.000000	402.000000	177.000000
1.000000	275.000000	1.000000	1.000000	1.000000	1.000000	227.000000	1.000000	1.000000	1.000000	205.000000	1004.000000	788.000000	1.000000	1.000000	231.000000	684.000000	308.000000	1.000000	1.000000	1.000000
1.000000	568.000000	1.000000	1.000000	1.000000	1.000000	1.000000	1.000000	1.000000	289.000000	761.000000	577.000000	1.000000	1.000000	1.000000	1087.000000	1018.000000	167.000000	1.000000	1.000000	338.000000
375.000000	1.000000	1.000000	1.000000	1.000000	1.000000	1.000000	163.000000	355.000000	580.000000	1012.000000	375.000000	1.000000	1.000000	868.000000	1985.000000	613.000000	1.000000	223.000000	1.000000	688.000000
470.000000	1.000000	471.000000	558.000000	1.000000	1.000000	1.000000	1.000000	1.000000	1.000000	374.000000	1.000000	1.000000	311.000000	2064.000000	1182.000000	155.000000	481.000000	397.000000	1.000000	887.000000
471.000000	1.000000	1.000000	865.000000	1.000000	1.000000	1.000000	1.000000	837.000000	310.000000	1.000000	368.000000	744.000000	2110.000000	2078.000000	473.000000	328.000000	285.000000	392.000000	164.000000	437.000000
180.000000	1.000000	224.000000	179.000000	217.000000	261.000000	238.000000	1203.000000	1827.000000	1342.000000	703.000000	1705.000000	2405.000000	2111.000000	682.000000	1.000000	255.000000	703.000000	222.000000	437.000000	754.000000
1.000000	1.000000	224.000000	634.000000	355.000000	1.000000	1.000000	332.000000	629.000000	1.000000	1.000000	1512.000000	725.000000	360.000000	1.000000	1.000000	312.000000	255.000000	248.000000	296.000000	459.000000
1.000000	1.000000	1.000000	1.000000	1.000000	1.000000	1.000000	1.000000	1.000000	1.000000	1.000000	1.000000	1.000000	1.000000	1.000000	1.000000	1.000000	1.000000	1.000000	1.000000	1.000000
1.000000	1.000000	1.000000	1.000000	1.000000	1.000000	1.000000	1.000000	1.000000	1.000000	1.000000	1.000000	1.000000	1.000000	1.000000	1.000000	1.000000	1.000000	1.000000	1.000000	1.000000
