21 25 0
673.000000	915.000000	701.000000	405.000000	1502.000000	2249.000000	1480.000000	1269.000000	292.000000	354.000000	603.000000	1.000000	1.000000	1.000000	1.000000	215.000000	1160.000000	1018.000000	350.000000	1286.000000	1473.000000
1.000000	428.000000	1.000000	1.000000	588.000000	437.000000	1.000000	1.000000	1.000000	1.000000	1.000000	1.000000	1.000000	1.000000	1.000000	1.000000	325.000000	1045.000000	331.000000	293.000000	951.000000
1.000000	1.000000	1.000000	1.000000	1.000000	1.000000	1.000000	1.000000	1.000000	1.000000	1.000000	1.000000	1.000000	212.000000	194.000000	1.000000	195.000000	627.000000	460.000000	242.000000	444.000000
1.000000	1.000000	1.000000	1.000000	1.000000	307.000000	157.000000	161.000000	1243.000000	979.000000	508.000000	1.000000	169.000000	771.000000	1139.000000	792.000000	397.000000	515.000000	214.000000	1.000000	149.000000
150.000000	165.000000	1.000000	1.000000	1.000000	1.000000	142.000000	297.000000	524.000000	799.000000	269.000000	1.000000	1.000000	161.000000	514.000000	574.000000	488.000000	1214.000000	217.000000	225.000000	1.000000
1.000000	1.000000	1.000000	1.000000	1.000000	1.000000	1.000000	1.000000	1.000000	191.000000	176.000000	1.000000	1.000000	1.000000	174.000000	173.000000	1.000000	477.000000	437.000000	541.000000	500.000000
1.000000	1.000000	203.000000	1.000000	1.000000	474.000000	1870.000000	748.000000	1.000000	1.000000	213.000000	920.000000	1.000000	1.000000	1.000000	1.000000	363.000000	1.000000	1.000000	216.000000	1.000000
1.000000	587.000000	407.000000	326.000000	395.000000	1.000000	481.000000	1995.000000	772.000000	1.000000	525.000000	2604.000000	1142.000000	457.000000	1.000000	1.000000	1.000000	790.000000	1.000000	386.000000	1.000000
1.000000	368.000000	1007.000000	1186.000000	1306.000000	915.000000	317.000000	829.000000	1.000000	1.000000	1.000000	1510.000000	1950.000000	2236.000000	318.000000	1.000000	1.000000	223.000000	138.000000	1.000000	202.000000
205.000000	1.000000	484.000000	580.000000	1541.000000	1511.000000	223.000000	255.000000	859.000000	1.000000	1.000000	1.000000	297.000000	1571.000000	2364.000000	753.000000	1.000000	227.000000	244.000000	483.000000	1.000000
417.000000	1.000000	1.000000	588.000000	287.000000	73.000000	1.000000	1.000000	1.000000	1.000000	371.000000	745.000000	150.000000	1.000000	1089.000000	1872.000000	438.000000	199.000000	770.000000	1.000000	1.000000
700.000000	1.000000	1.000000	275.000000	493.000000	361.000000	1.000000	1.000000	1.000000	1.000000	608.000000	1602.000000	444.000000	1.000000	369.000000	542.000000	287.000000	448.000000	434.000000	248.000000	1.000000
1143.000000	1.000000	1.000000	1.000000	1.000000	1.000000	1.000000	1.000000	1.000000	1.000000	276.000000	384.000000	380.000000	444.000000	235.000000	1.000000	71.000000	369.000000	1.000000	1.000000	1.000000
613.000000	879.000000	1.000000	1.000000	1.000000	1.000000	172.000000	2050.000000	479.000000	1.000000	1.000000	1.000000	1.000000	233.000000	1.000000	355.000000	1.000000	94.000000	1.000000	218.000000	1.000000
174.000000	142.000000	628.000000	306.000000	356.000000	256.000000	1.000000	831.000000	2961.000000	1909.000000	396.000000	1.000000	1.000000	245.000000	181.000000	163.000000	1.000000	1.000000	324.000000	219.000000	1.000000
1.000000	304.000000	823.000000	647.000000	375.000000	1091.000000	477.000000	460.000000	1216.000000	1684.000000	1690.000000	673.000000	1.000000	199.000000	835.000000	785.000000	149.000000	79.000000	137.000000	77.000000	175.000000
447.000000	153.000000	310.000000	1306.000000	443.000000	1484.000000	1834.000000	344.000000	420.000000	290.000000	693.000000	484.000000	459.000000	1.000000	166.000000	1074.000000	684.000000	1.000000	553.000000	76.000000	1.000000
187.000000	1.000000	307.000000	404.000000	1.000000	1.000000	1149.000000	1681.000000	194.000000	1.000000	214.000000	880.000000	526.000000	264.000000	258.000000	1.000000	411.000000	269.000000	962.000000	324.000000	498.000000
270.000000	168.000000	193.000000	549.000000	350.000000	1.000000	263.000000	691.000000	838.000000	351.000000	1.000000	1.000000	356.000000	321.000000	423.000000	572.000000	438.000000	667.000000	608.000000	784.000000	1100.000000
1.000000	186.000000	1198.000000	544.000000	415.000000	1.000000	1.000000	1109.000000	1799.000000	1412.000000	510.000000	1.000000	311.000000	346.000000	417.000000	262.000000	330.000000	774.000000	501.000000	325.000000	635.000000
1.000000	1.000000	963.000000	1873.000000	508.000000	156.000000	1.000000	1.000000	1712.000000	2306.000000	1621.000000	1.000000	250.000000	368.000000	275.000000	261.000000	1.000000	476.000000	338.000000	1.000000	486.000000
1.000000	1.000000	1.000000	1358.000000	1710.000000	282.000000	172.000000	169.000000	1.000000	1.000000	1.000000	1.000000	1.000000	348.000000	1.000000	295.000000	416.000000	1.000000	367.000000	1.000000	154.000000
178.000000	1.000000	1.000000	1.000000	1068.000000	1433.000000	170.000000	1.000000	1.000000	1.000000	1.000000	1.000000	1.000000	1.000000	443.000000	1.000000	179.000000	156.000000	1.000000	1.000000	150.000000
1.000000	1.000000	1.000000	1.000000	1.000000	1.000000	1.000000	1.000000	1.000000	1.000000	1.000000	1.000000	1.000000	1.000000	1.000000	1.000000	1.000000	1.000000	1.000000	1.000000	1.000000
1.000000	1.000000	1.000000	1.000000	1.000000	1.000000	1.000000	1.000000	1.000000	1.000000	1.000000	1.000000	1.000000	1.000000	1.000000	1.000000	1.000000	1.000000	1.000000	1.000000	1.000000
