21 25 0
1.000000	1.000000	364.000000	1.000000	1.000000	1.000000	1.000000	1.000000	1.000000	1.000000	255.000000	939.000000	1318.000000	1433.000000	1157.000000	960.000000	969.000000	972.000000	748.000000	413.000000	200.000000
1.000000	183.000000	108.000000	1.000000	1.000000	161.000000	842.000000	1762.000000	1928.000000	1608.000000	1810.000000	1636.000000	1611.000000	1766.000000	1765.000000	1438.000000	1263.000000	933.000000	747.000000	368.000000	594.000000
870.000000	1375.000000	1460.000000	1777.000000	1892.000000	2021.000000	1633.000000	1636.000000	1598.000000	1567.000000	1287.000000	1277.000000	1228.000000	1226.000000	1217.000000	1052.000000	695.000000	638.000000	640.000000	637.000000	409.000000
919.000000	931.000000	654.000000	411.000000	531.000000	285.000000	146.000000	215.000000	198.000000	180.000000	180.000000	178.000000	170.000000	170.000000	175.000000	175.000000	1.000000	223.000000	192.000000	387.000000	349.000000
1.000000	1.000000	1.000000	1.000000	1.000000	345.000000	960.000000	734.000000	501.000000	226.000000	231.000000	254.000000	254.000000	592.000000	593.000000	233.000000	1.000000	1.000000	203.000000	203.000000	1.000000
1.000000	1.000000	229.000000	457.000000	1730.000000	2127.000000	2565.000000	2810.000000	2370.000000	1559.000000	1287.000000	1452.000000	2090.000000	2667.000000	3210.000000	2358.000000	1504.000000	1296.000000	274.000000	155.000000	1.000000
1.000000	1.000000	153.000000	729.000000	981.000000	1040.000000	963.000000	1042.000000	1222.000000	719.000000	202.000000	425.000000	734.000000	1337.000000	982.000000	709.000000	336.000000	336.000000	1167.000000	303.000000	497.000000
1.000000	1.000000	1.000000	1.000000	1.000000	195.000000	892.000000	209.000000	277.000000	162.000000	1.000000	172.000000	308.000000	358.000000	400.000000	639.000000	619.000000	229.000000	1.000000	466.000000	465.000000
1.000000	400.000000	400.000000	1.000000	1.000000	302.000000	956.000000	224.000000	1.000000	1.000000	1.000000	1.000000	1.000000	1.000000	1964.000000	2364.000000	2018.000000	294.000000	1.000000	1.000000	1.000000
995.000000	911.000000	419.000000	1.000000	1.000000	1.000000	1.000000	1.000000	1.000000	264.000000	340.000000	1100.000000	1.000000	1.000000	1.000000	464.000000	241.000000	1.000000	1.000000	559.000000	1.000000
131.000000	1.000000	546.000000	716.000000	786.000000	431.000000	440.000000	1553.000000	909.000000	510.000000	567.000000	612.000000	642.000000	626.000000	1.000000	1.000000	1.000000	1.000000	439.000000	171.000000	474.000000
85.000000	1.000000	501.000000	165.000000	1.000000	1.000000	1.000000	70.000000	1.000000	1.000000	1.000000	1.000000	1.000000	268.000000	741.000000	139.000000	139.000000	306.000000	365.000000	470.000000	478.000000
497.000000	497.000000	772.000000	1342.000000	879.000000	1111.000000	1100.000000	1360.000000	1783.000000	2572.000000	2567.000000	2109.000000	1822.000000	1257.000000	897.000000	734.000000	561.000000	670.000000	506.000000	220.000000	633.000000
1.000000	1.000000	756.000000	1363.000000	1921.000000	1312.000000	477.000000	794.000000	596.000000	2597.000000	3138.000000	2509.000000	759.000000	521.000000	514.000000	1237.000000	1513.000000	1503.000000	1014.000000	912.000000	911.000000
1517.000000	1.000000	1.000000	1008.000000	1080.000000	239.000000	1.000000	1.000000	464.000000	509.000000	449.000000	286.000000	1.000000	1.000000	542.000000	1472.000000	1364.000000	1001.000000	578.000000	511.000000	511.000000
1.000000	1.000000	304.000000	1.000000	1.000000	1.000000	323.000000	1957.000000	1384.000000	1.000000	247.000000	300.000000	658.000000	1055.000000	183.000000	459.000000	471.000000	268.000000	268.000000	457.000000	425.000000
1.000000	143.000000	274.000000	394.000000	970.000000	656.000000	1.000000	943.000000	1208.000000	1334.000000	1010.000000	1067.000000	1440.000000	943.000000	1.000000	1.000000	189.000000	172.000000	1.000000	1.000000	1.000000
1.000000	368.000000	368.000000	644.000000	1154.000000	846.000000	331.000000	206.000000	447.000000	941.000000	986.000000	534.000000	218.000000	1.000000	1.000000	245.000000	1.000000	1.000000	170.000000	219.000000	255.000000
1.000000	1.000000	1.000000	297.000000	921.000000	650.000000	319.000000	613.000000	934.000000	1120.000000	1050.000000	367.000000	302.000000	260.000000	229.000000	493.000000	444.000000	352.000000	158.000000	1.000000	380.000000
1.000000	1.000000	1.000000	1.000000	175.000000	432.000000	210.000000	1.000000	140.000000	368.000000	375.000000	165.000000	141.000000	1.000000	391.000000	476.000000	254.000000	384.000000	511.000000	505.000000	515.000000
1.000000	1.000000	1.000000	1.000000	1.000000	1053.000000	1334.000000	744.000000	914.000000	689.000000	596.000000	674.000000	766.000000	646.000000	182.000000	385.000000	167.000000	639.000000	659.000000	250.000000	164.000000
1.000000	1.000000	81.000000	1.000000	1.000000	1.000000	1744.000000	2217.000000	2642.000000	2412.000000	2237.000000	2276.000000	2511.000000	1810.000000	329.000000	1.000000	1.000000	261.000000	154.000000	471.000000	294.000000
1.000000	1.000000	328.000000	1.000000	1.000000	1.000000	1.000000	1.000000	1856.000000	1306.000000	525.000000	1265.000000	1208.000000	1.000000	1.000000	1.000000	223.000000	1.000000	187.000000	189.000000	1.000000
1.000000	1.000000	1.000000	1.000000	1.000000	1.000000	1.000000	1.000000	1.000000	1.000000	1.000000	1.000000	1.000000	1.000000	1.000000	1.000000	1.000000	1.000000	1.000000	1.000000	1.000000
1.000000	1.000000	1.000000	1.000000	1.000000	1.000000	1.000000	1.000000	1.000000	1.000000	1.000000	1.000000	1.000000	1.000000	1.000000	1.000000	1.000000	1.000000	1.000000	1.000000	1.000000
