21 25 0
441.000000	579.000000	769.000000	2094.000000	2246.000000	2936.000000	2808.000000	2313.000000	1711.000000	1033.000000	485.000000	237.000000	437.000000	366.000000	1.000000	1.000000	1.000000	1.000000	1.000000	331.000000	1.000000
781.000000	430.000000	1212.000000	1520.000000	1875.000000	1344.000000	387.000000	422.000000	215.000000	1.000000	1.000000	1.000000	1.000000	1.000000	1.000000	1.000000	1.000000	1.000000	1.000000	1.000000	1.000000
1.000000	1.000000	1.000000	586.000000	1229.000000	1.000000	1.000000	1.000000	1.000000	1.000000	1.000000	1.000000	173.000000	1.000000	1.000000	1.000000	191.000000	200.000000	131.000000	1.000000	1.000000
1.000000	1.000000	213.000000	728.000000	978.000000	141.000000	287.000000	151.000000	1.000000	1.000000	177.000000	962.000000	1118.000000	692.000000	615.000000	338.000000	710.000000	385.000000	1.000000	153.000000	1.000000
205.000000	374.000000	600.000000	2105.000000	1377.000000	298.000000	184.000000	1.000000	1.000000	1.000000	321.000000	605.000000	694.000000	161.000000	75.000000	1.000000	153.000000	1.000000	1.000000	216.000000	173.000000
686.000000	1207.000000	715.000000	1784.000000	1.000000	1.000000	1.000000	1.000000	1.000000	1.000000	1.000000	164.000000	177.000000	1.000000	1.000000	1.000000	1.000000	1.000000	1.000000	218.000000	252.000000
1104.000000	1041.000000	1.000000	416.000000	1.000000	1.000000	1.000000	1.000000	1.000000	645.000000	512.000000	1.000000	1.000000	1.000000	1.000000	2069.000000	1104.000000	1.000000	1.000000	543.000000	1.000000
280.000000	301.000000	1.000000	495.000000	619.000000	1.000000	483.000000	1.000000	814.000000	2754.000000	1507.000000	1.000000	1.000000	710.000000	1264.000000	1750.000000	1.000000	1.000000	347.000000	1400.000000	269.000000
426.000000	1.000000	988.000000	1518.000000	410.000000	473.000000	403.000000	1813.000000	2018.000000	3099.000000	430.000000	1.000000	313.000000	862.000000	245.000000	1.000000	1.000000	1.000000	1511.000000	1109.000000	293.000000
332.000000	1.000000	1077.000000	1634.000000	326.000000	1.000000	1290.000000	1972.000000	451.000000	404.000000	1.000000	1.000000	787.000000	251.000000	1.000000	337.000000	1247.000000	1112.000000	901.000000	929.000000	836.000000
272.000000	1.000000	1004.000000	326.000000	1.000000	145.000000	434.000000	209.000000	1.000000	1.000000	1.000000	1.000000	225.000000	181.000000	179.000000	157.000000	386.000000	854.000000	654.000000	1.000000	822.000000
1.000000	267.000000	748.000000	384.000000	1.000000	133.000000	1.000000	1.000000	657.000000	1142.000000	267.000000	1.000000	317.000000	1.000000	1.000000	228.000000	80.000000	1.000000	1.000000	217.000000	1453.000000
1.000000	1.000000	1.000000	1.000000	1.000000	273.000000	1.000000	1.000000	250.000000	156.000000	1.000000	1.000000	1.000000	163.000000	1.000000	236.000000	1.000000	1.000000	1.000000	743.000000	484.000000
1.000000	1.000000	302.000000	1.000000	1.000000	1.000000	189.000000	1.000000	1.000000	1.000000	1.000000	1.000000	407.000000	637.000000	1.000000	1.000000	1.000000	1.000000	137.000000	481.000000	608.000000
1.000000	471.000000	1.000000	1.000000	1.000000	276.000000	1429.000000	669.000000	1.000000	455.000000	907.000000	1249.000000	1403.000000	545.000000	1.000000	1.000000	151.000000	263.000000	324.000000	416.000000	742.000000
736.000000	1.000000	394.000000	254.000000	464.000000	877.000000	898.000000	1.000000	1.000000	862.000000	769.000000	678.000000	1.000000	1.000000	1.000000	377.000000	193.000000	201.000000	809.000000	397.000000	561.000000
1.000000	156.000000	401.000000	1.000000	1.000000	313.000000	1.000000	1.000000	811.000000	321.000000	292.000000	1.000000	1.000000	497.000000	1243.000000	649.000000	1.000000	653.000000	172.000000	398.000000	158.000000
1.000000	497.000000	188.000000	1.000000	1.000000	379.000000	1.000000	1.000000	1.000000	1.000000	1.000000	1.000000	715.000000	1965.000000	1087.000000	1.000000	1.000000	370.000000	219.000000	143.000000	156.000000
497.000000	970.000000	738.000000	166.000000	1.000000	301.000000	1.000000	1.000000	1.000000	1.000000	1.000000	592.000000	1267.000000	1019.000000	1.000000	1.000000	1.000000	722.000000	233.000000	447.000000	1.000000
973.000000	481.000000	1030.000000	169.000000	165.000000	614.000000	317.000000	381.000000	351.000000	1.000000	556.000000	1937.000000	1572.000000	573.000000	1.000000	228.000000	948.000000	831.000000	568.000000	287.000000	1.000000
562.000000	1019.000000	610.000000	188.000000	316.000000	375.000000	404.000000	441.000000	1.000000	1.000000	672.000000	1353.000000	1126.000000	1.000000	228.000000	1169.000000	999.000000	281.000000	535.000000	1.000000	80.000000
663.000000	1168.000000	1.000000	1.000000	580.000000	1.000000	241.000000	464.000000	1.000000	1.000000	1.000000	1.000000	1.000000	222.000000	1109.000000	1042.000000	548.000000	435.000000	182.000000	514.000000	160.000000
311.000000	240.000000	196.000000	1.000000	199.000000	1.000000	573.000000	1.000000	1.000000	1.000000	1.000000	1.000000	1.000000	323.000000	529.000000	690.000000	161.000000	1.000000	190.000000	152.000000	167.000000
1.000000	1.000000	1.000000	1.000000	1.000000	1.000000	1.000000	1.000000	1.000000	1.000000	1.000000	1.000000	1.000000	1.000000	1.000000	1.000000	1.000000	1.000000	1.000000	1.000000	1.000000
1.000000	1.000000	1.000000	1.000000	1.000000	1.000000	1.000000	1.000000	1.000000	1.000000	1.000000	1.000000	1.000000	1.000000	1.000000	1.000000	1.000000	1.000000	1.000000	1.000000	1.000000
