21 25 0
1.000000	173.000000	135.000000	429.000000	175.000000	1330.000000	965.000000	373.000000	255.000000	1.000000	1.000000	1.000000	183.000000	1.000000	1.000000	1.000000	883.000000	537.000000	1.000000	949.000000	415.000000
352.000000	515.000000	396.000000	425.000000	599.000000	1882.000000	497.000000	299.000000	415.000000	363.000000	425.000000	235.000000	189.000000	455.000000	231.000000	1.000000	609.000000	622.000000	469.000000	518.000000	515.000000
752.000000	653.000000	636.000000	331.000000	995.000000	1731.000000	767.000000	245.000000	702.000000	580.000000	599.000000	1.000000	166.000000	219.000000	195.000000	311.000000	309.000000	490.000000	751.000000	674.000000	631.000000
716.000000	704.000000	551.000000	187.000000	951.000000	1308.000000	897.000000	1.000000	444.000000	577.000000	1.000000	515.000000	335.000000	301.000000	1.000000	1.000000	192.000000	363.000000	1149.000000	364.000000	633.000000
499.000000	674.000000	513.000000	553.000000	1153.000000	1273.000000	368.000000	1.000000	1.000000	1.000000	1.000000	620.000000	159.000000	145.000000	247.000000	1.000000	1.000000	1.000000	1153.000000	900.000000	337.000000
627.000000	790.000000	618.000000	499.000000	1207.000000	953.000000	1.000000	1.000000	1.000000	1.000000	95.000000	599.000000	96.000000	246.000000	1.000000	737.000000	422.000000	1.000000	1175.000000	453.000000	431.000000
670.000000	747.000000	879.000000	283.000000	463.000000	381.000000	1.000000	1.000000	455.000000	379.000000	1.000000	1.000000	1.000000	1.000000	319.000000	1189.000000	579.000000	141.000000	861.000000	241.000000	431.000000
712.000000	657.000000	1139.000000	1.000000	371.000000	1.000000	1.000000	1.000000	2151.000000	3015.000000	278.000000	1.000000	1.000000	1.000000	914.000000	1790.000000	781.000000	787.000000	807.000000	698.000000	352.000000
473.000000	796.000000	691.000000	1.000000	588.000000	339.000000	1.000000	1.000000	1563.000000	3828.000000	1143.000000	1.000000	411.000000	443.000000	139.000000	775.000000	679.000000	1413.000000	803.000000	812.000000	621.000000
473.000000	1292.000000	504.000000	1.000000	908.000000	587.000000	1.000000	1.000000	999.000000	3101.000000	1271.000000	1.000000	743.000000	375.000000	1.000000	221.000000	243.000000	858.000000	929.000000	726.000000	669.000000
1.000000	819.000000	865.000000	411.000000	911.000000	555.000000	139.000000	1.000000	345.000000	1315.000000	952.000000	1.000000	1107.000000	810.000000	1.000000	433.000000	74.000000	552.000000	293.000000	235.000000	742.000000
1.000000	708.000000	710.000000	863.000000	1445.000000	703.000000	139.000000	1.000000	697.000000	1259.000000	1076.000000	625.000000	1233.000000	910.000000	1.000000	277.000000	247.000000	1.000000	1.000000	421.000000	793.000000
1.000000	355.000000	293.000000	1393.000000	1563.000000	821.000000	139.000000	1.000000	1.000000	1047.000000	1232.000000	1.000000	1693.000000	243.000000	256.000000	1.000000	255.000000	1.000000	1.000000	613.000000	478.000000
605.000000	1.000000	293.000000	682.000000	1199.000000	657.000000	143.000000	1.000000	474.000000	1.000000	696.000000	447.000000	1863.000000	1.000000	1.000000	1.000000	240.000000	1.000000	203.000000	613.000000	650.000000
236.000000	329.000000	1.000000	769.000000	662.000000	711.000000	615.000000	656.000000	474.000000	419.000000	1.000000	649.000000	835.000000	1.000000	1.000000	327.000000	591.000000	401.000000	411.000000	1052.000000	466.000000
385.000000	1.000000	1.000000	477.000000	381.000000	733.000000	595.000000	247.000000	1.000000	507.000000	1.000000	181.000000	1.000000	1.000000	1.000000	1.000000	522.000000	407.000000	1077.000000	652.000000	210.000000
171.000000	1.000000	1.000000	383.000000	485.000000	1242.000000	897.000000	251.000000	1.000000	1049.000000	1.000000	1.000000	253.000000	1349.000000	1455.000000	1.000000	1.000000	391.000000	1125.000000	559.000000	158.000000
245.000000	1.000000	1.000000	319.000000	259.000000	1412.000000	1620.000000	395.000000	1.000000	409.000000	1.000000	1.000000	357.000000	1501.000000	374.000000	1.000000	1.000000	1.000000	767.000000	587.000000	562.000000
309.000000	1.000000	476.000000	167.000000	159.000000	467.000000	2110.000000	873.000000	307.000000	1.000000	1.000000	1.000000	265.000000	247.000000	1.000000	1.000000	1.000000	267.000000	1414.000000	537.000000	427.000000
231.000000	165.000000	911.000000	1144.000000	173.000000	467.000000	2532.000000	2089.000000	437.000000	401.000000	1.000000	1.000000	1.000000	1.000000	1.000000	203.000000	1.000000	655.000000	1824.000000	823.000000	407.000000
163.000000	166.000000	813.000000	1361.000000	764.000000	1.000000	1323.000000	3068.000000	1058.000000	455.000000	1.000000	1.000000	1.000000	1.000000	1.000000	690.000000	1.000000	569.000000	1558.000000	443.000000	425.000000
185.000000	1.000000	893.000000	1635.000000	1147.000000	1.000000	195.000000	1797.000000	818.000000	1339.000000	457.000000	1.000000	1.000000	1.000000	587.000000	592.000000	1.000000	765.000000	1360.000000	379.000000	555.000000
1.000000	1.000000	625.000000	739.000000	423.000000	1.000000	607.000000	223.000000	1.000000	481.000000	457.000000	1.000000	1.000000	401.000000	657.000000	1.000000	1.000000	495.000000	609.000000	203.000000	321.000000
1.000000	1.000000	1.000000	177.000000	1.000000	1.000000	413.000000	1.000000	1.000000	1.000000	1.000000	1.000000	1.000000	1.000000	1.000000	1.000000	1.000000	1.000000	165.000000	1.000000	1.000000
1.000000	1.000000	1.000000	1.000000	1.000000	1.000000	1.000000	1.000000	1.000000	1.000000	1.000000	1.000000	1.000000	1.000000	1.000000	1.000000	1.000000	1.000000	1.000000	1.000000	1.000000
