21 25 0
295.000000	295.000000	1.000000	1.000000	489.000000	283.000000	445.000000	1059.000000	521.000000	469.000000	175.000000	279.000000	373.000000	313.000000	1.000000	435.000000	425.000000	183.000000	1123.000000	1236.000000	315.000000
467.000000	321.000000	1.000000	217.000000	405.000000	247.000000	223.000000	475.000000	876.000000	892.000000	489.000000	349.000000	251.000000	243.000000	221.000000	221.000000	187.000000	727.000000	487.000000	405.000000	311.000000
1.000000	1.000000	1.000000	1.000000	201.000000	902.000000	726.000000	395.000000	736.000000	914.000000	1099.000000	1315.000000	1111.000000	957.000000	978.000000	583.000000	1.000000	379.000000	378.000000	378.000000	383.000000
1.000000	1.000000	1.000000	1.000000	215.000000	449.000000	189.000000	1.000000	1.000000	159.000000	325.000000	799.000000	907.000000	493.000000	415.000000	411.000000	213.000000	179.000000	1.000000	1.000000	315.000000
1.000000	1.000000	1.000000	1.000000	1.000000	1.000000	1.000000	1.000000	1.000000	1.000000	1.000000	1.000000	241.000000	493.000000	441.000000	305.000000	287.000000	209.000000	491.000000	1365.000000	813.000000
1.000000	1.000000	1.000000	1.000000	303.000000	645.000000	1062.000000	905.000000	184.000000	166.000000	183.000000	461.000000	555.000000	982.000000	1024.000000	557.000000	177.000000	215.000000	1.000000	345.000000	633.000000
1.000000	1.000000	1.000000	427.000000	1544.000000	2445.000000	3439.000000	3527.000000	2562.000000	416.000000	419.000000	921.000000	2385.000000	2885.000000	3091.000000	2611.000000	2106.000000	197.000000	1.000000	1.000000	1.000000
1.000000	1.000000	161.000000	540.000000	1017.000000	805.000000	1144.000000	1836.000000	1572.000000	317.000000	1.000000	641.000000	1318.000000	1348.000000	1672.000000	1517.000000	1384.000000	1069.000000	211.000000	286.000000	1.000000
1.000000	1.000000	1.000000	1.000000	375.000000	403.000000	1.000000	1.000000	1.000000	1.000000	1.000000	1.000000	1.000000	1.000000	1.000000	1.000000	169.000000	367.000000	1.000000	187.000000	1.000000
1.000000	1.000000	1.000000	1.000000	1.000000	195.000000	1.000000	1.000000	1.000000	1.000000	1.000000	251.000000	1.000000	1.000000	1.000000	1.000000	1.000000	277.000000	169.000000	297.000000	853.000000
1.000000	949.000000	949.000000	1.000000	1.000000	1.000000	1.000000	1.000000	1.000000	303.000000	247.000000	1.000000	1.000000	1.000000	173.000000	287.000000	281.000000	183.000000	616.000000	856.000000	427.000000
1.000000	301.000000	435.000000	399.000000	135.000000	325.000000	325.000000	721.000000	721.000000	339.000000	727.000000	839.000000	337.000000	418.000000	523.000000	339.000000	193.000000	511.000000	415.000000	437.000000	1.000000
1.000000	1.000000	339.000000	337.000000	179.000000	953.000000	1659.000000	1397.000000	2987.000000	3117.000000	2988.000000	2409.000000	2123.000000	2451.000000	2250.000000	1913.000000	1626.000000	1547.000000	960.000000	728.000000	1.000000
470.000000	1.000000	1.000000	615.000000	2144.000000	1672.000000	736.000000	174.000000	601.000000	1322.000000	2155.000000	1669.000000	904.000000	340.000000	740.000000	1110.000000	1521.000000	1515.000000	614.000000	455.000000	171.000000
351.000000	774.000000	567.000000	383.000000	1021.000000	1391.000000	833.000000	739.000000	1.000000	1.000000	1.000000	277.000000	389.000000	397.000000	689.000000	797.000000	771.000000	687.000000	1.000000	315.000000	921.000000
313.000000	345.000000	163.000000	1.000000	1.000000	1.000000	1.000000	2583.000000	3773.000000	2357.000000	1642.000000	1719.000000	2737.000000	2473.000000	505.000000	1.000000	1.000000	1.000000	509.000000	795.000000	1057.000000
1.000000	299.000000	313.000000	168.000000	209.000000	1.000000	1.000000	1.000000	1.000000	963.000000	655.000000	361.000000	611.000000	361.000000	1.000000	1.000000	191.000000	1.000000	261.000000	211.000000	583.000000
151.000000	1.000000	1.000000	1.000000	1.000000	785.000000	719.000000	439.000000	1.000000	1.000000	1.000000	1.000000	1.000000	1.000000	393.000000	725.000000	775.000000	674.000000	214.000000	1.000000	1.000000
161.000000	1.000000	1.000000	1.000000	1.000000	1.000000	387.000000	1068.000000	854.000000	615.000000	653.000000	1.000000	1.000000	1.000000	177.000000	273.000000	206.000000	1.000000	1.000000	1.000000	1.000000
1.000000	1.000000	497.000000	495.000000	1.000000	1.000000	393.000000	1.000000	1.000000	1.000000	1.000000	1.000000	1.000000	1.000000	235.000000	541.000000	659.000000	329.000000	299.000000	1.000000	1.000000
1.000000	1.000000	329.000000	359.000000	1.000000	409.000000	1662.000000	2339.000000	2382.000000	2634.000000	2506.000000	2305.000000	2320.000000	2663.000000	1598.000000	899.000000	823.000000	1.000000	1.000000	314.000000	313.000000
1.000000	1.000000	1.000000	1.000000	219.000000	181.000000	425.000000	1257.000000	1389.000000	2981.000000	2631.000000	3599.000000	3013.000000	1581.000000	897.000000	389.000000	1.000000	1.000000	167.000000	329.000000	143.000000
1.000000	1.000000	1.000000	1.000000	1.000000	1.000000	1.000000	1.000000	1.000000	383.000000	891.000000	429.000000	269.000000	1.000000	1.000000	1.000000	1.000000	1.000000	209.000000	557.000000	379.000000
1.000000	1.000000	1.000000	1.000000	1.000000	1.000000	1.000000	1.000000	1.000000	1.000000	1.000000	1.000000	1.000000	1.000000	1.000000	1.000000	1.000000	229.000000	239.000000	1.000000	1.000000
1.000000	1.000000	1.000000	1.000000	1.000000	1.000000	1.000000	1.000000	1.000000	1.000000	1.000000	1.000000	1.000000	1.000000	1.000000	1.000000	1.000000	1.000000	1.000000	1.000000	1.000000
