21 25 0
177.000000	447.000000	1.000000	603.000000	261.000000	373.000000	1.000000	261.000000	1.000000	180.000000	1221.000000	589.000000	1.000000	327.000000	595.000000	559.000000	1.000000	359.000000	685.000000	441.000000	1.000000
427.000000	239.000000	327.000000	1480.000000	217.000000	1.000000	621.000000	886.000000	439.000000	175.000000	518.000000	741.000000	235.000000	327.000000	1110.000000	954.000000	819.000000	557.000000	949.000000	1172.000000	293.000000
693.000000	429.000000	555.000000	1161.000000	888.000000	1.000000	799.000000	790.000000	461.000000	347.000000	434.000000	243.000000	233.000000	1.000000	397.000000	1084.000000	681.000000	384.000000	822.000000	764.000000	661.000000
663.000000	393.000000	711.000000	577.000000	788.000000	1.000000	589.000000	482.000000	483.000000	591.000000	177.000000	1.000000	1.000000	1.000000	1.000000	357.000000	847.000000	729.000000	615.000000	1246.000000	1145.000000
392.000000	191.000000	519.000000	1147.000000	384.000000	1.000000	165.000000	1.000000	331.000000	523.000000	80.000000	1.000000	1.000000	1.000000	1.000000	1.000000	845.000000	976.000000	602.000000	1239.000000	1327.000000
809.000000	191.000000	287.000000	639.000000	1.000000	1.000000	1.000000	1.000000	165.000000	393.000000	171.000000	291.000000	1.000000	1.000000	1.000000	1.000000	677.000000	1313.000000	601.000000	1240.000000	1515.000000
945.000000	1.000000	151.000000	665.000000	393.000000	1082.000000	1.000000	1.000000	1.000000	1.000000	311.000000	353.000000	447.000000	1.000000	1.000000	1.000000	495.000000	705.000000	817.000000	807.000000	1651.000000
957.000000	1.000000	510.000000	1234.000000	395.000000	1645.000000	963.000000	999.000000	1.000000	1.000000	1661.000000	3219.000000	1214.000000	475.000000	1.000000	1.000000	151.000000	373.000000	946.000000	1199.000000	1195.000000
507.000000	1.000000	796.000000	1495.000000	1.000000	399.000000	565.000000	931.000000	239.000000	1.000000	1895.000000	3702.000000	1073.000000	1.000000	181.000000	1.000000	1.000000	211.000000	391.000000	865.000000	1175.000000
175.000000	1.000000	891.000000	1616.000000	1.000000	401.000000	1.000000	1509.000000	147.000000	1.000000	1515.000000	2659.000000	761.000000	217.000000	183.000000	243.000000	1.000000	76.000000	458.000000	762.000000	1083.000000
1102.000000	1.000000	731.000000	1009.000000	1.000000	651.000000	1.000000	1643.000000	485.000000	1.000000	1165.000000	1466.000000	587.000000	647.000000	249.000000	1.000000	271.000000	348.000000	1081.000000	787.000000	883.000000
633.000000	1.000000	315.000000	569.000000	1.000000	865.000000	1.000000	1599.000000	784.000000	1.000000	1347.000000	1284.000000	401.000000	219.000000	741.000000	407.000000	271.000000	838.000000	1873.000000	641.000000	579.000000
301.000000	170.000000	665.000000	273.000000	1.000000	809.000000	405.000000	987.000000	479.000000	1.000000	997.000000	995.000000	333.000000	1.000000	721.000000	1.000000	336.000000	932.000000	1537.000000	607.000000	1.000000
301.000000	374.000000	661.000000	191.000000	1.000000	751.000000	169.000000	679.000000	645.000000	719.000000	1.000000	1.000000	327.000000	1.000000	405.000000	1.000000	1.000000	731.000000	524.000000	493.000000	281.000000
1.000000	419.000000	445.000000	891.000000	1.000000	218.000000	1.000000	247.000000	689.000000	497.000000	437.000000	1.000000	1.000000	327.000000	1.000000	155.000000	187.000000	878.000000	836.000000	424.000000	289.000000
1.000000	325.000000	183.000000	877.000000	235.000000	1.000000	497.000000	1.000000	755.000000	477.000000	343.000000	1.000000	389.000000	1.000000	1.000000	1.000000	761.000000	838.000000	459.000000	759.000000	691.000000
173.000000	427.000000	295.000000	308.000000	707.000000	1.000000	499.000000	1159.000000	935.000000	1.000000	161.000000	395.000000	391.000000	1.000000	1.000000	775.000000	767.000000	1082.000000	282.000000	557.000000	435.000000
1.000000	583.000000	353.000000	148.000000	1023.000000	301.000000	1.000000	721.000000	1585.000000	1.000000	439.000000	397.000000	1.000000	1.000000	451.000000	1186.000000	674.000000	745.000000	441.000000	611.000000	737.000000
165.000000	476.000000	420.000000	1.000000	796.000000	351.000000	1.000000	137.000000	1205.000000	1.000000	1.000000	1.000000	1.000000	1.000000	1255.000000	855.000000	925.000000	479.000000	329.000000	565.000000	947.000000
1.000000	695.000000	187.000000	199.000000	1106.000000	1063.000000	231.000000	1.000000	957.000000	1.000000	1.000000	841.000000	781.000000	557.000000	1369.000000	815.000000	921.000000	803.000000	269.000000	425.000000	1115.000000
1.000000	839.000000	558.000000	1.000000	941.000000	2065.000000	1.000000	263.000000	463.000000	1.000000	1.000000	1335.000000	1225.000000	1683.000000	749.000000	959.000000	1009.000000	487.000000	169.000000	867.000000	1005.000000
1.000000	1134.000000	559.000000	383.000000	992.000000	2463.000000	182.000000	265.000000	741.000000	1.000000	1.000000	905.000000	1329.000000	371.000000	483.000000	631.000000	943.000000	442.000000	169.000000	925.000000	505.000000
227.000000	761.000000	1.000000	385.000000	681.000000	1231.000000	1.000000	265.000000	933.000000	1.000000	1.000000	439.000000	467.000000	1.000000	1.000000	283.000000	427.000000	1.000000	199.000000	487.000000	519.000000
1.000000	1.000000	1.000000	1.000000	1.000000	377.000000	1.000000	1.000000	465.000000	1.000000	1.000000	1.000000	1.000000	1.000000	1.000000	1.000000	1.000000	1.000000	1.000000	327.000000	153.000000
1.000000	1.000000	1.000000	1.000000	1.000000	1.000000	1.000000	1.000000	1.000000	1.000000	1.000000	1.000000	1.000000	1.000000	1.000000	1.000000	1.000000	1.000000	1.000000	1.000000	1.000000
