21 25 0
1.000000	213.000000	425.000000	596.000000	189.000000	173.000000	1.000000	1.000000	305.000000	1210.000000	1716.000000	1161.000000	1214.000000	1349.000000	1152.000000	1109.000000	539.000000	325.000000	403.000000	1.000000	1.000000
1.000000	279.000000	249.000000	221.000000	413.000000	799.000000	757.000000	371.000000	1.000000	1.000000	772.000000	1444.000000	1536.000000	1397.000000	1650.000000	2038.000000	1220.000000	496.000000	269.000000	1.000000	1.000000
1.000000	183.000000	1.000000	1.000000	1.000000	1.000000	297.000000	179.000000	1.000000	1.000000	1.000000	1.000000	1.000000	1.000000	1.000000	429.000000	721.000000	1409.000000	1627.000000	1491.000000	943.000000
1.000000	1.000000	1.000000	1.000000	247.000000	247.000000	223.000000	1.000000	167.000000	1.000000	1.000000	205.000000	400.000000	619.000000	493.000000	565.000000	605.000000	445.000000	691.000000	519.000000	323.000000
441.000000	1.000000	1.000000	277.000000	1733.000000	2715.000000	2701.000000	2159.000000	1597.000000	1293.000000	896.000000	1108.000000	1252.000000	1381.000000	2064.000000	2258.000000	1413.000000	1.000000	1.000000	383.000000	187.000000
1.000000	1.000000	1.000000	1313.000000	1004.000000	448.000000	634.000000	651.000000	525.000000	783.000000	634.000000	649.000000	881.000000	1101.000000	1017.000000	879.000000	957.000000	862.000000	264.000000	607.000000	315.000000
1.000000	1.000000	1.000000	1.000000	1.000000	1.000000	1.000000	1.000000	1.000000	1.000000	139.000000	1.000000	1.000000	491.000000	1.000000	1.000000	1.000000	1.000000	1.000000	325.000000	325.000000
503.000000	503.000000	1.000000	1.000000	401.000000	561.000000	729.000000	331.000000	1.000000	1.000000	351.000000	425.000000	249.000000	241.000000	181.000000	273.000000	1.000000	237.000000	554.000000	229.000000	913.000000
1.000000	959.000000	959.000000	232.000000	759.000000	1465.000000	2423.000000	2832.000000	1462.000000	1.000000	289.000000	664.000000	2380.000000	2313.000000	2024.000000	988.000000	749.000000	574.000000	1.000000	1.000000	763.000000
1.000000	1.000000	1.000000	387.000000	1497.000000	1299.000000	1087.000000	2062.000000	1610.000000	1.000000	1.000000	221.000000	1636.000000	1861.000000	1397.000000	1051.000000	1145.000000	1075.000000	379.000000	1.000000	1.000000
1.000000	1.000000	1.000000	749.000000	1330.000000	1500.000000	2325.000000	1379.000000	1100.000000	419.000000	487.000000	499.000000	1057.000000	2299.000000	2303.000000	2125.000000	1796.000000	1361.000000	523.000000	1.000000	1.000000
200.000000	118.000000	1.000000	1.000000	155.000000	917.000000	998.000000	515.000000	417.000000	1093.000000	1044.000000	819.000000	199.000000	795.000000	1030.000000	1021.000000	806.000000	473.000000	345.000000	419.000000	703.000000
920.000000	1282.000000	1.000000	1.000000	1.000000	1.000000	1.000000	1.000000	1.000000	1.000000	84.000000	168.000000	173.000000	387.000000	1.000000	1.000000	1.000000	1.000000	1.000000	315.000000	327.000000
503.000000	1.000000	1.000000	1.000000	1.000000	1.000000	135.000000	741.000000	943.000000	1013.000000	983.000000	891.000000	1023.000000	1007.000000	371.000000	1.000000	1.000000	1.000000	293.000000	631.000000	453.000000
1.000000	1.000000	503.000000	165.000000	1.000000	1.000000	1.000000	1496.000000	2233.000000	3037.000000	2499.000000	1995.000000	1783.000000	1403.000000	373.000000	99.000000	437.000000	437.000000	427.000000	237.000000	400.000000
158.000000	1.000000	165.000000	511.000000	846.000000	966.000000	1.000000	1.000000	1.000000	1.000000	1.000000	1.000000	1.000000	1.000000	389.000000	883.000000	1150.000000	695.000000	582.000000	315.000000	304.000000
452.000000	514.000000	153.000000	1.000000	149.000000	225.000000	669.000000	1290.000000	1457.000000	1103.000000	907.000000	753.000000	717.000000	1222.000000	1580.000000	682.000000	215.000000	375.000000	199.000000	1.000000	1.000000
169.000000	323.000000	311.000000	173.000000	179.000000	1.000000	1.000000	424.000000	1745.000000	1892.000000	415.000000	635.000000	1925.000000	1649.000000	237.000000	1.000000	1.000000	253.000000	223.000000	187.000000	181.000000
1.000000	77.000000	151.000000	542.000000	340.000000	1.000000	407.000000	165.000000	431.000000	293.000000	655.000000	1185.000000	1094.000000	391.000000	171.000000	225.000000	225.000000	1.000000	77.000000	588.000000	587.000000
141.000000	229.000000	475.000000	453.000000	359.000000	353.000000	185.000000	807.000000	2533.000000	3017.000000	3455.000000	3542.000000	2328.000000	1167.000000	449.000000	225.000000	737.000000	734.000000	212.000000	1.000000	1.000000
1.000000	1.000000	1.000000	165.000000	363.000000	165.000000	189.000000	1.000000	1.000000	1.000000	887.000000	427.000000	153.000000	1.000000	1.000000	177.000000	229.000000	173.000000	267.000000	209.000000	1.000000
1.000000	1.000000	1.000000	1.000000	215.000000	215.000000	859.000000	507.000000	1.000000	1.000000	1.000000	1.000000	1.000000	1.000000	329.000000	783.000000	767.000000	834.000000	393.000000	1.000000	1.000000
1.000000	1.000000	1.000000	193.000000	193.000000	1.000000	785.000000	437.000000	229.000000	229.000000	1.000000	1.000000	287.000000	829.000000	745.000000	903.000000	469.000000	1.000000	1.000000	1.000000	153.000000
1.000000	1.000000	1.000000	1.000000	1.000000	1.000000	1.000000	1.000000	455.000000	323.000000	1.000000	1.000000	331.000000	499.000000	433.000000	1.000000	1.000000	1.000000	1.000000	1.000000	1.000000
1.000000	1.000000	1.000000	1.000000	1.000000	1.000000	1.000000	1.000000	1.000000	1.000000	1.000000	1.000000	1.000000	1.000000	1.000000	1.000000	1.000000	1.000000	1.000000	1.000000	1.000000
