21 25 0
1.000000	213.000000	596.000000	197.000000	1.000000	1.000000	1.000000	1.000000	221.000000	1215.000000	1954.000000	549.000000	677.000000	954.000000	1258.000000	867.000000	269.000000	688.000000	433.000000	177.000000	1.000000
1.000000	279.000000	404.000000	730.000000	177.000000	1.000000	515.000000	201.000000	1.000000	1.000000	812.000000	983.000000	443.000000	687.000000	1501.000000	1968.000000	1189.000000	641.000000	466.000000	177.000000	1.000000
203.000000	207.000000	233.000000	191.000000	519.000000	1.000000	1.000000	939.000000	363.000000	337.000000	1.000000	1.000000	1.000000	1.000000	399.000000	706.000000	853.000000	963.000000	1240.000000	1729.000000	517.000000
1.000000	1.000000	463.000000	1.000000	600.000000	367.000000	1.000000	574.000000	551.000000	355.000000	149.000000	1.000000	1.000000	1.000000	192.000000	557.000000	421.000000	1.000000	1.000000	989.000000	1053.000000
573.000000	1.000000	243.000000	554.000000	422.000000	518.000000	297.000000	1241.000000	1420.000000	795.000000	309.000000	313.000000	1.000000	157.000000	523.000000	964.000000	1307.000000	430.000000	1.000000	363.000000	313.000000
681.000000	1.000000	1.000000	431.000000	1.000000	1.000000	149.000000	536.000000	778.000000	985.000000	163.000000	1.000000	1.000000	1.000000	1.000000	153.000000	1618.000000	1379.000000	513.000000	1.000000	365.000000
278.000000	1.000000	1.000000	189.000000	1.000000	365.000000	1.000000	1.000000	1.000000	1.000000	623.000000	351.000000	1.000000	1.000000	1.000000	1.000000	419.000000	1.000000	730.000000	877.000000	1173.000000
1005.000000	449.000000	1.000000	1.000000	183.000000	251.000000	819.000000	1.000000	1.000000	1.000000	1505.000000	1465.000000	191.000000	1.000000	1.000000	1.000000	1.000000	419.000000	350.000000	976.000000	1233.000000
1.000000	1005.000000	1.000000	749.000000	1.000000	651.000000	1664.000000	1934.000000	1.000000	1.000000	1193.000000	3497.000000	1365.000000	797.000000	741.000000	1.000000	1.000000	1.000000	185.000000	644.000000	727.000000
1.000000	1.000000	417.000000	1195.000000	731.000000	175.000000	773.000000	2058.000000	903.000000	1.000000	1.000000	2261.000000	1568.000000	423.000000	549.000000	813.000000	599.000000	1.000000	1.000000	1.000000	1.000000
838.000000	1.000000	195.000000	498.000000	600.000000	733.000000	1.000000	1199.000000	1000.000000	1.000000	1.000000	167.000000	1047.000000	963.000000	1042.000000	898.000000	1433.000000	1207.000000	469.000000	1.000000	341.000000
425.000000	456.000000	1.000000	151.000000	1.000000	373.000000	1.000000	567.000000	446.000000	1.000000	265.000000	329.000000	1.000000	1.000000	1067.000000	547.000000	336.000000	926.000000	657.000000	531.000000	297.000000
467.000000	1162.000000	1.000000	1.000000	1.000000	1.000000	1.000000	377.000000	287.000000	1.000000	1.000000	1.000000	1.000000	1.000000	1.000000	1.000000	1.000000	1.000000	219.000000	314.000000	1.000000
505.000000	337.000000	921.000000	271.000000	1.000000	1.000000	1.000000	1191.000000	1871.000000	1721.000000	1.000000	1.000000	1.000000	1.000000	293.000000	173.000000	1.000000	197.000000	1.000000	1.000000	1.000000
1.000000	503.000000	167.000000	687.000000	1.000000	1.000000	1.000000	1.000000	1639.000000	2714.000000	989.000000	1.000000	1.000000	787.000000	471.000000	197.000000	1.000000	357.000000	1.000000	1.000000	235.000000
378.000000	1.000000	581.000000	713.000000	301.000000	942.000000	740.000000	1.000000	1.000000	1.000000	511.000000	1.000000	1.000000	1.000000	217.000000	546.000000	291.000000	1.000000	589.000000	237.000000	150.000000
376.000000	447.000000	153.000000	505.000000	341.000000	1.000000	1881.000000	2894.000000	1019.000000	411.000000	1.000000	1.000000	1.000000	1.000000	1.000000	1.000000	545.000000	1.000000	1.000000	243.000000	239.000000
1.000000	612.000000	293.000000	437.000000	701.000000	177.000000	1.000000	1091.000000	2360.000000	1011.000000	1.000000	391.000000	1.000000	1.000000	1.000000	1.000000	195.000000	1.000000	1.000000	651.000000	609.000000
1.000000	143.000000	284.000000	153.000000	1069.000000	341.000000	393.000000	217.000000	1941.000000	407.000000	305.000000	1.000000	1.000000	1.000000	1.000000	1.000000	1.000000	1.000000	1.000000	365.000000	711.000000
1.000000	153.000000	139.000000	433.000000	1012.000000	1035.000000	215.000000	477.000000	1131.000000	2016.000000	2942.000000	2799.000000	962.000000	519.000000	369.000000	1.000000	915.000000	212.000000	161.000000	797.000000	293.000000
1.000000	141.000000	1.000000	1.000000	1200.000000	1909.000000	179.000000	217.000000	1.000000	1.000000	425.000000	409.000000	1.000000	1.000000	1.000000	1.000000	198.000000	453.000000	1.000000	435.000000	633.000000
225.000000	288.000000	540.000000	177.000000	513.000000	1952.000000	696.000000	263.000000	1.000000	1.000000	1.000000	1.000000	1.000000	1.000000	1.000000	1.000000	1.000000	201.000000	155.000000	78.000000	677.000000
1.000000	651.000000	1.000000	371.000000	1.000000	607.000000	471.000000	771.000000	321.000000	255.000000	1.000000	1.000000	1.000000	1.000000	1.000000	257.000000	175.000000	1.000000	1.000000	1.000000	1.000000
1.000000	1.000000	1.000000	1.000000	1.000000	375.000000	1.000000	1.000000	505.000000	347.000000	1.000000	1.000000	1.000000	1.000000	391.000000	1.000000	1.000000	1.000000	1.000000	1.000000	1.000000
1.000000	1.000000	1.000000	1.000000	1.000000	1.000000	1.000000	1.000000	1.000000	1.000000	1.000000	1.000000	1.000000	1.000000	1.000000	1.000000	1.000000	1.000000	1.000000	1.000000	1.000000
