21 25 0
1.000000	1.000000	279.000000	249.000000	473.000000	183.000000	555.000000	762.000000	201.000000	297.000000	1.000000	169.000000	1154.000000	1.000000	1.000000	435.000000	872.000000	715.000000	1.000000	315.000000	245.000000
336.000000	307.000000	1.000000	209.000000	193.000000	537.000000	157.000000	511.000000	1117.000000	443.000000	677.000000	185.000000	207.000000	203.000000	203.000000	1.000000	179.000000	349.000000	1.000000	265.000000	368.000000
556.000000	642.000000	490.000000	1.000000	215.000000	1660.000000	417.000000	247.000000	730.000000	810.000000	1037.000000	381.000000	407.000000	443.000000	453.000000	1.000000	1.000000	171.000000	379.000000	324.000000	383.000000
550.000000	506.000000	443.000000	1.000000	1.000000	205.000000	402.000000	1.000000	1.000000	256.000000	157.000000	521.000000	332.000000	167.000000	313.000000	173.000000	1.000000	1.000000	333.000000	364.000000	324.000000
464.000000	264.000000	1.000000	1.000000	285.000000	1.000000	1.000000	1.000000	1.000000	1.000000	1.000000	1.000000	327.000000	1.000000	1.000000	1.000000	1.000000	191.000000	841.000000	289.000000	871.000000
247.000000	251.000000	319.000000	657.000000	831.000000	1061.000000	651.000000	1.000000	1.000000	1.000000	1.000000	201.000000	1.000000	854.000000	997.000000	358.000000	1.000000	193.000000	287.000000	1.000000	1.000000
579.000000	1.000000	1.000000	193.000000	747.000000	1082.000000	2332.000000	2351.000000	1251.000000	1.000000	1.000000	609.000000	1215.000000	2359.000000	2164.000000	2257.000000	1589.000000	1.000000	337.000000	175.000000	1.000000
405.000000	320.000000	1.000000	1.000000	217.000000	1.000000	1.000000	1742.000000	3636.000000	1793.000000	1.000000	1.000000	1.000000	213.000000	1389.000000	2024.000000	1757.000000	1338.000000	747.000000	235.000000	270.000000
481.000000	325.000000	1.000000	1.000000	331.000000	433.000000	1.000000	1.000000	1505.000000	2705.000000	421.000000	1.000000	1.000000	1.000000	1.000000	1.000000	169.000000	1639.000000	733.000000	423.000000	235.000000
475.000000	853.000000	454.000000	1.000000	1.000000	175.000000	1.000000	1.000000	1.000000	1165.000000	943.000000	1.000000	1.000000	1.000000	1.000000	1.000000	1.000000	1.000000	639.000000	229.000000	188.000000
1.000000	846.000000	1105.000000	397.000000	261.000000	1.000000	1.000000	1.000000	1.000000	1.000000	433.000000	1.000000	235.000000	1.000000	1.000000	1.000000	1.000000	183.000000	1.000000	1.000000	1.000000
1.000000	479.000000	709.000000	923.000000	879.000000	1.000000	1.000000	1.000000	857.000000	815.000000	1.000000	1.000000	913.000000	235.000000	235.000000	1.000000	1.000000	1.000000	1.000000	295.000000	199.000000
257.000000	199.000000	339.000000	728.000000	1359.000000	422.000000	440.000000	683.000000	1419.000000	2525.000000	1787.000000	1.000000	917.000000	1699.000000	1158.000000	469.000000	506.000000	1.000000	1.000000	1.000000	381.000000
794.000000	167.000000	295.000000	728.000000	1858.000000	1060.000000	1.000000	1.000000	1.000000	968.000000	1220.000000	513.000000	1.000000	157.000000	1108.000000	974.000000	1011.000000	412.000000	1.000000	1.000000	253.000000
236.000000	900.000000	145.000000	307.000000	449.000000	939.000000	711.000000	945.000000	1.000000	1.000000	1.000000	477.000000	1.000000	379.000000	1.000000	203.000000	391.000000	707.000000	1.000000	315.000000	405.000000
387.000000	1.000000	331.000000	283.000000	373.000000	505.000000	301.000000	609.000000	2935.000000	1927.000000	481.000000	985.000000	1041.000000	1430.000000	165.000000	1.000000	1.000000	1.000000	1.000000	211.000000	375.000000
1.000000	1.000000	1.000000	231.000000	856.000000	993.000000	397.000000	257.000000	1.000000	1513.000000	1017.000000	1.000000	451.000000	1241.000000	461.000000	1.000000	1.000000	1.000000	1.000000	1.000000	1.000000
1.000000	1.000000	1.000000	1.000000	259.000000	1529.000000	1550.000000	511.000000	1.000000	1.000000	1.000000	1.000000	1.000000	361.000000	1.000000	1.000000	1.000000	1.000000	213.000000	1.000000	163.000000
1.000000	1.000000	397.000000	1.000000	147.000000	467.000000	1591.000000	307.000000	437.000000	1.000000	1.000000	1.000000	1.000000	1.000000	1.000000	1.000000	1.000000	1.000000	407.000000	1.000000	431.000000
155.000000	1.000000	478.000000	493.000000	1.000000	847.000000	2913.000000	1489.000000	403.000000	1.000000	1.000000	1.000000	1.000000	1.000000	1.000000	1.000000	1.000000	247.000000	451.000000	303.000000	82.000000
166.000000	1.000000	894.000000	1118.000000	179.000000	1.000000	1474.000000	2749.000000	2198.000000	1337.000000	911.000000	453.000000	1.000000	1.000000	1.000000	205.000000	1.000000	1.000000	1115.000000	161.000000	311.000000
1.000000	1.000000	363.000000	461.000000	734.000000	217.000000	1.000000	1203.000000	1718.000000	2913.000000	1991.000000	1707.000000	866.000000	1024.000000	1.000000	1.000000	1.000000	171.000000	373.000000	175.000000	445.000000
1.000000	1.000000	1.000000	821.000000	1.000000	1.000000	217.000000	1.000000	1.000000	429.000000	459.000000	1.000000	1.000000	1.000000	1.000000	1.000000	1.000000	1.000000	459.000000	205.000000	239.000000
1.000000	1.000000	1.000000	1.000000	1.000000	1.000000	1.000000	171.000000	1.000000	1.000000	1.000000	1.000000	1.000000	1.000000	1.000000	1.000000	1.000000	1.000000	239.000000	1.000000	1.000000
1.000000	1.000000	1.000000	1.000000	1.000000	1.000000	1.000000	1.000000	1.000000	1.000000	1.000000	1.000000	1.000000	1.000000	1.000000	1.000000	1.000000	1.000000	1.000000	1.000000	1.000000
