21 25 0
627.000000	505.000000	1.000000	463.000000	991.000000	301.000000	1.000000	393.000000	1.000000	1.000000	389.000000	1.000000	1.000000	1.000000	1.000000	1.000000	1.000000	81.000000	783.000000	445.000000	1.000000
519.000000	239.000000	1.000000	651.000000	217.000000	353.000000	181.000000	745.000000	165.000000	175.000000	187.000000	183.000000	207.000000	205.000000	1.000000	1.000000	1.000000	489.000000	463.000000	1.000000	303.000000
1.000000	1.000000	1.000000	673.000000	399.000000	1.000000	339.000000	656.000000	267.000000	187.000000	213.000000	1.000000	152.000000	1.000000	1.000000	223.000000	1.000000	380.000000	389.000000	624.000000	543.000000
275.000000	1.000000	1.000000	625.000000	192.000000	1.000000	1.000000	1.000000	1.000000	207.000000	157.000000	243.000000	175.000000	1.000000	171.000000	165.000000	159.000000	380.000000	324.000000	625.000000	981.000000
1.000000	1.000000	259.000000	1.000000	1.000000	1.000000	1.000000	1.000000	1.000000	1.000000	1.000000	163.000000	1.000000	447.000000	317.000000	1.000000	1.000000	191.000000	291.000000	971.000000	1025.000000
1.000000	1.000000	265.000000	197.000000	303.000000	1.000000	693.000000	589.000000	1.000000	83.000000	1.000000	261.000000	447.000000	1.000000	320.000000	365.000000	489.000000	226.000000	215.000000	879.000000	709.000000
281.000000	1.000000	1.000000	339.000000	477.000000	2367.000000	2128.000000	2264.000000	1264.000000	208.000000	1.000000	311.000000	1101.000000	1776.000000	1783.000000	801.000000	1162.000000	159.000000	1.000000	251.000000	1.000000
1.000000	1.000000	165.000000	1442.000000	1265.000000	691.000000	2049.000000	636.000000	226.000000	1.000000	1.000000	1779.000000	2528.000000	1057.000000	274.000000	1.000000	345.000000	293.000000	1.000000	553.000000	367.000000
174.000000	1.000000	1.000000	915.000000	1.000000	1.000000	1.000000	1.000000	1.000000	1.000000	571.000000	2337.000000	267.000000	1.000000	1.000000	1.000000	1.000000	1.000000	1.000000	642.000000	569.000000
1.000000	1.000000	175.000000	157.000000	1.000000	1.000000	1.000000	1.000000	1.000000	1.000000	961.000000	852.000000	1.000000	1.000000	1.000000	1.000000	1.000000	1.000000	310.000000	940.000000	955.000000
1.000000	1.000000	181.000000	1.000000	1.000000	1.000000	1.000000	1.000000	1.000000	265.000000	1.000000	473.000000	1.000000	1.000000	259.000000	189.000000	1.000000	1.000000	721.000000	985.000000	929.000000
231.000000	1.000000	171.000000	169.000000	1.000000	1.000000	1.000000	491.000000	716.000000	147.000000	593.000000	903.000000	1.000000	1.000000	1.000000	1.000000	261.000000	342.000000	1639.000000	667.000000	319.000000
1.000000	1.000000	508.000000	1.000000	1.000000	599.000000	1061.000000	1300.000000	1133.000000	479.000000	2299.000000	1557.000000	887.000000	607.000000	514.000000	151.000000	1105.000000	1289.000000	1228.000000	949.000000	409.000000
1.000000	445.000000	1.000000	1.000000	1.000000	1206.000000	863.000000	579.000000	1.000000	493.000000	557.000000	421.000000	377.000000	1.000000	1.000000	726.000000	965.000000	869.000000	1081.000000	436.000000	488.000000
1.000000	1.000000	265.000000	1.000000	255.000000	441.000000	1.000000	1.000000	1.000000	1.000000	1.000000	1.000000	1.000000	399.000000	1405.000000	179.000000	385.000000	497.000000	597.000000	316.000000	329.000000
1.000000	301.000000	1.000000	1.000000	1.000000	1.000000	1.000000	381.000000	751.000000	495.000000	451.000000	489.000000	1687.000000	1743.000000	1.000000	1.000000	273.000000	631.000000	211.000000	617.000000	1033.000000
1.000000	313.000000	1.000000	1.000000	1.000000	1.000000	1.000000	483.000000	1373.000000	1.000000	1.000000	447.000000	847.000000	1.000000	1.000000	273.000000	571.000000	615.000000	607.000000	319.000000	445.000000
1.000000	1.000000	1.000000	1.000000	1.000000	1.000000	1.000000	1.000000	1.000000	1.000000	1.000000	1.000000	1.000000	1.000000	607.000000	1249.000000	1001.000000	845.000000	214.000000	1.000000	263.000000
145.000000	1.000000	1.000000	167.000000	1.000000	1.000000	1.000000	1.000000	1.000000	1.000000	1.000000	1.000000	1.000000	1.000000	1213.000000	899.000000	541.000000	602.000000	329.000000	1.000000	445.000000
1.000000	167.000000	1.000000	1.000000	480.000000	1.000000	1.000000	1.000000	1.000000	1.000000	1.000000	1.000000	1.000000	727.000000	1109.000000	452.000000	881.000000	693.000000	241.000000	1.000000	455.000000
1.000000	290.000000	534.000000	1.000000	1.000000	499.000000	1.000000	1.000000	1.000000	485.000000	459.000000	879.000000	2202.000000	2269.000000	1377.000000	923.000000	971.000000	288.000000	1.000000	333.000000	459.000000
230.000000	530.000000	1.000000	1.000000	305.000000	499.000000	1.000000	1.000000	1203.000000	1289.000000	1285.000000	2935.000000	2457.000000	1009.000000	749.000000	225.000000	520.000000	1.000000	169.000000	669.000000	161.000000
1.000000	183.000000	1.000000	1.000000	605.000000	179.000000	1.000000	1.000000	845.000000	427.000000	427.000000	437.000000	377.000000	1.000000	1.000000	283.000000	229.000000	1.000000	199.000000	239.000000	217.000000
1.000000	1.000000	1.000000	1.000000	1.000000	1.000000	1.000000	1.000000	1.000000	1.000000	1.000000	1.000000	1.000000	1.000000	1.000000	1.000000	1.000000	1.000000	1.000000	283.000000	1.000000
1.000000	1.000000	1.000000	1.000000	1.000000	1.000000	1.000000	1.000000	1.000000	1.000000	1.000000	1.000000	1.000000	1.000000	1.000000	1.000000	1.000000	1.000000	1.000000	1.000000	1.000000
