21 25 0
1.000000	213.000000	617.000000	205.000000	189.000000	817.000000	953.000000	299.000000	227.000000	393.000000	189.000000	608.000000	372.000000	728.000000	325.000000	207.000000	1071.000000	261.000000	1.000000	1.000000	1.000000
335.000000	615.000000	425.000000	225.000000	437.000000	1185.000000	299.000000	373.000000	1.000000	1.000000	1.000000	163.000000	1076.000000	444.000000	467.000000	265.000000	225.000000	1.000000	1.000000	233.000000	239.000000
556.000000	331.000000	225.000000	1.000000	719.000000	975.000000	373.000000	1.000000	1.000000	1.000000	1.000000	1.000000	1.000000	1.000000	1.000000	281.000000	438.000000	294.000000	1037.000000	927.000000	1050.000000
365.000000	1.000000	225.000000	1.000000	531.000000	719.000000	413.000000	1.000000	163.000000	1.000000	1.000000	213.000000	278.000000	354.000000	1.000000	1.000000	181.000000	739.000000	931.000000	670.000000	249.000000
285.000000	201.000000	187.000000	301.000000	1712.000000	2172.000000	732.000000	486.000000	187.000000	1.000000	537.000000	718.000000	827.000000	785.000000	604.000000	505.000000	181.000000	1.000000	259.000000	687.000000	1.000000
1.000000	251.000000	612.000000	293.000000	2066.000000	708.000000	1.000000	1.000000	1.000000	1.000000	157.000000	731.000000	247.000000	161.000000	647.000000	339.000000	1.000000	1.000000	319.000000	370.000000	429.000000
1.000000	321.000000	731.000000	513.000000	1.000000	1.000000	1.000000	1.000000	1.000000	291.000000	1.000000	1.000000	1.000000	487.000000	1.000000	1.000000	1.000000	1.000000	525.000000	1.000000	294.000000
405.000000	682.000000	907.000000	1.000000	1.000000	1.000000	1.000000	1.000000	337.000000	1789.000000	613.000000	1.000000	1.000000	1.000000	1.000000	1.000000	1.000000	341.000000	295.000000	1.000000	1.000000
1.000000	1.000000	951.000000	1.000000	449.000000	513.000000	239.000000	339.000000	1711.000000	3303.000000	1140.000000	1.000000	563.000000	1859.000000	633.000000	680.000000	505.000000	841.000000	433.000000	438.000000	1.000000
1.000000	401.000000	1.000000	1.000000	1050.000000	573.000000	325.000000	751.000000	1407.000000	1486.000000	1.000000	1.000000	1029.000000	689.000000	769.000000	675.000000	1001.000000	1223.000000	919.000000	291.000000	713.000000
1.000000	1.000000	1.000000	411.000000	1071.000000	1087.000000	697.000000	752.000000	988.000000	1091.000000	1.000000	1.000000	839.000000	800.000000	1054.000000	1894.000000	1544.000000	941.000000	235.000000	209.000000	706.000000
1.000000	458.000000	1.000000	1.000000	1211.000000	1380.000000	658.000000	1.000000	1.000000	541.000000	1.000000	1.000000	153.000000	538.000000	1.000000	187.000000	75.000000	1.000000	1.000000	433.000000	419.000000
458.000000	935.000000	1.000000	817.000000	671.000000	191.000000	1.000000	1.000000	1.000000	1.000000	1.000000	1.000000	637.000000	393.000000	1.000000	1.000000	1.000000	1.000000	1.000000	419.000000	562.000000
1.000000	1.000000	1.000000	1.000000	1.000000	1.000000	1.000000	1.000000	472.000000	989.000000	969.000000	739.000000	1105.000000	932.000000	1.000000	1.000000	1.000000	1.000000	289.000000	927.000000	788.000000
1.000000	1.000000	1.000000	1.000000	215.000000	1.000000	367.000000	1098.000000	542.000000	999.000000	623.000000	1659.000000	1478.000000	600.000000	1.000000	1.000000	488.000000	346.000000	727.000000	917.000000	465.000000
1.000000	1.000000	1.000000	281.000000	177.000000	470.000000	334.000000	1.000000	1.000000	1.000000	1.000000	1.000000	1.000000	1.000000	811.000000	1713.000000	640.000000	807.000000	707.000000	757.000000	363.000000
153.000000	1.000000	1.000000	151.000000	227.000000	209.000000	1.000000	1.000000	1.000000	193.000000	323.000000	183.000000	261.000000	1587.000000	2587.000000	686.000000	179.000000	379.000000	799.000000	78.000000	164.000000
1.000000	1.000000	1.000000	173.000000	167.000000	1.000000	1.000000	329.000000	301.000000	1.000000	1.000000	1.000000	1061.000000	2071.000000	704.000000	1.000000	1.000000	591.000000	171.000000	428.000000	399.000000
1.000000	1.000000	1.000000	167.000000	157.000000	1.000000	171.000000	1.000000	1.000000	1.000000	321.000000	1087.000000	1902.000000	1343.000000	1.000000	1.000000	409.000000	333.000000	865.000000	494.000000	581.000000
1.000000	77.000000	1.000000	205.000000	179.000000	1.000000	1.000000	245.000000	600.000000	1741.000000	2041.000000	2426.000000	1025.000000	1.000000	1.000000	183.000000	163.000000	231.000000	862.000000	711.000000	285.000000
1.000000	1.000000	393.000000	177.000000	361.000000	1.000000	501.000000	981.000000	1.000000	1.000000	1.000000	1.000000	1.000000	1.000000	1.000000	814.000000	175.000000	722.000000	1365.000000	267.000000	1.000000
163.000000	1.000000	458.000000	981.000000	1.000000	1.000000	513.000000	513.000000	1.000000	1.000000	1.000000	1.000000	1.000000	1.000000	1157.000000	914.000000	603.000000	771.000000	626.000000	1.000000	79.000000
1.000000	1.000000	805.000000	291.000000	1.000000	1.000000	513.000000	1.000000	1.000000	1.000000	1.000000	1.000000	279.000000	1013.000000	1091.000000	769.000000	271.000000	175.000000	175.000000	163.000000	1.000000
1.000000	1.000000	1.000000	1.000000	1.000000	1.000000	389.000000	1.000000	1.000000	1.000000	1.000000	1.000000	355.000000	435.000000	1.000000	1.000000	1.000000	1.000000	1.000000	1.000000	1.000000
1.000000	1.000000	1.000000	1.000000	1.000000	1.000000	1.000000	1.000000	1.000000	1.000000	1.000000	1.000000	1.000000	1.000000	1.000000	1.000000	1.000000	1.000000	1.000000	1.000000	1.000000
