21 25 0
154.000000	365.000000	1065.000000	1467.000000	2002.000000	1945.000000	1529.000000	532.000000	1.000000	1.000000	1.000000	1.000000	1.000000	1.000000	1.000000	1.000000	264.000000	1.000000	255.000000	298.000000	1.000000
633.000000	935.000000	1450.000000	1081.000000	1284.000000	1141.000000	1.000000	1.000000	1.000000	1.000000	1.000000	1.000000	1.000000	511.000000	1.000000	1.000000	337.000000	1.000000	1.000000	1.000000	365.000000
822.000000	528.000000	1075.000000	724.000000	688.000000	483.000000	1.000000	1.000000	1.000000	183.000000	1.000000	1.000000	194.000000	429.000000	167.000000	465.000000	352.000000	167.000000	1.000000	1.000000	1.000000
1.000000	665.000000	476.000000	493.000000	981.000000	1.000000	1.000000	381.000000	365.000000	451.000000	514.000000	762.000000	1319.000000	1167.000000	754.000000	720.000000	363.000000	1.000000	1.000000	1.000000	186.000000
1.000000	979.000000	1112.000000	1135.000000	515.000000	1.000000	1.000000	1.000000	1.000000	186.000000	748.000000	807.000000	492.000000	185.000000	1.000000	1.000000	1.000000	1.000000	1.000000	1.000000	689.000000
495.000000	728.000000	477.000000	1.000000	257.000000	1.000000	1.000000	1.000000	1.000000	358.000000	380.000000	1.000000	1.000000	1.000000	1.000000	503.000000	1.000000	1.000000	287.000000	471.000000	821.000000
437.000000	477.000000	1.000000	257.000000	1.000000	1.000000	1.000000	1.000000	1.000000	1117.000000	359.000000	1.000000	1.000000	1002.000000	1248.000000	976.000000	271.000000	1.000000	1.000000	349.000000	497.000000
1.000000	1.000000	1.000000	1.000000	1.000000	1.000000	1.000000	403.000000	1047.000000	1390.000000	891.000000	1.000000	151.000000	1132.000000	673.000000	1.000000	1.000000	1.000000	1.000000	247.000000	229.000000
1.000000	1.000000	1.000000	927.000000	325.000000	1.000000	285.000000	1377.000000	876.000000	1990.000000	1921.000000	1.000000	157.000000	1.000000	280.000000	726.000000	882.000000	634.000000	738.000000	559.000000	249.000000
1.000000	1.000000	604.000000	226.000000	220.000000	254.000000	1376.000000	1368.000000	1.000000	1904.000000	743.000000	1.000000	1.000000	1158.000000	1528.000000	1055.000000	1906.000000	1125.000000	853.000000	285.000000	1.000000
1.000000	1.000000	1.000000	1.000000	1.000000	1.000000	737.000000	1.000000	547.000000	1519.000000	183.000000	1.000000	1.000000	588.000000	416.000000	1.000000	242.000000	270.000000	1.000000	1.000000	1.000000
1.000000	200.000000	186.000000	1.000000	288.000000	526.000000	1153.000000	312.000000	1.000000	651.000000	1.000000	1.000000	1.000000	1.000000	1.000000	1.000000	1.000000	1.000000	1.000000	1.000000	1.000000
415.000000	420.000000	221.000000	1.000000	532.000000	1062.000000	1.000000	1.000000	1.000000	1.000000	1.000000	1.000000	1.000000	474.000000	697.000000	1.000000	255.000000	1.000000	1.000000	1.000000	1.000000
174.000000	578.000000	1.000000	1.000000	1.000000	1.000000	1.000000	1.000000	154.000000	1337.000000	1.000000	1.000000	2066.000000	1900.000000	1.000000	1.000000	1.000000	151.000000	1.000000	1.000000	814.000000
1.000000	163.000000	372.000000	954.000000	941.000000	1.000000	263.000000	491.000000	1356.000000	2487.000000	1643.000000	1695.000000	2387.000000	1992.000000	1.000000	1.000000	152.000000	1.000000	1.000000	334.000000	515.000000
211.000000	222.000000	1172.000000	1010.000000	183.000000	1.000000	1.000000	1.000000	1.000000	1.000000	1.000000	1.000000	1.000000	1.000000	1.000000	1.000000	239.000000	1.000000	1.000000	724.000000	365.000000
205.000000	191.000000	169.000000	456.000000	1.000000	1.000000	1.000000	1.000000	1.000000	1.000000	1.000000	1.000000	1.000000	1.000000	1.000000	721.000000	737.000000	1.000000	367.000000	782.000000	1.000000
168.000000	1.000000	1.000000	393.000000	1.000000	584.000000	504.000000	1.000000	1.000000	1.000000	1.000000	1.000000	692.000000	974.000000	1207.000000	1734.000000	685.000000	1.000000	420.000000	513.000000	1.000000
390.000000	1.000000	1.000000	1.000000	1.000000	955.000000	917.000000	1.000000	1600.000000	1.000000	1199.000000	2591.000000	2343.000000	2070.000000	935.000000	176.000000	178.000000	1.000000	526.000000	141.000000	1.000000
1.000000	1.000000	1.000000	1.000000	284.000000	1.000000	1.000000	331.000000	1327.000000	2422.000000	1641.000000	1215.000000	393.000000	1.000000	1.000000	179.000000	183.000000	159.000000	673.000000	1.000000	243.000000
1.000000	173.000000	1.000000	1.000000	1.000000	1.000000	1.000000	1.000000	1.000000	1.000000	1.000000	1.000000	1.000000	1.000000	179.000000	183.000000	392.000000	537.000000	612.000000	241.000000	315.000000
1.000000	230.000000	251.000000	233.000000	195.000000	173.000000	1.000000	1.000000	1.000000	1.000000	1.000000	1.000000	1.000000	173.000000	299.000000	925.000000	718.000000	616.000000	822.000000	433.000000	173.000000
221.000000	233.000000	512.000000	517.000000	251.000000	1.000000	1.000000	1.000000	1.000000	1.000000	1.000000	1.000000	1.000000	339.000000	926.000000	480.000000	696.000000	459.000000	403.000000	1.000000	374.000000
1.000000	1.000000	1.000000	1.000000	1.000000	1.000000	1.000000	1.000000	1.000000	1.000000	1.000000	1.000000	1.000000	1.000000	1.000000	1.000000	1.000000	1.000000	1.000000	1.000000	1.000000
1.000000	1.000000	1.000000	1.000000	1.000000	1.000000	1.000000	1.000000	1.000000	1.000000	1.000000	1.000000	1.000000	1.000000	1.000000	1.000000	1.000000	1.000000	1.000000	1.000000	1.000000
