21 25 0
1.000000	1.000000	1.000000	1.000000	1.000000	435.000000	1.000000	1.000000	358.000000	577.000000	488.000000	736.000000	796.000000	853.000000	971.000000	826.000000	179.000000	393.000000	449.000000	563.000000	723.000000
1.000000	358.000000	1.000000	1.000000	1.000000	1.000000	1.000000	351.000000	499.000000	705.000000	729.000000	1250.000000	1264.000000	1250.000000	1234.000000	1618.000000	557.000000	414.000000	393.000000	509.000000	771.000000
1.000000	229.000000	391.000000	1.000000	495.000000	1.000000	1.000000	216.000000	385.000000	203.000000	220.000000	522.000000	526.000000	487.000000	477.000000	304.000000	1186.000000	363.000000	279.000000	1.000000	511.000000
195.000000	1.000000	198.000000	391.000000	1.000000	571.000000	1.000000	1.000000	1.000000	1.000000	1.000000	1.000000	1.000000	1.000000	1.000000	1.000000	164.000000	1.000000	1.000000	1.000000	1.000000
319.000000	785.000000	1.000000	1.000000	455.000000	351.000000	316.000000	269.000000	337.000000	276.000000	1.000000	1.000000	1.000000	1197.000000	1992.000000	771.000000	831.000000	1.000000	1.000000	489.000000	351.000000
223.000000	1106.000000	1.000000	451.000000	340.000000	711.000000	879.000000	1368.000000	1117.000000	1185.000000	227.000000	378.000000	129.000000	274.000000	1265.000000	1402.000000	1786.000000	922.000000	780.000000	449.000000	1161.000000
1.000000	1.000000	683.000000	306.000000	1.000000	461.000000	1.000000	1138.000000	1503.000000	892.000000	1097.000000	1.000000	1.000000	414.000000	1.000000	1.000000	1.000000	253.000000	514.000000	749.000000	811.000000
1.000000	1.000000	185.000000	760.000000	411.000000	571.000000	461.000000	1.000000	735.000000	1270.000000	487.000000	1.000000	1.000000	292.000000	1811.000000	1471.000000	501.000000	267.000000	1.000000	285.000000	536.000000
417.000000	1.000000	1.000000	693.000000	1.000000	1.000000	1.000000	1.000000	1.000000	1146.000000	511.000000	1.000000	1.000000	1.000000	1.000000	327.000000	1.000000	1.000000	1.000000	1.000000	1.000000
247.000000	647.000000	444.000000	755.000000	899.000000	1.000000	1.000000	1.000000	1.000000	250.000000	1.000000	1.000000	1.000000	1.000000	1.000000	1.000000	1.000000	1.000000	1.000000	1.000000	1.000000
550.000000	861.000000	660.000000	816.000000	1177.000000	503.000000	1.000000	1.000000	1.000000	331.000000	251.000000	1.000000	1.000000	255.000000	1.000000	1.000000	854.000000	354.000000	1.000000	1.000000	1.000000
911.000000	738.000000	701.000000	415.000000	630.000000	609.000000	1.000000	1.000000	1003.000000	2737.000000	1904.000000	493.000000	1.000000	1549.000000	261.000000	1.000000	356.000000	1072.000000	699.000000	181.000000	1.000000
1.000000	563.000000	1051.000000	621.000000	658.000000	550.000000	163.000000	1.000000	473.000000	3047.000000	2178.000000	1088.000000	2057.000000	2571.000000	1.000000	1.000000	1.000000	1.000000	334.000000	724.000000	1.000000
376.000000	189.000000	403.000000	887.000000	1458.000000	742.000000	165.000000	1.000000	1.000000	1.000000	1015.000000	1.000000	629.000000	2040.000000	1067.000000	325.000000	1.000000	1.000000	1.000000	260.000000	1.000000
254.000000	163.000000	181.000000	184.000000	676.000000	719.000000	941.000000	1.000000	1.000000	1.000000	1.000000	1.000000	1.000000	247.000000	1.000000	1.000000	1.000000	1.000000	1.000000	1.000000	1.000000
1.000000	352.000000	299.000000	215.000000	259.000000	673.000000	1609.000000	3057.000000	1869.000000	1419.000000	882.000000	1.000000	1.000000	1.000000	1.000000	215.000000	1.000000	1.000000	1.000000	1.000000	318.000000
277.000000	195.000000	819.000000	683.000000	475.000000	1.000000	748.000000	1360.000000	1418.000000	2184.000000	2627.000000	1957.000000	2244.000000	757.000000	1.000000	1259.000000	303.000000	1.000000	1.000000	1.000000	1.000000
215.000000	211.000000	382.000000	1026.000000	332.000000	552.000000	1.000000	1.000000	1.000000	1.000000	1.000000	1.000000	457.000000	445.000000	1.000000	1.000000	395.000000	251.000000	1.000000	1.000000	1.000000
258.000000	229.000000	409.000000	839.000000	1163.000000	728.000000	490.000000	1.000000	1.000000	1.000000	1.000000	1.000000	1.000000	1.000000	1.000000	1.000000	1.000000	1.000000	1.000000	1.000000	1.000000
439.000000	306.000000	269.000000	399.000000	925.000000	982.000000	573.000000	317.000000	1.000000	1.000000	1.000000	1.000000	1.000000	160.000000	1.000000	1.000000	1.000000	192.000000	159.000000	146.000000	1.000000
1.000000	97.000000	322.000000	803.000000	785.000000	1543.000000	1347.000000	1455.000000	3088.000000	956.000000	403.000000	263.000000	1.000000	1.000000	1.000000	1.000000	1.000000	1.000000	323.000000	163.000000	146.000000
1.000000	251.000000	1.000000	1.000000	883.000000	888.000000	1659.000000	1973.000000	2723.000000	2527.000000	2108.000000	2409.000000	1046.000000	1154.000000	637.000000	1.000000	184.000000	338.000000	1.000000	162.000000	138.000000
1.000000	1.000000	1.000000	190.000000	1.000000	1.000000	1.000000	1.000000	1.000000	399.000000	373.000000	1.000000	165.000000	1.000000	1.000000	1.000000	1.000000	1.000000	135.000000	1.000000	1.000000
1.000000	1.000000	1.000000	1.000000	1.000000	1.000000	1.000000	1.000000	1.000000	1.000000	1.000000	1.000000	1.000000	1.000000	1.000000	1.000000	1.000000	1.000000	1.000000	1.000000	1.000000
1.000000	1.000000	1.000000	1.000000	1.000000	1.000000	1.000000	1.000000	1.000000	1.000000	1.000000	1.000000	1.000000	1.000000	1.000000	1.000000	1.000000	1.000000	1.000000	1.000000	1.000000
