21 25 0
688.000000	477.000000	821.000000	773.000000	279.000000	1.000000	372.000000	537.000000	1106.000000	998.000000	787.000000	652.000000	189.000000	189.000000	1.000000	1.000000	1.000000	1.000000	373.000000	1.000000	1.000000
211.000000	433.000000	437.000000	281.000000	797.000000	702.000000	901.000000	1463.000000	1510.000000	930.000000	1099.000000	1117.000000	570.000000	391.000000	363.000000	386.000000	387.000000	594.000000	165.000000	320.000000	1.000000
1.000000	1.000000	1.000000	863.000000	902.000000	1314.000000	1643.000000	1136.000000	177.000000	172.000000	161.000000	88.000000	342.000000	1.000000	485.000000	1.000000	383.000000	340.000000	1.000000	211.000000	1.000000
431.000000	481.000000	171.000000	405.000000	320.000000	1.000000	1.000000	272.000000	1.000000	1.000000	1.000000	1.000000	1.000000	1.000000	1.000000	1.000000	1.000000	414.000000	1.000000	1.000000	1.000000
674.000000	542.000000	690.000000	425.000000	266.000000	672.000000	784.000000	1589.000000	374.000000	1.000000	1.000000	1.000000	276.000000	364.000000	724.000000	785.000000	962.000000	373.000000	317.000000	270.000000	1.000000
176.000000	171.000000	449.000000	906.000000	879.000000	972.000000	1922.000000	1197.000000	481.000000	1.000000	1.000000	809.000000	1881.000000	1714.000000	1925.000000	142.000000	373.000000	317.000000	751.000000	961.000000	1.000000
499.000000	432.000000	662.000000	443.000000	227.000000	204.000000	860.000000	219.000000	1.000000	1.000000	1.000000	2027.000000	1725.000000	772.000000	1.000000	1.000000	1.000000	1.000000	1090.000000	211.000000	387.000000
196.000000	99.000000	357.000000	113.000000	255.000000	932.000000	836.000000	1.000000	1.000000	1.000000	1.000000	1318.000000	377.000000	269.000000	817.000000	1061.000000	1012.000000	682.000000	521.000000	1.000000	468.000000
1.000000	249.000000	750.000000	1.000000	966.000000	1356.000000	1.000000	1.000000	243.000000	1.000000	451.000000	481.000000	478.000000	1.000000	1.000000	657.000000	319.000000	1.000000	261.000000	1.000000	1.000000
308.000000	1.000000	1.000000	1.000000	280.000000	1.000000	1.000000	258.000000	1.000000	1.000000	1.000000	901.000000	1.000000	1.000000	1.000000	1.000000	1.000000	271.000000	271.000000	1.000000	354.000000
1.000000	1.000000	1.000000	239.000000	953.000000	421.000000	1.000000	1.000000	1181.000000	1.000000	1.000000	968.000000	1.000000	1.000000	1.000000	357.000000	372.000000	1006.000000	619.000000	354.000000	271.000000
1.000000	286.000000	217.000000	607.000000	1.000000	1.000000	1.000000	1283.000000	441.000000	1.000000	1619.000000	3060.000000	863.000000	1.000000	1.000000	418.000000	595.000000	965.000000	399.000000	504.000000	273.000000
1.000000	239.000000	333.000000	441.000000	1.000000	1.000000	243.000000	2427.000000	1332.000000	506.000000	1282.000000	2629.000000	470.000000	1.000000	131.000000	978.000000	536.000000	850.000000	446.000000	498.000000	396.000000
1.000000	416.000000	441.000000	314.000000	1.000000	1.000000	1.000000	391.000000	1.000000	1.000000	1.000000	1.000000	1.000000	1.000000	1.000000	799.000000	356.000000	385.000000	467.000000	262.000000	165.000000
1.000000	247.000000	1.000000	1.000000	1.000000	1.000000	1.000000	1.000000	1.000000	1.000000	1.000000	1.000000	1.000000	1.000000	320.000000	1179.000000	263.000000	235.000000	781.000000	193.000000	1.000000
146.000000	1.000000	1.000000	1.000000	1.000000	191.000000	1.000000	1.000000	355.000000	1.000000	1.000000	491.000000	596.000000	592.000000	1451.000000	756.000000	1.000000	457.000000	711.000000	233.000000	256.000000
71.000000	1.000000	1.000000	1.000000	397.000000	768.000000	1.000000	403.000000	1641.000000	1036.000000	445.000000	1587.000000	1141.000000	2108.000000	1542.000000	447.000000	295.000000	1287.000000	383.000000	1.000000	661.000000
1.000000	1.000000	1.000000	1.000000	195.000000	1.000000	1.000000	1.000000	1.000000	1.000000	1.000000	1.000000	473.000000	1.000000	317.000000	1.000000	331.000000	1037.000000	183.000000	273.000000	641.000000
1.000000	1.000000	1.000000	86.000000	1.000000	1.000000	1.000000	1.000000	1.000000	1.000000	1.000000	1.000000	1.000000	239.000000	341.000000	253.000000	1455.000000	857.000000	1.000000	371.000000	403.000000
148.000000	1.000000	1.000000	268.000000	1.000000	1.000000	1.000000	1.000000	1.000000	1.000000	1.000000	1.000000	1.000000	358.000000	593.000000	976.000000	1023.000000	1.000000	1.000000	165.000000	484.000000
203.000000	1.000000	135.000000	1.000000	1.000000	1.000000	1.000000	325.000000	326.000000	493.000000	482.000000	738.000000	1111.000000	1583.000000	1433.000000	674.000000	858.000000	269.000000	433.000000	223.000000	680.000000
1.000000	1.000000	1.000000	1.000000	1.000000	344.000000	725.000000	553.000000	1006.000000	2125.000000	2246.000000	2770.000000	2442.000000	1733.000000	1009.000000	1036.000000	455.000000	726.000000	1.000000	971.000000	1.000000
1.000000	1.000000	1.000000	1.000000	1.000000	1.000000	1.000000	309.000000	1.000000	1.000000	1.000000	379.000000	1.000000	405.000000	289.000000	1.000000	774.000000	1.000000	520.000000	632.000000	171.000000
1.000000	1.000000	1.000000	1.000000	1.000000	1.000000	1.000000	1.000000	1.000000	1.000000	1.000000	1.000000	1.000000	1.000000	1.000000	1.000000	1.000000	1.000000	1.000000	1.000000	1.000000
1.000000	1.000000	1.000000	1.000000	1.000000	1.000000	1.000000	1.000000	1.000000	1.000000	1.000000	1.000000	1.000000	1.000000	1.000000	1.000000	1.000000	1.000000	1.000000	1.000000	1.000000
