21 25 0
291.000000	331.000000	405.000000	736.000000	761.000000	1.000000	1.000000	1.000000	1.000000	1.000000	1.000000	1.000000	505.000000	375.000000	479.000000	967.000000	1202.000000	756.000000	673.000000	758.000000	479.000000
254.000000	1.000000	355.000000	390.000000	1.000000	1.000000	1.000000	1.000000	1.000000	1.000000	1.000000	1.000000	1.000000	509.000000	447.000000	493.000000	941.000000	973.000000	282.000000	719.000000	410.000000
224.000000	1.000000	191.000000	1.000000	1.000000	1.000000	1.000000	85.000000	206.000000	182.000000	175.000000	362.000000	1.000000	1.000000	503.000000	1.000000	447.000000	949.000000	809.000000	327.000000	720.000000
1.000000	301.000000	1.000000	1.000000	157.000000	528.000000	562.000000	533.000000	923.000000	768.000000	804.000000	889.000000	603.000000	578.000000	481.000000	207.000000	365.000000	388.000000	399.000000	1.000000	538.000000
1.000000	197.000000	1.000000	1.000000	1.000000	204.000000	237.000000	579.000000	805.000000	515.000000	268.000000	92.000000	1.000000	1.000000	469.000000	481.000000	465.000000	465.000000	679.000000	1.000000	249.000000
426.000000	1.000000	1.000000	1.000000	1.000000	415.000000	401.000000	1.000000	1.000000	1.000000	1.000000	263.000000	1.000000	1.000000	1.000000	1.000000	1.000000	365.000000	839.000000	185.000000	803.000000
651.000000	446.000000	303.000000	1.000000	1.000000	945.000000	819.000000	1273.000000	487.000000	1.000000	780.000000	237.000000	333.000000	1.000000	1.000000	291.000000	292.000000	251.000000	367.000000	404.000000	277.000000
497.000000	854.000000	179.000000	1.000000	449.000000	511.000000	1.000000	569.000000	435.000000	165.000000	1411.000000	1568.000000	375.000000	291.000000	1.000000	1.000000	1.000000	1.000000	159.000000	623.000000	1.000000
256.000000	567.000000	1120.000000	505.000000	757.000000	1885.000000	857.000000	1.000000	204.000000	1.000000	442.000000	3310.000000	704.000000	606.000000	903.000000	1.000000	1.000000	1.000000	1.000000	215.000000	1.000000
427.000000	595.000000	534.000000	513.000000	549.000000	1498.000000	1557.000000	484.000000	234.000000	1.000000	1.000000	1822.000000	1186.000000	751.000000	1394.000000	623.000000	327.000000	828.000000	512.000000	534.000000	1.000000
318.000000	777.000000	299.000000	568.000000	1.000000	1.000000	1.000000	428.000000	1.000000	355.000000	1.000000	649.000000	708.000000	1.000000	267.000000	650.000000	1.000000	567.000000	271.000000	460.000000	371.000000
870.000000	1.000000	350.000000	537.000000	223.000000	1.000000	1.000000	1.000000	1.000000	1.000000	1.000000	1.000000	1.000000	1.000000	940.000000	666.000000	1.000000	1.000000	1.000000	211.000000	113.000000
507.000000	1.000000	1.000000	1.000000	1.000000	1.000000	1.000000	883.000000	834.000000	1.000000	1.000000	1.000000	1.000000	1.000000	1.000000	1386.000000	917.000000	465.000000	1.000000	1.000000	1.000000
1.000000	1.000000	1.000000	1.000000	1.000000	1.000000	1.000000	2422.000000	2972.000000	651.000000	343.000000	671.000000	623.000000	1.000000	1.000000	507.000000	77.000000	732.000000	510.000000	1.000000	1.000000
146.000000	117.000000	161.000000	167.000000	1.000000	1.000000	1.000000	722.000000	2417.000000	2768.000000	1970.000000	2990.000000	2594.000000	421.000000	1.000000	461.000000	252.000000	443.000000	401.000000	183.000000	304.000000
391.000000	199.000000	1.000000	373.000000	718.000000	1.000000	1.000000	1.000000	1.000000	1.000000	1.000000	1.000000	825.000000	1.000000	1.000000	1.000000	261.000000	870.000000	199.000000	195.000000	295.000000
684.000000	465.000000	1.000000	474.000000	1045.000000	879.000000	1109.000000	467.000000	1.000000	1.000000	1.000000	1.000000	1.000000	1.000000	1.000000	1.000000	1.000000	470.000000	518.000000	175.000000	1.000000
290.000000	723.000000	169.000000	167.000000	662.000000	1061.000000	1978.000000	1543.000000	1348.000000	1.000000	1.000000	1.000000	1.000000	1.000000	315.000000	1.000000	1.000000	521.000000	209.000000	179.000000	1.000000
574.000000	424.000000	1020.000000	398.000000	167.000000	1.000000	529.000000	1695.000000	2214.000000	2311.000000	934.000000	1.000000	1.000000	1.000000	359.000000	1016.000000	191.000000	1.000000	1.000000	209.000000	1.000000
333.000000	143.000000	458.000000	614.000000	352.000000	1.000000	1.000000	1.000000	1.000000	1917.000000	2493.000000	2899.000000	1648.000000	242.000000	1.000000	1.000000	1.000000	1.000000	1.000000	330.000000	170.000000
321.000000	417.000000	1.000000	416.000000	322.000000	459.000000	1.000000	1.000000	1.000000	1.000000	1.000000	1.000000	428.000000	167.000000	1.000000	376.000000	1.000000	1.000000	159.000000	620.000000	1.000000
665.000000	886.000000	453.000000	735.000000	1380.000000	950.000000	327.000000	1.000000	1.000000	1.000000	1.000000	1.000000	1.000000	1.000000	343.000000	1.000000	766.000000	1.000000	1.000000	1.000000	359.000000
227.000000	240.000000	635.000000	841.000000	694.000000	1195.000000	928.000000	292.000000	431.000000	1.000000	1.000000	1.000000	1.000000	185.000000	180.000000	345.000000	219.000000	560.000000	1.000000	569.000000	1.000000
1.000000	1.000000	1.000000	1.000000	1.000000	1.000000	1.000000	1.000000	1.000000	1.000000	1.000000	1.000000	1.000000	1.000000	1.000000	1.000000	1.000000	1.000000	1.000000	1.000000	1.000000
1.000000	1.000000	1.000000	1.000000	1.000000	1.000000	1.000000	1.000000	1.000000	1.000000	1.000000	1.000000	1.000000	1.000000	1.000000	1.000000	1.000000	1.000000	1.000000	1.000000	1.000000
