21 25 0
315.000000	345.000000	810.000000	387.000000	1.000000	1.000000	725.000000	1206.000000	1591.000000	2131.000000	1988.000000	2387.000000	1927.000000	1386.000000	843.000000	986.000000	179.000000	221.000000	275.000000	283.000000	283.000000
396.000000	1.000000	1.000000	1.000000	584.000000	1025.000000	1071.000000	1972.000000	1864.000000	1421.000000	1345.000000	1490.000000	1333.000000	1293.000000	1035.000000	755.000000	578.000000	489.000000	567.000000	1.000000	299.000000
1.000000	1.000000	412.000000	817.000000	875.000000	950.000000	945.000000	1040.000000	920.000000	722.000000	716.000000	769.000000	548.000000	509.000000	495.000000	187.000000	187.000000	191.000000	1.000000	1.000000	1.000000
1264.000000	932.000000	530.000000	328.000000	1.000000	1.000000	199.000000	180.000000	1.000000	1.000000	1.000000	1.000000	1.000000	1.000000	1.000000	1.000000	1.000000	1.000000	1.000000	1.000000	1.000000
1.000000	1.000000	1.000000	446.000000	285.000000	1180.000000	1433.000000	1434.000000	1012.000000	440.000000	1.000000	201.000000	253.000000	1186.000000	2192.000000	2116.000000	1130.000000	185.000000	1.000000	1.000000	1.000000
1.000000	1.000000	422.000000	1059.000000	1581.000000	2341.000000	2502.000000	2540.000000	1572.000000	1225.000000	1.000000	986.000000	2632.000000	2929.000000	1865.000000	2039.000000	1196.000000	622.000000	751.000000	847.000000	229.000000
257.000000	500.000000	719.000000	428.000000	255.000000	254.000000	462.000000	1258.000000	1374.000000	783.000000	807.000000	1472.000000	1250.000000	256.000000	1.000000	1.000000	150.000000	150.000000	1.000000	848.000000	1.000000
1.000000	1.000000	217.000000	368.000000	295.000000	902.000000	1212.000000	367.000000	1.000000	1.000000	1.000000	1.000000	1.000000	733.000000	2140.000000	2079.000000	1563.000000	413.000000	343.000000	1.000000	1.000000
421.000000	1096.000000	248.000000	1.000000	1.000000	1373.000000	350.000000	1.000000	1.000000	1.000000	1.000000	1.000000	1.000000	1.000000	1.000000	665.000000	236.000000	1.000000	1.000000	1.000000	1.000000
212.000000	429.000000	1.000000	223.000000	325.000000	230.000000	1.000000	1.000000	1.000000	272.000000	513.000000	1.000000	1.000000	1.000000	1.000000	1.000000	1.000000	1.000000	1.000000	1.000000	1.000000
482.000000	626.000000	569.000000	1346.000000	2158.000000	1172.000000	309.000000	1.000000	1.000000	1.000000	1.000000	1.000000	1.000000	1.000000	1.000000	673.000000	1511.000000	1615.000000	615.000000	279.000000	195.000000
537.000000	557.000000	706.000000	601.000000	1.000000	1.000000	387.000000	585.000000	1237.000000	1800.000000	1747.000000	1411.000000	1929.000000	799.000000	177.000000	317.000000	897.000000	1224.000000	727.000000	275.000000	247.000000
1.000000	344.000000	963.000000	717.000000	813.000000	766.000000	1007.000000	1873.000000	3040.000000	3333.000000	3335.000000	3437.000000	3311.000000	2241.000000	770.000000	272.000000	487.000000	340.000000	231.000000	1396.000000	420.000000
172.000000	416.000000	827.000000	1162.000000	1350.000000	1064.000000	599.000000	1.000000	1.000000	1.000000	1.000000	1.000000	131.000000	312.000000	1.000000	280.000000	297.000000	1.000000	258.000000	518.000000	171.000000
264.000000	472.000000	1.000000	1.000000	1.000000	1.000000	1.000000	1.000000	1.000000	1.000000	1.000000	1.000000	1.000000	1.000000	1.000000	1.000000	415.000000	472.000000	1.000000	1.000000	1.000000
1.000000	1.000000	1.000000	1.000000	1.000000	782.000000	2387.000000	2985.000000	2749.000000	2920.000000	1989.000000	1384.000000	881.000000	1077.000000	1218.000000	898.000000	193.000000	1.000000	1.000000	1.000000	1.000000
1.000000	1.000000	204.000000	93.000000	1.000000	540.000000	982.000000	1679.000000	2374.000000	3057.000000	3909.000000	3741.000000	3396.000000	2402.000000	1921.000000	1330.000000	507.000000	313.000000	1.000000	1.000000	1.000000
211.000000	161.000000	338.000000	628.000000	250.000000	1.000000	1.000000	1.000000	1.000000	295.000000	476.000000	538.000000	558.000000	163.000000	1.000000	1.000000	1.000000	186.000000	181.000000	273.000000	1.000000
1.000000	1.000000	1.000000	564.000000	680.000000	775.000000	509.000000	166.000000	1.000000	1.000000	1.000000	1.000000	1.000000	1.000000	331.000000	459.000000	1145.000000	940.000000	1.000000	1.000000	82.000000
426.000000	282.000000	233.000000	1.000000	498.000000	234.000000	661.000000	1.000000	1.000000	1.000000	1.000000	1.000000	1.000000	358.000000	301.000000	878.000000	1.000000	1.000000	1.000000	1.000000	72.000000
365.000000	580.000000	802.000000	908.000000	1321.000000	1625.000000	1121.000000	1654.000000	2338.000000	2144.000000	1949.000000	1518.000000	936.000000	571.000000	480.000000	543.000000	275.000000	289.000000	565.000000	164.000000	284.000000
1.000000	1.000000	1.000000	1.000000	328.000000	987.000000	1581.000000	2549.000000	2875.000000	3027.000000	2805.000000	3100.000000	2965.000000	1812.000000	1004.000000	897.000000	507.000000	1.000000	1.000000	1.000000	280.000000
1.000000	1.000000	1.000000	1.000000	1.000000	1.000000	1.000000	434.000000	501.000000	616.000000	1284.000000	689.000000	1.000000	315.000000	1.000000	1.000000	1.000000	1.000000	1.000000	1.000000	255.000000
1.000000	1.000000	1.000000	1.000000	1.000000	1.000000	1.000000	1.000000	1.000000	1.000000	1.000000	1.000000	1.000000	1.000000	1.000000	1.000000	1.000000	1.000000	1.000000	1.000000	1.000000
1.000000	1.000000	1.000000	1.000000	1.000000	1.000000	1.000000	1.000000	1.000000	1.000000	1.000000	1.000000	1.000000	1.000000	1.000000	1.000000	1.000000	1.000000	1.000000	1.000000	1.000000
