21 25 0
690.000000	435.000000	647.000000	409.000000	337.000000	1.000000	1.000000	379.000000	1.000000	1.000000	1.000000	1.000000	477.000000	336.000000	489.000000	1222.000000	1160.000000	760.000000	417.000000	663.000000	453.000000
366.000000	1.000000	425.000000	846.000000	1.000000	1.000000	1.000000	764.000000	343.000000	81.000000	189.000000	1.000000	1.000000	367.000000	449.000000	499.000000	703.000000	1061.000000	253.000000	840.000000	550.000000
368.000000	1.000000	298.000000	659.000000	549.000000	732.000000	939.000000	748.000000	164.000000	258.000000	1.000000	1.000000	1.000000	329.000000	513.000000	323.000000	757.000000	1050.000000	945.000000	556.000000	773.000000
679.000000	828.000000	487.000000	901.000000	590.000000	336.000000	839.000000	337.000000	181.000000	167.000000	1.000000	1.000000	1.000000	1.000000	513.000000	1.000000	619.000000	1084.000000	1080.000000	543.000000	590.000000
704.000000	971.000000	904.000000	369.000000	445.000000	455.000000	501.000000	381.000000	1.000000	1.000000	1.000000	1.000000	278.000000	1.000000	487.000000	1.000000	469.000000	661.000000	1155.000000	410.000000	617.000000
826.000000	927.000000	894.000000	744.000000	288.000000	294.000000	930.000000	381.000000	1.000000	1.000000	1.000000	560.000000	278.000000	218.000000	473.000000	1.000000	423.000000	585.000000	1265.000000	412.000000	718.000000
1182.000000	173.000000	622.000000	463.000000	289.000000	1251.000000	422.000000	422.000000	1.000000	1.000000	851.000000	2495.000000	732.000000	165.000000	1.000000	227.000000	1.000000	251.000000	1340.000000	406.000000	390.000000
980.000000	445.000000	875.000000	339.000000	228.000000	2122.000000	217.000000	1.000000	778.000000	1.000000	1341.000000	2841.000000	834.000000	401.000000	1.000000	114.000000	1.000000	593.000000	266.000000	315.000000	388.000000
494.000000	311.000000	1036.000000	340.000000	256.000000	2312.000000	220.000000	1.000000	930.000000	1.000000	1177.000000	3794.000000	1255.000000	1.000000	231.000000	1.000000	320.000000	649.000000	272.000000	1.000000	1.000000
476.000000	462.000000	778.000000	1.000000	461.000000	1684.000000	221.000000	1.000000	1339.000000	1.000000	1.000000	3360.000000	878.000000	1.000000	872.000000	325.000000	1.000000	886.000000	799.000000	297.000000	387.000000
356.000000	716.000000	627.000000	623.000000	161.000000	324.000000	1.000000	686.000000	1412.000000	1.000000	1.000000	3036.000000	562.000000	1.000000	1553.000000	658.000000	299.000000	1108.000000	1941.000000	308.000000	880.000000
614.000000	754.000000	259.000000	639.000000	1.000000	165.000000	1.000000	2237.000000	1688.000000	1.000000	977.000000	3447.000000	268.000000	1.000000	843.000000	1347.000000	275.000000	944.000000	515.000000	379.000000	273.000000
501.000000	1.000000	1.000000	1.000000	1.000000	1.000000	1.000000	2863.000000	2272.000000	1.000000	979.000000	2764.000000	1.000000	1.000000	326.000000	1811.000000	177.000000	760.000000	153.000000	297.000000	239.000000
135.000000	1.000000	205.000000	338.000000	1.000000	1.000000	1.000000	2089.000000	1897.000000	1.000000	1.000000	1704.000000	1.000000	1.000000	290.000000	1109.000000	171.000000	467.000000	1529.000000	1.000000	1.000000
146.000000	361.000000	1.000000	163.000000	1.000000	1.000000	1.000000	626.000000	1.000000	1.000000	1.000000	1.000000	1.000000	1.000000	586.000000	1076.000000	205.000000	733.000000	1353.000000	205.000000	513.000000
495.000000	1.000000	1.000000	1.000000	590.000000	384.000000	1.000000	1.000000	1.000000	1.000000	1.000000	404.000000	1.000000	1.000000	620.000000	490.000000	167.000000	1271.000000	1143.000000	243.000000	582.000000
565.000000	462.000000	192.000000	271.000000	1286.000000	1026.000000	1.000000	490.000000	1.000000	1.000000	1.000000	1.000000	1.000000	1.000000	516.000000	456.000000	271.000000	1548.000000	873.000000	193.000000	570.000000
404.000000	469.000000	230.000000	285.000000	464.000000	443.000000	117.000000	1891.000000	429.000000	1.000000	1.000000	1.000000	1.000000	1.000000	491.000000	191.000000	295.000000	1244.000000	416.000000	181.000000	548.000000
354.000000	306.000000	735.000000	213.000000	1.000000	1.000000	1.000000	863.000000	1.000000	1.000000	1.000000	1.000000	1.000000	1.000000	495.000000	237.000000	906.000000	908.000000	1.000000	682.000000	644.000000
290.000000	527.000000	491.000000	310.000000	348.000000	1.000000	1.000000	1.000000	1.000000	785.000000	479.000000	1.000000	799.000000	557.000000	457.000000	499.000000	628.000000	1.000000	1.000000	545.000000	605.000000
1.000000	361.000000	1.000000	322.000000	297.000000	1.000000	1.000000	1.000000	1.000000	1.000000	481.000000	1.000000	1189.000000	948.000000	1051.000000	843.000000	530.000000	1.000000	337.000000	674.000000	365.000000
233.000000	636.000000	419.000000	505.000000	1454.000000	849.000000	330.000000	1.000000	1.000000	1.000000	1.000000	1.000000	402.000000	560.000000	1260.000000	502.000000	988.000000	563.000000	1.000000	969.000000	346.000000
233.000000	282.000000	419.000000	227.000000	862.000000	834.000000	374.000000	1.000000	1.000000	1.000000	1.000000	1.000000	1.000000	1.000000	735.000000	1.000000	775.000000	179.000000	190.000000	959.000000	1.000000
1.000000	1.000000	1.000000	1.000000	1.000000	1.000000	1.000000	1.000000	1.000000	1.000000	1.000000	1.000000	1.000000	1.000000	1.000000	1.000000	1.000000	1.000000	1.000000	1.000000	1.000000
1.000000	1.000000	1.000000	1.000000	1.000000	1.000000	1.000000	1.000000	1.000000	1.000000	1.000000	1.000000	1.000000	1.000000	1.000000	1.000000	1.000000	1.000000	1.000000	1.000000	1.000000
