21 25 0
364.000000	577.000000	1151.000000	1685.000000	2077.000000	1506.000000	1299.000000	738.000000	210.000000	1.000000	1.000000	1.000000	449.000000	375.000000	481.000000	875.000000	1155.000000	1040.000000	610.000000	700.000000	451.000000
860.000000	923.000000	1364.000000	1305.000000	1081.000000	667.000000	1.000000	1.000000	1.000000	1.000000	1.000000	1.000000	1.000000	511.000000	1.000000	449.000000	447.000000	316.000000	316.000000	1.000000	1.000000
1259.000000	309.000000	1.000000	1.000000	1.000000	158.000000	343.000000	268.000000	206.000000	206.000000	527.000000	545.000000	360.000000	186.000000	254.000000	155.000000	1.000000	1.000000	191.000000	329.000000	328.000000
1.000000	425.000000	423.000000	1.000000	1.000000	390.000000	1176.000000	1552.000000	1355.000000	1569.000000	1400.000000	1477.000000	1419.000000	1323.000000	1539.000000	2264.000000	897.000000	385.000000	1.000000	487.000000	485.000000
333.000000	340.000000	188.000000	354.000000	417.000000	939.000000	1033.000000	1193.000000	985.000000	786.000000	828.000000	1183.000000	865.000000	444.000000	165.000000	1.000000	1.000000	1.000000	1.000000	262.000000	1.000000
476.000000	435.000000	1.000000	1.000000	1.000000	271.000000	430.000000	1.000000	1.000000	1.000000	182.000000	1.000000	1.000000	1.000000	1.000000	1.000000	1.000000	1.000000	183.000000	1.000000	1.000000
1.000000	448.000000	568.000000	1.000000	1.000000	1367.000000	1.000000	529.000000	346.000000	440.000000	1.000000	1.000000	1.000000	292.000000	1206.000000	1526.000000	1221.000000	459.000000	509.000000	164.000000	164.000000
1.000000	1.000000	1.000000	341.000000	1.000000	1.000000	1.000000	309.000000	362.000000	289.000000	513.000000	1.000000	405.000000	404.000000	231.000000	1.000000	1.000000	1.000000	1.000000	692.000000	1.000000
242.000000	524.000000	618.000000	1154.000000	1305.000000	1570.000000	1563.000000	896.000000	575.000000	867.000000	1362.000000	1248.000000	826.000000	691.000000	1190.000000	731.000000	875.000000	253.000000	751.000000	1338.000000	761.000000
1.000000	1037.000000	884.000000	990.000000	1282.000000	1811.000000	2388.000000	2115.000000	325.000000	431.000000	238.000000	1.000000	947.000000	2337.000000	2433.000000	2414.000000	2325.000000	1920.000000	958.000000	432.000000	1.000000
1.000000	1.000000	1.000000	1.000000	1.000000	1.000000	320.000000	633.000000	1303.000000	1268.000000	621.000000	808.000000	771.000000	309.000000	648.000000	265.000000	1.000000	1.000000	1.000000	1.000000	1.000000
481.000000	1.000000	1.000000	223.000000	324.000000	323.000000	463.000000	1.000000	1.000000	1.000000	1.000000	1.000000	1.000000	1.000000	1.000000	1.000000	1.000000	1.000000	1.000000	1.000000	1.000000
432.000000	1.000000	1.000000	163.000000	623.000000	702.000000	222.000000	1.000000	1.000000	1.000000	1.000000	1.000000	1.000000	1.000000	245.000000	955.000000	844.000000	558.000000	1.000000	1.000000	211.000000
438.000000	1.000000	1.000000	1.000000	1.000000	1.000000	1.000000	580.000000	1569.000000	1627.000000	886.000000	1044.000000	659.000000	1.000000	1.000000	1.000000	1.000000	345.000000	483.000000	221.000000	371.000000
1.000000	237.000000	382.000000	573.000000	196.000000	1.000000	491.000000	2011.000000	3500.000000	3698.000000	3931.000000	3753.000000	3477.000000	1936.000000	526.000000	177.000000	253.000000	199.000000	203.000000	1.000000	287.000000
462.000000	438.000000	441.000000	744.000000	122.000000	1.000000	1.000000	1.000000	1.000000	1.000000	1.000000	189.000000	1016.000000	609.000000	1.000000	1.000000	1.000000	1.000000	1.000000	1.000000	1.000000
245.000000	249.000000	463.000000	157.000000	1.000000	204.000000	590.000000	164.000000	1.000000	1.000000	1.000000	1.000000	1.000000	1.000000	1.000000	1.000000	1.000000	1.000000	1.000000	143.000000	303.000000
97.000000	1.000000	1.000000	1.000000	213.000000	1432.000000	1915.000000	2117.000000	1955.000000	1625.000000	316.000000	647.000000	840.000000	1414.000000	1481.000000	806.000000	223.000000	1.000000	1.000000	1.000000	160.000000
136.000000	1.000000	88.000000	167.000000	1.000000	382.000000	984.000000	1685.000000	2121.000000	2403.000000	2684.000000	2694.000000	2463.000000	2218.000000	1573.000000	729.000000	175.000000	1.000000	1.000000	1.000000	1.000000
1.000000	189.000000	260.000000	442.000000	540.000000	1.000000	1.000000	778.000000	2345.000000	3204.000000	3243.000000	3290.000000	2353.000000	181.000000	1.000000	1.000000	183.000000	1.000000	1.000000	164.000000	163.000000
1.000000	1.000000	1.000000	212.000000	1.000000	1.000000	1.000000	1.000000	1.000000	1.000000	1.000000	66.000000	191.000000	275.000000	257.000000	179.000000	1.000000	149.000000	157.000000	1.000000	1.000000
910.000000	910.000000	1297.000000	757.000000	945.000000	439.000000	1.000000	1.000000	1.000000	1.000000	1.000000	1.000000	1.000000	1.000000	1.000000	361.000000	143.000000	581.000000	172.000000	417.000000	1.000000
220.000000	632.000000	789.000000	1245.000000	1317.000000	1043.000000	1.000000	395.000000	1.000000	1.000000	1.000000	1.000000	286.000000	188.000000	246.000000	440.000000	459.000000	287.000000	407.000000	1.000000	369.000000
1.000000	1.000000	1.000000	1.000000	1.000000	1.000000	1.000000	1.000000	1.000000	1.000000	1.000000	1.000000	1.000000	1.000000	1.000000	1.000000	1.000000	1.000000	1.000000	1.000000	1.000000
1.000000	1.000000	1.000000	1.000000	1.000000	1.000000	1.000000	1.000000	1.000000	1.000000	1.000000	1.000000	1.000000	1.000000	1.000000	1.000000	1.000000	1.000000	1.000000	1.000000	1.000000
