21 25 0
292.000000	1.000000	818.000000	165.000000	915.000000	1478.000000	369.000000	1.000000	1.000000	1.000000	1.000000	1.000000	170.000000	481.000000	165.000000	988.000000	487.000000	983.000000	137.000000	562.000000	510.000000
294.000000	385.000000	1140.000000	700.000000	1039.000000	913.000000	1.000000	1.000000	1.000000	1.000000	90.000000	1.000000	367.000000	337.000000	957.000000	1227.000000	1001.000000	895.000000	181.000000	1179.000000	1026.000000
297.000000	1070.000000	1093.000000	813.000000	908.000000	679.000000	1.000000	1.000000	95.000000	1.000000	181.000000	181.000000	716.000000	596.000000	812.000000	972.000000	1140.000000	386.000000	165.000000	535.000000	499.000000
335.000000	1200.000000	579.000000	722.000000	971.000000	493.000000	1.000000	1.000000	1.000000	1.000000	186.000000	413.000000	439.000000	355.000000	336.000000	378.000000	714.000000	195.000000	329.000000	543.000000	1.000000
465.000000	1394.000000	1046.000000	948.000000	737.000000	493.000000	1.000000	1.000000	1.000000	274.000000	182.000000	1.000000	1.000000	1.000000	617.000000	361.000000	485.000000	1.000000	531.000000	745.000000	1252.000000
487.000000	1340.000000	731.000000	691.000000	1050.000000	1.000000	1.000000	1.000000	1.000000	857.000000	173.000000	1.000000	1.000000	388.000000	1201.000000	613.000000	545.000000	731.000000	555.000000	699.000000	1659.000000
489.000000	545.000000	495.000000	383.000000	470.000000	1.000000	1.000000	1.000000	1175.000000	2107.000000	1110.000000	1.000000	1.000000	721.000000	979.000000	773.000000	1.000000	633.000000	1.000000	1259.000000	1156.000000
437.000000	237.000000	227.000000	1485.000000	255.000000	1.000000	1.000000	404.000000	1173.000000	2215.000000	1926.000000	1.000000	617.000000	458.000000	486.000000	411.000000	227.000000	585.000000	1.000000	610.000000	548.000000
427.000000	315.000000	457.000000	1672.000000	534.000000	1.000000	1.000000	1045.000000	1.000000	2795.000000	2090.000000	1.000000	833.000000	1271.000000	372.000000	663.000000	639.000000	367.000000	293.000000	307.000000	593.000000
1.000000	659.000000	478.000000	1236.000000	659.000000	1.000000	1.000000	739.000000	1.000000	2794.000000	1628.000000	1.000000	523.000000	1311.000000	138.000000	595.000000	1505.000000	430.000000	293.000000	496.000000	352.000000
426.000000	929.000000	478.000000	839.000000	703.000000	305.000000	342.000000	1.000000	1.000000	2585.000000	1117.000000	1.000000	562.000000	1767.000000	1.000000	401.000000	1764.000000	598.000000	293.000000	757.000000	246.000000
432.000000	1141.000000	791.000000	222.000000	403.000000	1060.000000	1158.000000	1.000000	479.000000	3168.000000	1688.000000	1.000000	625.000000	2171.000000	1.000000	1.000000	291.000000	539.000000	1.000000	560.000000	1.000000
223.000000	618.000000	491.000000	265.000000	482.000000	1487.000000	634.000000	1.000000	1.000000	3181.000000	1412.000000	1.000000	1289.000000	2768.000000	601.000000	1.000000	1.000000	1.000000	1.000000	1.000000	1.000000
291.000000	655.000000	523.000000	649.000000	1253.000000	531.000000	499.000000	1.000000	1.000000	2266.000000	453.000000	1.000000	522.000000	2962.000000	960.000000	1.000000	1.000000	1.000000	1.000000	327.000000	898.000000
173.000000	589.000000	430.000000	670.000000	1055.000000	568.000000	1995.000000	1.000000	1.000000	1.000000	1.000000	1.000000	245.000000	1572.000000	1.000000	1.000000	199.000000	1.000000	1.000000	856.000000	718.000000
229.000000	443.000000	927.000000	653.000000	492.000000	1.000000	1064.000000	1.000000	1.000000	1977.000000	507.000000	1.000000	1.000000	1.000000	1.000000	271.000000	631.000000	183.000000	1.000000	993.000000	149.000000
255.000000	201.000000	824.000000	965.000000	541.000000	285.000000	153.000000	1.000000	1.000000	1983.000000	507.000000	1.000000	1.000000	280.000000	1.000000	1015.000000	1349.000000	205.000000	516.000000	1215.000000	149.000000
231.000000	399.000000	313.000000	1022.000000	471.000000	333.000000	1.000000	1.000000	1.000000	1.000000	1.000000	1.000000	666.000000	464.000000	1.000000	741.000000	941.000000	225.000000	564.000000	666.000000	1.000000
459.000000	1.000000	409.000000	503.000000	879.000000	969.000000	525.000000	1.000000	1.000000	1.000000	1.000000	1.000000	222.000000	1.000000	1.000000	298.000000	194.000000	1.000000	1110.000000	355.000000	1.000000
279.000000	305.000000	231.000000	1.000000	879.000000	1092.000000	1480.000000	297.000000	1264.000000	1.000000	1.000000	1.000000	1.000000	1.000000	1.000000	183.000000	1.000000	399.000000	756.000000	291.000000	427.000000
1.000000	614.000000	1.000000	353.000000	1.000000	553.000000	1159.000000	1009.000000	1653.000000	1.000000	1.000000	1.000000	1.000000	1.000000	562.000000	183.000000	1.000000	604.000000	702.000000	321.000000	513.000000
263.000000	251.000000	179.000000	390.000000	1.000000	471.000000	873.000000	652.000000	845.000000	431.000000	1.000000	1.000000	1.000000	1.000000	592.000000	493.000000	707.000000	1021.000000	949.000000	249.000000	585.000000
1.000000	1.000000	267.000000	547.000000	624.000000	1.000000	1.000000	336.000000	397.000000	1.000000	1.000000	1.000000	1.000000	427.000000	727.000000	393.000000	861.000000	794.000000	391.000000	1.000000	376.000000
1.000000	1.000000	1.000000	1.000000	1.000000	1.000000	1.000000	1.000000	1.000000	1.000000	1.000000	1.000000	1.000000	1.000000	1.000000	1.000000	1.000000	1.000000	1.000000	1.000000	1.000000
1.000000	1.000000	1.000000	1.000000	1.000000	1.000000	1.000000	1.000000	1.000000	1.000000	1.000000	1.000000	1.000000	1.000000	1.000000	1.000000	1.000000	1.000000	1.000000	1.000000	1.000000
