21 25 0
209.000000	381.000000	1200.000000	1143.000000	1056.000000	958.000000	1.000000	1.000000	872.000000	1.000000	1.000000	225.000000	1.000000	1.000000	1.000000	516.000000	684.000000	899.000000	199.000000	409.000000	569.000000
361.000000	176.000000	1187.000000	1165.000000	1026.000000	241.000000	467.000000	1.000000	810.000000	494.000000	203.000000	453.000000	221.000000	1.000000	1.000000	131.000000	416.000000	424.000000	199.000000	772.000000	203.000000
495.000000	191.000000	1191.000000	1088.000000	1011.000000	241.000000	203.000000	1.000000	1.000000	1.000000	411.000000	223.000000	1.000000	78.000000	1.000000	193.000000	527.000000	1.000000	318.000000	1315.000000	649.000000
255.000000	188.000000	953.000000	1088.000000	888.000000	1.000000	1.000000	1.000000	513.000000	1.000000	1.000000	1.000000	196.000000	1.000000	75.000000	1113.000000	694.000000	203.000000	332.000000	1451.000000	866.000000
151.000000	224.000000	755.000000	601.000000	1003.000000	1.000000	1.000000	1.000000	339.000000	379.000000	169.000000	197.000000	90.000000	1.000000	261.000000	1123.000000	364.000000	213.000000	249.000000	1467.000000	1507.000000
133.000000	225.000000	837.000000	1368.000000	1594.000000	379.000000	402.000000	1.000000	1.000000	1.000000	165.000000	197.000000	1.000000	1.000000	191.000000	256.000000	175.000000	1.000000	683.000000	1653.000000	1561.000000
189.000000	1.000000	1127.000000	1214.000000	978.000000	1.000000	403.000000	1.000000	203.000000	212.000000	1.000000	1.000000	1.000000	1.000000	406.000000	256.000000	1.000000	1.000000	755.000000	1717.000000	1219.000000
245.000000	1.000000	844.000000	897.000000	1.000000	1.000000	1.000000	1.000000	837.000000	498.000000	1.000000	1.000000	1.000000	1.000000	393.000000	414.000000	1.000000	335.000000	436.000000	1362.000000	346.000000
351.000000	1.000000	237.000000	1.000000	1.000000	1.000000	1.000000	945.000000	2535.000000	1993.000000	1.000000	1.000000	1.000000	1.000000	1.000000	635.000000	1183.000000	1211.000000	200.000000	577.000000	734.000000
409.000000	145.000000	651.000000	1.000000	1.000000	1.000000	296.000000	389.000000	2537.000000	2898.000000	584.000000	1.000000	1.000000	1.000000	1.000000	374.000000	1602.000000	2194.000000	225.000000	197.000000	735.000000
301.000000	1038.000000	912.000000	1761.000000	788.000000	1.000000	371.000000	1.000000	1987.000000	2525.000000	769.000000	1.000000	1025.000000	799.000000	1.000000	375.000000	963.000000	1278.000000	1.000000	590.000000	1011.000000
1.000000	489.000000	363.000000	2049.000000	1449.000000	1.000000	418.000000	1.000000	1396.000000	1533.000000	727.000000	1.000000	1025.000000	1460.000000	1.000000	1.000000	147.000000	574.000000	1.000000	583.000000	1357.000000
1.000000	178.000000	363.000000	599.000000	2237.000000	1.000000	1.000000	455.000000	1715.000000	1593.000000	651.000000	1.000000	522.000000	1839.000000	1189.000000	257.000000	1.000000	332.000000	1.000000	424.000000	1461.000000
1.000000	1.000000	365.000000	491.000000	2137.000000	151.000000	1.000000	455.000000	548.000000	1150.000000	855.000000	491.000000	805.000000	1197.000000	383.000000	1.000000	1.000000	1.000000	1.000000	1.000000	706.000000
1.000000	343.000000	345.000000	1.000000	923.000000	585.000000	1.000000	475.000000	1.000000	385.000000	507.000000	491.000000	329.000000	1.000000	1.000000	1.000000	269.000000	1.000000	381.000000	77.000000	675.000000
1.000000	448.000000	585.000000	1.000000	1317.000000	983.000000	1.000000	501.000000	513.000000	1171.000000	411.000000	1.000000	1.000000	1.000000	1.000000	1315.000000	1.000000	76.000000	362.000000	481.000000	744.000000
1.000000	147.000000	171.000000	1.000000	728.000000	2150.000000	449.000000	503.000000	513.000000	1687.000000	944.000000	1.000000	1.000000	384.000000	930.000000	1235.000000	1.000000	204.000000	624.000000	379.000000	536.000000
1.000000	165.000000	129.000000	1.000000	317.000000	1091.000000	1420.000000	1.000000	1.000000	1.000000	1.000000	1.000000	1.000000	385.000000	635.000000	336.000000	360.000000	379.000000	371.000000	1335.000000	508.000000
1.000000	339.000000	1.000000	180.000000	175.000000	537.000000	1760.000000	941.000000	1.000000	1.000000	1.000000	1.000000	1.000000	143.000000	344.000000	1.000000	408.000000	783.000000	1082.000000	1542.000000	514.000000
1.000000	455.000000	215.000000	1.000000	634.000000	531.000000	957.000000	2368.000000	1.000000	1.000000	823.000000	626.000000	1.000000	1.000000	163.000000	1.000000	783.000000	1357.000000	1501.000000	1166.000000	308.000000
1.000000	492.000000	313.000000	1.000000	1238.000000	637.000000	830.000000	1605.000000	1964.000000	201.000000	284.000000	312.000000	1.000000	1.000000	1.000000	285.000000	903.000000	1428.000000	928.000000	677.000000	149.000000
1.000000	495.000000	317.000000	1.000000	1271.000000	889.000000	860.000000	805.000000	843.000000	1.000000	1.000000	1.000000	1.000000	1.000000	149.000000	518.000000	858.000000	1182.000000	534.000000	412.000000	409.000000
1.000000	373.000000	235.000000	1.000000	374.000000	245.000000	372.000000	400.000000	1.000000	1.000000	1.000000	1.000000	1.000000	1.000000	265.000000	1.000000	673.000000	1006.000000	152.000000	131.000000	237.000000
1.000000	1.000000	1.000000	1.000000	1.000000	1.000000	1.000000	1.000000	1.000000	1.000000	1.000000	1.000000	1.000000	1.000000	1.000000	1.000000	1.000000	1.000000	1.000000	1.000000	1.000000
1.000000	1.000000	1.000000	1.000000	1.000000	1.000000	1.000000	1.000000	1.000000	1.000000	1.000000	1.000000	1.000000	1.000000	1.000000	1.000000	1.000000	1.000000	1.000000	1.000000	1.000000
