21 25 0
277.000000	426.000000	179.000000	429.000000	293.000000	1.000000	1.000000	1.000000	1.000000	1.000000	1.000000	1.000000	1.000000	1.000000	1.000000	1.000000	1.000000	265.000000	1.000000	1.000000	308.000000
176.000000	180.000000	1.000000	1.000000	163.000000	1.000000	1.000000	1.000000	158.000000	204.000000	888.000000	631.000000	159.000000	1.000000	1.000000	1.000000	1.000000	1.000000	185.000000	1.000000	1.000000
1.000000	1.000000	155.000000	1.000000	529.000000	891.000000	892.000000	487.000000	1113.000000	944.000000	960.000000	991.000000	560.000000	942.000000	995.000000	569.000000	157.000000	181.000000	454.000000	1.000000	333.000000
1.000000	155.000000	1.000000	183.000000	683.000000	687.000000	775.000000	1469.000000	966.000000	568.000000	847.000000	498.000000	760.000000	600.000000	813.000000	419.000000	179.000000	939.000000	565.000000	333.000000	293.000000
1.000000	147.000000	1.000000	1.000000	167.000000	241.000000	1.000000	1.000000	1.000000	1.000000	1.000000	1.000000	1.000000	193.000000	185.000000	1.000000	200.000000	1180.000000	243.000000	1.000000	1.000000
1.000000	141.000000	1.000000	1.000000	1.000000	1.000000	1.000000	1.000000	1.000000	1.000000	1.000000	1.000000	1.000000	278.000000	259.000000	1.000000	253.000000	1057.000000	245.000000	1.000000	297.000000
175.000000	319.000000	1.000000	1.000000	741.000000	1032.000000	1.000000	592.000000	607.000000	1.000000	1.000000	230.000000	627.000000	1289.000000	2037.000000	419.000000	816.000000	537.000000	513.000000	314.000000	596.000000
305.000000	1.000000	1.000000	294.000000	1626.000000	2284.000000	2824.000000	2512.000000	1405.000000	309.000000	396.000000	2153.000000	2072.000000	2039.000000	1480.000000	947.000000	1368.000000	927.000000	1.000000	319.000000	968.000000
1.000000	1.000000	1.000000	626.000000	1127.000000	1422.000000	1215.000000	1.000000	479.000000	1.000000	443.000000	647.000000	685.000000	501.000000	489.000000	433.000000	427.000000	407.000000	1.000000	199.000000	777.000000
1.000000	1.000000	307.000000	1.000000	1.000000	1.000000	1.000000	1.000000	1.000000	1.000000	1.000000	499.000000	1.000000	1.000000	1.000000	1.000000	1.000000	1.000000	363.000000	944.000000	729.000000
1.000000	367.000000	1.000000	1.000000	1.000000	1.000000	1.000000	1.000000	184.000000	277.000000	258.000000	1.000000	1.000000	1.000000	1.000000	1.000000	1.000000	421.000000	1778.000000	1726.000000	778.000000
1.000000	1.000000	1.000000	1.000000	1.000000	1.000000	683.000000	1057.000000	651.000000	1.000000	442.000000	487.000000	397.000000	1.000000	1.000000	155.000000	1.000000	1237.000000	2183.000000	1390.000000	1.000000
1.000000	143.000000	251.000000	1.000000	1.000000	1233.000000	2150.000000	2003.000000	707.000000	1302.000000	2256.000000	2520.000000	975.000000	1.000000	779.000000	788.000000	974.000000	1521.000000	1810.000000	508.000000	679.000000
1.000000	149.000000	1.000000	1.000000	169.000000	1310.000000	1586.000000	291.000000	1.000000	1418.000000	1456.000000	805.000000	321.000000	1.000000	274.000000	635.000000	779.000000	387.000000	765.000000	710.000000	369.000000
491.000000	1.000000	1.000000	207.000000	450.000000	251.000000	1.000000	1.000000	1.000000	1.000000	1.000000	1.000000	495.000000	1667.000000	1692.000000	279.000000	1.000000	1.000000	665.000000	347.000000	189.000000
1.000000	1.000000	1.000000	289.000000	1.000000	1.000000	1.000000	276.000000	477.000000	1.000000	1.000000	937.000000	2110.000000	1711.000000	762.000000	1.000000	1.000000	460.000000	381.000000	385.000000	472.000000
1.000000	1.000000	1.000000	289.000000	1.000000	1.000000	1.000000	505.000000	1.000000	1.000000	1.000000	368.000000	539.000000	1.000000	1.000000	1.000000	1366.000000	551.000000	1.000000	525.000000	1.000000
78.000000	246.000000	483.000000	329.000000	253.000000	1.000000	1.000000	1.000000	1.000000	1.000000	1.000000	477.000000	1.000000	1.000000	1.000000	907.000000	1609.000000	608.000000	892.000000	259.000000	357.000000
160.000000	322.000000	319.000000	343.000000	340.000000	1.000000	1.000000	1.000000	1.000000	1.000000	1.000000	1.000000	1.000000	1.000000	300.000000	1457.000000	1819.000000	1346.000000	343.000000	357.000000	640.000000
183.000000	1.000000	1.000000	339.000000	313.000000	1.000000	1.000000	1.000000	1.000000	1.000000	1.000000	1.000000	1.000000	1.000000	1401.000000	2539.000000	1831.000000	521.000000	353.000000	243.000000	912.000000
1.000000	85.000000	1.000000	638.000000	168.000000	1.000000	421.000000	183.000000	390.000000	323.000000	701.000000	1083.000000	1737.000000	2471.000000	2377.000000	1509.000000	308.000000	311.000000	585.000000	642.000000	914.000000
127.000000	83.000000	274.000000	747.000000	1.000000	237.000000	1.000000	1.000000	912.000000	1133.000000	1945.000000	2442.000000	1936.000000	1401.000000	459.000000	1.000000	233.000000	808.000000	469.000000	706.000000	677.000000
1.000000	1.000000	1.000000	1.000000	1.000000	1.000000	161.000000	1.000000	1.000000	1.000000	1.000000	1.000000	1.000000	1.000000	1.000000	1.000000	1.000000	1.000000	281.000000	211.000000	460.000000
1.000000	1.000000	1.000000	1.000000	1.000000	1.000000	1.000000	1.000000	1.000000	1.000000	1.000000	1.000000	1.000000	1.000000	1.000000	1.000000	1.000000	1.000000	1.000000	1.000000	1.000000
1.000000	1.000000	1.000000	1.000000	1.000000	1.000000	1.000000	1.000000	1.000000	1.000000	1.000000	1.000000	1.000000	1.000000	1.000000	1.000000	1.000000	1.000000	1.000000	1.000000	1.000000
