21 25 0
1.000000	421.000000	1177.000000	1253.000000	1280.000000	1047.000000	415.000000	853.000000	866.000000	1238.000000	1051.000000	959.000000	447.000000	323.000000	1051.000000	834.000000	798.000000	191.000000	339.000000	431.000000	277.000000
493.000000	715.000000	639.000000	677.000000	1074.000000	381.000000	223.000000	339.000000	324.000000	399.000000	183.000000	415.000000	227.000000	315.000000	299.000000	1.000000	1.000000	195.000000	195.000000	277.000000	1.000000
489.000000	1.000000	505.000000	200.000000	705.000000	1.000000	1.000000	1.000000	1.000000	1.000000	1.000000	1.000000	1.000000	1.000000	1.000000	1.000000	168.000000	1.000000	1.000000	1.000000	253.000000
1.000000	1.000000	547.000000	400.000000	1.000000	1.000000	1.000000	1.000000	1.000000	203.000000	1.000000	1.000000	188.000000	189.000000	1.000000	928.000000	193.000000	1.000000	1.000000	359.000000	353.000000
1.000000	302.000000	510.000000	1.000000	554.000000	399.000000	281.000000	320.000000	728.000000	584.000000	380.000000	557.000000	1028.000000	665.000000	810.000000	1130.000000	382.000000	245.000000	1.000000	155.000000	353.000000
1.000000	257.000000	200.000000	1217.000000	1360.000000	741.000000	616.000000	695.000000	1200.000000	601.000000	682.000000	1359.000000	770.000000	390.000000	787.000000	572.000000	203.000000	1.000000	1.000000	605.000000	394.000000
1.000000	1.000000	310.000000	1800.000000	901.000000	157.000000	1.000000	1.000000	1.000000	175.000000	197.000000	1.000000	161.000000	249.000000	191.000000	297.000000	1.000000	1.000000	170.000000	1054.000000	579.000000
1.000000	107.000000	505.000000	790.000000	1.000000	1.000000	1.000000	1.000000	1.000000	473.000000	1.000000	1.000000	1.000000	1.000000	1.000000	1.000000	1.000000	1.000000	677.000000	658.000000	338.000000
1.000000	301.000000	1.000000	1.000000	1.000000	1.000000	1.000000	312.000000	1480.000000	2310.000000	1.000000	1.000000	1.000000	1.000000	1.000000	1.000000	335.000000	1062.000000	1371.000000	462.000000	345.000000
1.000000	1.000000	201.000000	1.000000	727.000000	1089.000000	885.000000	1671.000000	2738.000000	1818.000000	825.000000	240.000000	1093.000000	198.000000	1100.000000	989.000000	2009.000000	2393.000000	1043.000000	1.000000	402.000000
1.000000	1.000000	229.000000	696.000000	1320.000000	401.000000	1298.000000	1470.000000	1585.000000	1090.000000	429.000000	241.000000	443.000000	1185.000000	1182.000000	1628.000000	1924.000000	1219.000000	333.000000	362.000000	176.000000
1.000000	1.000000	401.000000	421.000000	663.000000	657.000000	473.000000	1.000000	737.000000	345.000000	1.000000	1.000000	1.000000	176.000000	81.000000	1.000000	129.000000	191.000000	1.000000	511.000000	1121.000000
1.000000	343.000000	1.000000	1074.000000	1.000000	1.000000	1.000000	1.000000	1.000000	285.000000	1.000000	1.000000	1.000000	1.000000	1.000000	1.000000	1.000000	1.000000	1.000000	1.000000	498.000000
1.000000	1.000000	1.000000	1.000000	1.000000	1.000000	1.000000	1.000000	447.000000	678.000000	331.000000	1382.000000	1447.000000	377.000000	1.000000	1.000000	1.000000	1.000000	1.000000	370.000000	801.000000
1.000000	1.000000	285.000000	1.000000	233.000000	1.000000	661.000000	649.000000	1.000000	1.000000	1292.000000	1496.000000	949.000000	517.000000	1.000000	1.000000	233.000000	1.000000	347.000000	778.000000	652.000000
1.000000	285.000000	1.000000	1.000000	571.000000	510.000000	1.000000	1.000000	1.000000	408.000000	580.000000	1.000000	1.000000	489.000000	1325.000000	2708.000000	1244.000000	1.000000	415.000000	160.000000	297.000000
1.000000	139.000000	171.000000	1.000000	503.000000	288.000000	1.000000	1.000000	1.000000	1143.000000	524.000000	199.000000	709.000000	1953.000000	2438.000000	1499.000000	1.000000	168.000000	1.000000	717.000000	341.000000
1.000000	1.000000	1.000000	1.000000	1.000000	485.000000	1.000000	1.000000	1.000000	141.000000	1.000000	503.000000	366.000000	1088.000000	421.000000	1.000000	1.000000	330.000000	773.000000	489.000000	880.000000
1.000000	78.000000	1.000000	1.000000	1.000000	279.000000	1.000000	1.000000	1.000000	253.000000	676.000000	674.000000	466.000000	465.000000	781.000000	219.000000	330.000000	775.000000	637.000000	1156.000000	301.000000
1.000000	1.000000	215.000000	1.000000	1.000000	417.000000	1.000000	440.000000	1.000000	162.000000	870.000000	688.000000	345.000000	369.000000	336.000000	1.000000	988.000000	1171.000000	1629.000000	591.000000	1.000000
1.000000	388.000000	207.000000	1.000000	769.000000	293.000000	466.000000	1.000000	1.000000	1.000000	1.000000	1.000000	1.000000	1.000000	1.000000	897.000000	1141.000000	1578.000000	1231.000000	1.000000	1.000000
224.000000	1.000000	1.000000	265.000000	760.000000	283.000000	662.000000	399.000000	1.000000	1.000000	1.000000	1.000000	1.000000	1.000000	742.000000	908.000000	1046.000000	938.000000	384.000000	188.000000	1.000000
1.000000	295.000000	1.000000	164.000000	480.000000	1.000000	335.000000	1.000000	1.000000	1.000000	1.000000	1.000000	1.000000	339.000000	792.000000	621.000000	456.000000	246.000000	1.000000	1.000000	362.000000
1.000000	1.000000	1.000000	1.000000	1.000000	1.000000	1.000000	1.000000	1.000000	1.000000	1.000000	1.000000	1.000000	1.000000	1.000000	1.000000	1.000000	1.000000	1.000000	1.000000	1.000000
1.000000	1.000000	1.000000	1.000000	1.000000	1.000000	1.000000	1.000000	1.000000	1.000000	1.000000	1.000000	1.000000	1.000000	1.000000	1.000000	1.000000	1.000000	1.000000	1.000000	1.000000
