21 25 0
1.000000	213.000000	558.000000	476.000000	1304.000000	1901.000000	2181.000000	1731.000000	1140.000000	1342.000000	1572.000000	1406.000000	1361.000000	1742.000000	1921.000000	1655.000000	1034.000000	564.000000	848.000000	1323.000000	967.000000
1.000000	373.000000	373.000000	211.000000	963.000000	161.000000	1045.000000	1429.000000	1014.000000	416.000000	241.000000	387.000000	519.000000	701.000000	983.000000	951.000000	947.000000	199.000000	82.000000	646.000000	591.000000
489.000000	1.000000	184.000000	1.000000	1.000000	1.000000	1.000000	1.000000	133.000000	181.000000	177.000000	1.000000	1.000000	1.000000	1.000000	1.000000	1.000000	195.000000	1.000000	1.000000	455.000000
1.000000	1.000000	1.000000	1.000000	1.000000	1.000000	1.000000	1.000000	1.000000	1.000000	1.000000	1.000000	1.000000	196.000000	225.000000	168.000000	1.000000	1.000000	1.000000	1.000000	1.000000
1.000000	1.000000	1.000000	1.000000	273.000000	1287.000000	1737.000000	1555.000000	1167.000000	1005.000000	1085.000000	1252.000000	1553.000000	1576.000000	1073.000000	768.000000	1.000000	1.000000	1.000000	1.000000	1.000000
1.000000	1.000000	375.000000	720.000000	962.000000	2171.000000	2773.000000	2664.000000	1918.000000	1521.000000	1411.000000	1505.000000	2355.000000	2538.000000	2550.000000	1807.000000	491.000000	1.000000	1.000000	1.000000	366.000000
1.000000	1.000000	179.000000	682.000000	955.000000	233.000000	351.000000	475.000000	560.000000	414.000000	560.000000	504.000000	325.000000	343.000000	431.000000	718.000000	472.000000	693.000000	712.000000	358.000000	371.000000
1.000000	413.000000	432.000000	1.000000	1.000000	1.000000	1.000000	1.000000	1.000000	1.000000	1.000000	230.000000	1.000000	1.000000	1.000000	1.000000	1.000000	1.000000	1.000000	79.000000	1.000000
1.000000	605.000000	431.000000	629.000000	783.000000	1167.000000	815.000000	712.000000	554.000000	1099.000000	975.000000	856.000000	1351.000000	1781.000000	899.000000	749.000000	543.000000	683.000000	517.000000	468.000000	319.000000
1.000000	1.000000	669.000000	1410.000000	3148.000000	3090.000000	3615.000000	3705.000000	1596.000000	1354.000000	2013.000000	2510.000000	2575.000000	2963.000000	3057.000000	3163.000000	2490.000000	2302.000000	1669.000000	393.000000	392.000000
1.000000	1.000000	131.000000	1257.000000	2363.000000	3030.000000	2914.000000	1701.000000	1101.000000	757.000000	823.000000	246.000000	1187.000000	2063.000000	2487.000000	1980.000000	1593.000000	1415.000000	768.000000	315.000000	1.000000
447.000000	1.000000	1.000000	1.000000	127.000000	658.000000	1174.000000	699.000000	1.000000	1045.000000	895.000000	1.000000	263.000000	329.000000	853.000000	1121.000000	305.000000	1.000000	1.000000	305.000000	319.000000
1.000000	186.000000	1.000000	1.000000	1.000000	1.000000	1.000000	1.000000	1.000000	301.000000	301.000000	499.000000	1.000000	1.000000	1.000000	1.000000	1.000000	1.000000	289.000000	289.000000	417.000000
646.000000	165.000000	165.000000	1.000000	1.000000	1.000000	1.000000	1.000000	477.000000	509.000000	501.000000	1153.000000	1742.000000	1929.000000	879.000000	1.000000	1.000000	1.000000	1.000000	590.000000	583.000000
150.000000	150.000000	779.000000	410.000000	1.000000	1.000000	440.000000	896.000000	886.000000	1216.000000	1644.000000	1358.000000	748.000000	471.000000	199.000000	1.000000	651.000000	405.000000	556.000000	722.000000	948.000000
1.000000	1.000000	1.000000	481.000000	1248.000000	915.000000	587.000000	1.000000	1.000000	1.000000	217.000000	215.000000	1.000000	1.000000	406.000000	474.000000	1036.000000	1.000000	260.000000	1.000000	1.000000
160.000000	163.000000	1.000000	314.000000	251.000000	249.000000	1361.000000	2846.000000	1759.000000	1338.000000	1295.000000	1305.000000	1724.000000	2508.000000	2844.000000	1632.000000	1.000000	1.000000	1.000000	191.000000	1.000000
1.000000	162.000000	158.000000	1.000000	1.000000	1.000000	465.000000	1689.000000	2415.000000	1182.000000	144.000000	587.000000	1145.000000	1127.000000	767.000000	1.000000	1.000000	1.000000	1.000000	1.000000	412.000000
1.000000	381.000000	168.000000	326.000000	347.000000	1.000000	1.000000	1.000000	263.000000	517.000000	676.000000	1102.000000	1021.000000	775.000000	461.000000	445.000000	1.000000	1.000000	1.000000	436.000000	402.000000
1.000000	193.000000	276.000000	1.000000	1.000000	381.000000	1.000000	1.000000	853.000000	1739.000000	2074.000000	2522.000000	2578.000000	1801.000000	546.000000	1.000000	1.000000	271.000000	211.000000	137.000000	1.000000
179.000000	387.000000	397.000000	193.000000	191.000000	187.000000	1.000000	1.000000	1.000000	247.000000	247.000000	1.000000	1.000000	1.000000	1.000000	1.000000	433.000000	627.000000	680.000000	1.000000	1.000000
1.000000	1.000000	1.000000	161.000000	756.000000	667.000000	152.000000	1.000000	1.000000	1.000000	1.000000	1.000000	1.000000	1.000000	197.000000	303.000000	785.000000	719.000000	75.000000	175.000000	217.000000
145.000000	88.000000	88.000000	256.000000	356.000000	1.000000	327.000000	180.000000	431.000000	439.000000	1.000000	1.000000	1.000000	423.000000	1120.000000	810.000000	1.000000	143.000000	1.000000	1.000000	181.000000
1.000000	1.000000	1.000000	1.000000	1.000000	1.000000	1.000000	1.000000	1.000000	1.000000	1.000000	1.000000	1.000000	1.000000	1.000000	1.000000	1.000000	1.000000	1.000000	1.000000	1.000000
1.000000	1.000000	1.000000	1.000000	1.000000	1.000000	1.000000	1.000000	1.000000	1.000000	1.000000	1.000000	1.000000	1.000000	1.000000	1.000000	1.000000	1.000000	1.000000	1.000000	1.000000
