21 25 0
1.000000	327.000000	1.000000	1.000000	440.000000	937.000000	1645.000000	1280.000000	1.000000	298.000000	663.000000	721.000000	1293.000000	1716.000000	1726.000000	888.000000	185.000000	324.000000	899.000000	1083.000000	1323.000000
1.000000	1.000000	361.000000	1.000000	427.000000	1.000000	700.000000	1805.000000	729.000000	1.000000	1.000000	1.000000	225.000000	315.000000	1131.000000	785.000000	1052.000000	291.000000	490.000000	797.000000	989.000000
1.000000	1.000000	1.000000	1.000000	1.000000	1.000000	1.000000	1.000000	181.000000	1.000000	1.000000	1.000000	1.000000	1.000000	1.000000	1.000000	1.000000	673.000000	1.000000	643.000000	296.000000
177.000000	1.000000	1.000000	1.000000	191.000000	269.000000	171.000000	184.000000	1.000000	1.000000	183.000000	1.000000	1.000000	1.000000	1.000000	1.000000	198.000000	157.000000	145.000000	1.000000	593.000000
175.000000	1.000000	1.000000	1.000000	351.000000	915.000000	1635.000000	1057.000000	434.000000	176.000000	532.000000	772.000000	613.000000	662.000000	193.000000	1.000000	1.000000	1.000000	181.000000	1.000000	379.000000
305.000000	1.000000	1.000000	1.000000	1.000000	1.000000	1433.000000	2158.000000	1799.000000	631.000000	314.000000	362.000000	745.000000	761.000000	1101.000000	948.000000	1427.000000	930.000000	1.000000	1.000000	365.000000
1.000000	147.000000	1.000000	1.000000	1.000000	1.000000	1.000000	1.000000	574.000000	348.000000	195.000000	1.000000	1.000000	1.000000	1.000000	1.000000	489.000000	1543.000000	235.000000	1.000000	1.000000
1.000000	489.000000	1.000000	1.000000	1.000000	1.000000	1.000000	1.000000	1.000000	1.000000	1.000000	427.000000	1.000000	1.000000	1.000000	1.000000	1.000000	147.000000	264.000000	1.000000	1.000000
1.000000	655.000000	173.000000	691.000000	702.000000	1.000000	389.000000	1.000000	1.000000	474.000000	2059.000000	1682.000000	560.000000	1695.000000	411.000000	1.000000	1.000000	1.000000	1.000000	1.000000	1.000000
1.000000	1.000000	972.000000	1092.000000	2822.000000	1688.000000	1682.000000	1737.000000	253.000000	1.000000	1719.000000	2211.000000	1635.000000	1441.000000	2204.000000	705.000000	510.000000	1.000000	805.000000	322.000000	1.000000
1.000000	1.000000	287.000000	355.000000	1475.000000	2276.000000	2147.000000	1450.000000	343.000000	1.000000	1.000000	675.000000	455.000000	1117.000000	2381.000000	1422.000000	597.000000	375.000000	1255.000000	580.000000	1.000000
477.000000	1.000000	1.000000	1.000000	129.000000	1.000000	664.000000	797.000000	299.000000	1.000000	516.000000	217.000000	129.000000	1.000000	242.000000	856.000000	167.000000	1.000000	1.000000	540.000000	261.000000
361.000000	161.000000	1.000000	1.000000	1.000000	1.000000	1.000000	1.000000	232.000000	1.000000	1.000000	217.000000	199.000000	1.000000	1.000000	1.000000	1.000000	1.000000	193.000000	672.000000	189.000000
616.000000	671.000000	866.000000	1.000000	1.000000	1.000000	1.000000	701.000000	242.000000	509.000000	440.000000	1.000000	423.000000	237.000000	363.000000	1.000000	1.000000	1.000000	89.000000	496.000000	187.000000
1.000000	693.000000	484.000000	446.000000	1.000000	1.000000	1.000000	150.000000	1595.000000	658.000000	1.000000	493.000000	1.000000	1.000000	1.000000	1.000000	291.000000	251.000000	168.000000	550.000000	168.000000
1.000000	246.000000	355.000000	965.000000	1.000000	367.000000	2296.000000	767.000000	1.000000	483.000000	467.000000	215.000000	1.000000	1.000000	1.000000	1.000000	250.000000	271.000000	526.000000	185.000000	193.000000
159.000000	154.000000	488.000000	658.000000	79.000000	249.000000	1687.000000	3459.000000	1442.000000	1.000000	270.000000	991.000000	477.000000	1.000000	1.000000	699.000000	1.000000	319.000000	1.000000	349.000000	1.000000
127.000000	240.000000	304.000000	666.000000	413.000000	1.000000	1.000000	2075.000000	3472.000000	408.000000	1.000000	1.000000	481.000000	1.000000	1.000000	1.000000	1.000000	1.000000	1.000000	256.000000	1.000000
1.000000	167.000000	596.000000	240.000000	923.000000	718.000000	1.000000	1.000000	1256.000000	365.000000	581.000000	609.000000	559.000000	1.000000	1.000000	1.000000	1.000000	1.000000	1.000000	1.000000	157.000000
1.000000	337.000000	1.000000	838.000000	156.000000	541.000000	272.000000	1.000000	247.000000	849.000000	197.000000	537.000000	240.000000	183.000000	721.000000	1.000000	1.000000	1.000000	1.000000	1.000000	1.000000
179.000000	167.000000	1.000000	719.000000	637.000000	800.000000	1445.000000	1.000000	1.000000	1.000000	1.000000	1.000000	1.000000	1.000000	1.000000	145.000000	1.000000	1.000000	180.000000	1.000000	245.000000
1.000000	1.000000	234.000000	188.000000	797.000000	843.000000	970.000000	1443.000000	617.000000	1.000000	1.000000	1.000000	1.000000	1.000000	1.000000	1.000000	1.000000	1.000000	188.000000	222.000000	288.000000
197.000000	176.000000	1.000000	1.000000	195.000000	377.000000	227.000000	243.000000	638.000000	423.000000	1.000000	1.000000	1.000000	1.000000	1.000000	1.000000	149.000000	1.000000	1.000000	228.000000	226.000000
1.000000	1.000000	1.000000	1.000000	1.000000	1.000000	1.000000	1.000000	1.000000	1.000000	1.000000	1.000000	1.000000	1.000000	1.000000	1.000000	1.000000	1.000000	1.000000	1.000000	1.000000
1.000000	1.000000	1.000000	1.000000	1.000000	1.000000	1.000000	1.000000	1.000000	1.000000	1.000000	1.000000	1.000000	1.000000	1.000000	1.000000	1.000000	1.000000	1.000000	1.000000	1.000000
