21 25 0
430.000000	892.000000	1.000000	864.000000	755.000000	559.000000	641.000000	279.000000	1.000000	193.000000	243.000000	1.000000	297.000000	257.000000	771.000000	191.000000	1.000000	259.000000	1.000000	495.000000	452.000000
284.000000	345.000000	1.000000	145.000000	597.000000	1.000000	629.000000	185.000000	267.000000	1.000000	1.000000	1.000000	1.000000	1.000000	407.000000	397.000000	541.000000	239.000000	340.000000	287.000000	277.000000
1.000000	491.000000	1.000000	158.000000	701.000000	201.000000	172.000000	159.000000	435.000000	1.000000	322.000000	1.000000	1.000000	1.000000	367.000000	1.000000	233.000000	886.000000	862.000000	287.000000	612.000000
1.000000	413.000000	1.000000	1.000000	579.000000	807.000000	557.000000	185.000000	1.000000	1.000000	548.000000	163.000000	1.000000	1.000000	1.000000	1.000000	199.000000	1443.000000	982.000000	400.000000	637.000000
1.000000	429.000000	1.000000	1.000000	318.000000	565.000000	387.000000	164.000000	1.000000	1.000000	539.000000	1.000000	183.000000	1.000000	1.000000	1.000000	412.000000	1498.000000	819.000000	179.000000	653.000000
1.000000	667.000000	1.000000	1.000000	1.000000	1.000000	1.000000	1.000000	1.000000	1.000000	1.000000	1.000000	351.000000	280.000000	1.000000	1.000000	818.000000	1569.000000	900.000000	319.000000	775.000000
367.000000	503.000000	1.000000	1.000000	457.000000	1.000000	1.000000	1.000000	1.000000	1.000000	1.000000	231.000000	336.000000	443.000000	419.000000	1.000000	719.000000	1482.000000	782.000000	417.000000	481.000000
393.000000	585.000000	1.000000	216.000000	459.000000	305.000000	1.000000	1.000000	1.000000	192.000000	1333.000000	620.000000	1.000000	663.000000	421.000000	1.000000	1.000000	376.000000	755.000000	336.000000	1155.000000
1.000000	229.000000	157.000000	886.000000	1572.000000	763.000000	505.000000	491.000000	1.000000	479.000000	2367.000000	1349.000000	1.000000	923.000000	453.000000	1.000000	1.000000	1.000000	738.000000	237.000000	1137.000000
1.000000	1.000000	359.000000	431.000000	991.000000	659.000000	187.000000	987.000000	254.000000	481.000000	2461.000000	2049.000000	461.000000	723.000000	1.000000	1.000000	1.000000	1.000000	1140.000000	1019.000000	641.000000
1.000000	367.000000	1.000000	1.000000	441.000000	1400.000000	833.000000	960.000000	720.000000	390.000000	1509.000000	1638.000000	727.000000	1.000000	615.000000	298.000000	1.000000	422.000000	1822.000000	1912.000000	561.000000
1.000000	1.000000	1.000000	1.000000	1.000000	147.000000	1531.000000	2283.000000	1209.000000	391.000000	1522.000000	1327.000000	399.000000	1.000000	387.000000	180.000000	1.000000	689.000000	2039.000000	1847.000000	607.000000
1.000000	1.000000	1.000000	1.000000	1.000000	329.000000	1473.000000	1805.000000	648.000000	493.000000	2459.000000	2058.000000	647.000000	1.000000	363.000000	549.000000	1.000000	713.000000	1821.000000	910.000000	608.000000
313.000000	631.000000	427.000000	1.000000	1.000000	565.000000	663.000000	1115.000000	333.000000	493.000000	1958.000000	890.000000	591.000000	1.000000	512.000000	1.000000	1.000000	452.000000	1069.000000	646.000000	177.000000
431.000000	661.000000	431.000000	345.000000	1.000000	233.000000	482.000000	1.000000	1.000000	471.000000	1.000000	1.000000	513.000000	922.000000	643.000000	1.000000	1.000000	453.000000	688.000000	648.000000	286.000000
1.000000	156.000000	564.000000	1455.000000	1.000000	1.000000	868.000000	778.000000	1.000000	473.000000	1.000000	483.000000	513.000000	922.000000	281.000000	1.000000	416.000000	1025.000000	762.000000	978.000000	194.000000
165.000000	160.000000	586.000000	747.000000	427.000000	1.000000	1.000000	3203.000000	795.000000	1.000000	1.000000	1328.000000	539.000000	1.000000	1.000000	1.000000	1572.000000	853.000000	520.000000	530.000000	626.000000
137.000000	342.000000	389.000000	598.000000	658.000000	1.000000	1.000000	1367.000000	1529.000000	1.000000	1.000000	498.000000	1.000000	1.000000	1.000000	1102.000000	1869.000000	754.000000	503.000000	881.000000	552.000000
137.000000	246.000000	155.000000	1029.000000	508.000000	167.000000	1.000000	1.000000	378.000000	153.000000	1.000000	1.000000	1.000000	1.000000	307.000000	1420.000000	2031.000000	366.000000	653.000000	621.000000	852.000000
297.000000	182.000000	155.000000	1103.000000	749.000000	572.000000	173.000000	1.000000	163.000000	224.000000	1.000000	1.000000	1.000000	1.000000	1561.000000	2294.000000	1365.000000	312.000000	580.000000	523.000000	1128.000000
197.000000	1.000000	323.000000	1296.000000	1135.000000	715.000000	1230.000000	1.000000	149.000000	444.000000	1.000000	202.000000	1.000000	1.000000	846.000000	1479.000000	153.000000	287.000000	795.000000	583.000000	887.000000
229.000000	176.000000	428.000000	1104.000000	862.000000	1043.000000	1242.000000	773.000000	714.000000	415.000000	453.000000	1.000000	1.000000	1.000000	142.000000	287.000000	149.000000	571.000000	874.000000	901.000000	816.000000
235.000000	177.000000	1.000000	705.000000	301.000000	615.000000	435.000000	231.000000	686.000000	1.000000	1.000000	270.000000	1.000000	1.000000	1.000000	127.000000	149.000000	1.000000	265.000000	417.000000	405.000000
1.000000	1.000000	1.000000	1.000000	1.000000	1.000000	1.000000	1.000000	1.000000	1.000000	1.000000	1.000000	1.000000	1.000000	1.000000	1.000000	1.000000	1.000000	1.000000	1.000000	1.000000
1.000000	1.000000	1.000000	1.000000	1.000000	1.000000	1.000000	1.000000	1.000000	1.000000	1.000000	1.000000	1.000000	1.000000	1.000000	1.000000	1.000000	1.000000	1.000000	1.000000	1.000000
