21 25 0
1.000000	1.000000	361.000000	331.000000	1.000000	1.000000	1.000000	1.000000	487.000000	1.000000	1.000000	1.000000	1.000000	1.000000	1.000000	1.000000	1.000000	421.000000	1.000000	491.000000	1.000000
1.000000	1.000000	283.000000	619.000000	331.000000	1.000000	297.000000	1.000000	1.000000	181.000000	173.000000	183.000000	478.000000	158.000000	204.000000	1.000000	1.000000	153.000000	336.000000	781.000000	1.000000
1.000000	1.000000	455.000000	1095.000000	245.000000	583.000000	1123.000000	501.000000	421.000000	303.000000	580.000000	1291.000000	1339.000000	1245.000000	1044.000000	162.000000	1.000000	1.000000	202.000000	1063.000000	479.000000
1.000000	174.000000	748.000000	553.000000	688.000000	161.000000	557.000000	968.000000	1454.000000	403.000000	211.000000	559.000000	766.000000	756.000000	1441.000000	751.000000	343.000000	1.000000	415.000000	1146.000000	578.000000
1.000000	1.000000	255.000000	599.000000	1.000000	1.000000	1.000000	1.000000	84.000000	247.000000	189.000000	189.000000	1.000000	1.000000	1.000000	135.000000	177.000000	1.000000	170.000000	581.000000	815.000000
1.000000	1.000000	279.000000	1.000000	172.000000	443.000000	404.000000	1.000000	1.000000	1.000000	1.000000	1.000000	226.000000	1.000000	1.000000	204.000000	1.000000	1.000000	1.000000	451.000000	618.000000
1.000000	1.000000	742.000000	291.000000	1092.000000	1348.000000	1213.000000	404.000000	383.000000	207.000000	267.000000	1193.000000	1238.000000	738.000000	252.000000	1.000000	1.000000	1.000000	1.000000	1.000000	337.000000
1.000000	1.000000	1.000000	491.000000	338.000000	1558.000000	3210.000000	3049.000000	1871.000000	728.000000	165.000000	1191.000000	1294.000000	1767.000000	2432.000000	2629.000000	1643.000000	1.000000	1.000000	1.000000	297.000000
267.000000	1.000000	196.000000	307.000000	357.000000	1.000000	1.000000	1105.000000	2744.000000	1033.000000	1.000000	1.000000	345.000000	421.000000	487.000000	1413.000000	1845.000000	672.000000	1.000000	1.000000	277.000000
712.000000	1.000000	526.000000	1.000000	1.000000	1.000000	1.000000	1.000000	1007.000000	1567.000000	1.000000	1.000000	1.000000	1.000000	1.000000	1.000000	133.000000	1.000000	1.000000	1.000000	275.000000
283.000000	1086.000000	699.000000	1705.000000	1.000000	1.000000	1.000000	1.000000	1.000000	1.000000	301.000000	381.000000	597.000000	242.000000	1.000000	1.000000	1.000000	1.000000	1.000000	1.000000	806.000000
1.000000	581.000000	613.000000	2306.000000	1625.000000	1.000000	1.000000	1.000000	795.000000	513.000000	441.000000	1.000000	1184.000000	1663.000000	232.000000	1.000000	154.000000	324.000000	1.000000	1.000000	453.000000
1.000000	247.000000	581.000000	1654.000000	2466.000000	1033.000000	397.000000	941.000000	2308.000000	1392.000000	863.000000	1.000000	230.000000	1943.000000	2331.000000	678.000000	1.000000	156.000000	1.000000	426.000000	833.000000
1.000000	1.000000	404.000000	742.000000	2261.000000	661.000000	1.000000	1.000000	690.000000	2068.000000	855.000000	1.000000	1.000000	1.000000	859.000000	1401.000000	837.000000	443.000000	1.000000	259.000000	382.000000
1.000000	415.000000	1.000000	279.000000	588.000000	242.000000	1.000000	387.000000	389.000000	1.000000	501.000000	1.000000	1.000000	1.000000	1.000000	171.000000	267.000000	104.000000	293.000000	1.000000	336.000000
409.000000	1.000000	448.000000	1.000000	1.000000	504.000000	503.000000	1005.000000	854.000000	817.000000	479.000000	1.000000	1.000000	1.000000	517.000000	471.000000	1.000000	1.000000	1.000000	1.000000	470.000000
1.000000	1.000000	358.000000	265.000000	261.000000	1491.000000	285.000000	503.000000	1007.000000	1145.000000	322.000000	1.000000	1.000000	1.000000	347.000000	1.000000	1.000000	1.000000	1.000000	1.000000	163.000000
1.000000	1.000000	1.000000	157.000000	487.000000	1029.000000	2596.000000	1.000000	1.000000	1.000000	1.000000	1.000000	1.000000	1.000000	1.000000	1.000000	1.000000	1.000000	1.000000	1.000000	161.000000
153.000000	1.000000	1.000000	1.000000	317.000000	317.000000	2161.000000	1514.000000	1.000000	1.000000	1.000000	1.000000	1.000000	1.000000	1.000000	1.000000	1.000000	1139.000000	173.000000	320.000000	149.000000
1.000000	229.000000	1.000000	309.000000	327.000000	319.000000	946.000000	2268.000000	1231.000000	1.000000	1.000000	1.000000	1.000000	1.000000	1.000000	1.000000	1.000000	1.000000	302.000000	145.000000	315.000000
1.000000	235.000000	229.000000	80.000000	358.000000	554.000000	583.000000	1624.000000	2472.000000	1590.000000	1500.000000	2382.000000	1355.000000	443.000000	399.000000	1.000000	1.000000	494.000000	258.000000	403.000000	149.000000
1.000000	375.000000	213.000000	1.000000	660.000000	495.000000	643.000000	365.000000	797.000000	1506.000000	1001.000000	1247.000000	2205.000000	907.000000	329.000000	1.000000	187.000000	1.000000	133.000000	139.000000	279.000000
1.000000	297.000000	375.000000	1.000000	1.000000	338.000000	335.000000	1.000000	1.000000	1.000000	1.000000	1.000000	1.000000	1.000000	1.000000	1.000000	1.000000	297.000000	1.000000	1.000000	1.000000
1.000000	1.000000	1.000000	1.000000	1.000000	1.000000	1.000000	1.000000	1.000000	1.000000	1.000000	1.000000	1.000000	1.000000	1.000000	1.000000	1.000000	1.000000	1.000000	1.000000	1.000000
1.000000	1.000000	1.000000	1.000000	1.000000	1.000000	1.000000	1.000000	1.000000	1.000000	1.000000	1.000000	1.000000	1.000000	1.000000	1.000000	1.000000	1.000000	1.000000	1.000000	1.000000
