21 25 0
1.000000	1.000000	1.000000	218.000000	1.000000	1.000000	1.000000	1.000000	1.000000	1.000000	159.000000	269.000000	346.000000	1.000000	1.000000	1.000000	1.000000	469.000000	1.000000	470.000000	351.000000
1.000000	1.000000	1.000000	1.000000	79.000000	165.000000	284.000000	274.000000	203.000000	369.000000	1188.000000	1214.000000	1124.000000	757.000000	260.000000	169.000000	418.000000	1.000000	185.000000	185.000000	1.000000
1.000000	1.000000	155.000000	155.000000	817.000000	1370.000000	1784.000000	1665.000000	1155.000000	1279.000000	1431.000000	1520.000000	1527.000000	1550.000000	1637.000000	1032.000000	1.000000	85.000000	162.000000	156.000000	699.000000
1.000000	1.000000	1.000000	183.000000	317.000000	647.000000	1329.000000	1699.000000	1719.000000	1491.000000	1142.000000	1340.000000	1400.000000	1570.000000	1413.000000	615.000000	507.000000	440.000000	868.000000	402.000000	85.000000
1.000000	1.000000	423.000000	636.000000	635.000000	1.000000	1.000000	1.000000	195.000000	205.000000	197.000000	189.000000	185.000000	193.000000	203.000000	179.000000	402.000000	523.000000	449.000000	203.000000	1.000000
193.000000	181.000000	179.000000	1.000000	1.000000	438.000000	368.000000	203.000000	1.000000	1.000000	1.000000	86.000000	227.000000	330.000000	350.000000	234.000000	220.000000	1.000000	1.000000	1.000000	1.000000
1.000000	155.000000	1.000000	291.000000	1384.000000	1967.000000	2045.000000	1754.000000	1315.000000	883.000000	936.000000	1449.000000	1716.000000	2129.000000	2115.000000	1210.000000	235.000000	1.000000	1.000000	1.000000	1.000000
185.000000	1.000000	1.000000	1166.000000	2176.000000	2949.000000	3360.000000	3386.000000	2594.000000	1152.000000	1522.000000	2520.000000	2502.000000	2869.000000	2928.000000	3352.000000	2405.000000	724.000000	1.000000	1.000000	367.000000
1.000000	259.000000	1.000000	679.000000	1476.000000	1559.000000	881.000000	901.000000	935.000000	509.000000	159.000000	133.000000	717.000000	715.000000	657.000000	968.000000	1007.000000	793.000000	335.000000	1.000000	1.000000
1.000000	1.000000	1.000000	1.000000	1.000000	1.000000	1.000000	1.000000	1.000000	1.000000	1.000000	1.000000	1.000000	1.000000	1.000000	1.000000	1.000000	1.000000	1.000000	1.000000	1.000000
284.000000	648.000000	337.000000	337.000000	1.000000	1.000000	1.000000	1.000000	209.000000	287.000000	424.000000	624.000000	1.000000	1.000000	1.000000	153.000000	180.000000	977.000000	685.000000	545.000000	237.000000
1.000000	1.000000	871.000000	1116.000000	1055.000000	1.000000	1.000000	419.000000	449.000000	485.000000	943.000000	927.000000	1506.000000	1383.000000	487.000000	1.000000	554.000000	1078.000000	1601.000000	554.000000	220.000000
1.000000	248.000000	680.000000	1228.000000	2047.000000	2542.000000	3101.000000	2486.000000	2453.000000	2176.000000	2228.000000	2402.000000	1848.000000	2097.000000	2438.000000	2065.000000	1726.000000	1836.000000	1317.000000	1311.000000	1340.000000
1.000000	1.000000	233.000000	660.000000	2337.000000	2272.000000	1369.000000	355.000000	1007.000000	2017.000000	1959.000000	829.000000	681.000000	1.000000	968.000000	1337.000000	1534.000000	1048.000000	1.000000	260.000000	611.000000
407.000000	1.000000	1.000000	281.000000	445.000000	1.000000	1.000000	1.000000	391.000000	391.000000	744.000000	366.000000	714.000000	1241.000000	1310.000000	737.000000	269.000000	215.000000	313.000000	313.000000	1.000000
495.000000	305.000000	153.000000	1.000000	1.000000	1.000000	415.000000	1210.000000	2160.000000	1551.000000	1313.000000	1650.000000	1982.000000	1369.000000	1076.000000	1.000000	1.000000	1.000000	1.000000	1.000000	471.000000
1.000000	1.000000	467.000000	216.000000	299.000000	189.000000	1.000000	1.000000	507.000000	1011.000000	709.000000	211.000000	211.000000	1.000000	1.000000	1.000000	1.000000	1.000000	1.000000	1.000000	79.000000
77.000000	241.000000	163.000000	1.000000	1.000000	1068.000000	1065.000000	1.000000	1.000000	1.000000	277.000000	600.000000	630.000000	856.000000	1112.000000	645.000000	1037.000000	852.000000	538.000000	1.000000	1.000000
160.000000	402.000000	167.000000	167.000000	161.000000	319.000000	1633.000000	2475.000000	379.000000	1.000000	1.000000	1.000000	155.000000	300.000000	1.000000	515.000000	599.000000	1369.000000	599.000000	1.000000	1.000000
152.000000	1.000000	1.000000	341.000000	169.000000	1.000000	341.000000	1141.000000	215.000000	1.000000	1.000000	1.000000	1.000000	299.000000	1145.000000	738.000000	1096.000000	106.000000	1.000000	1.000000	235.000000
1.000000	1.000000	1.000000	330.000000	168.000000	1.000000	271.000000	922.000000	2561.000000	2454.000000	2286.000000	2668.000000	2753.000000	2861.000000	2207.000000	1422.000000	1.000000	1.000000	1.000000	135.000000	280.000000
1.000000	334.000000	331.000000	158.000000	1.000000	1.000000	1.000000	367.000000	1167.000000	1548.000000	1580.000000	2630.000000	2942.000000	1996.000000	689.000000	1.000000	226.000000	243.000000	213.000000	357.000000	139.000000
1.000000	1.000000	1.000000	155.000000	1.000000	1.000000	1.000000	1.000000	1.000000	157.000000	155.000000	1.000000	1.000000	1.000000	1.000000	1.000000	1.000000	1.000000	182.000000	253.000000	1.000000
1.000000	1.000000	1.000000	1.000000	1.000000	1.000000	1.000000	1.000000	1.000000	1.000000	1.000000	1.000000	1.000000	1.000000	1.000000	1.000000	1.000000	1.000000	1.000000	1.000000	1.000000
1.000000	1.000000	1.000000	1.000000	1.000000	1.000000	1.000000	1.000000	1.000000	1.000000	1.000000	1.000000	1.000000	1.000000	1.000000	1.000000	1.000000	1.000000	1.000000	1.000000	1.000000
