21 25 0
393.000000	655.000000	1.000000	1.000000	1.000000	1.000000	1.000000	1.000000	1.000000	1.000000	1.000000	1.000000	1.000000	1.000000	1.000000	1.000000	1.000000	277.000000	1.000000	495.000000	1.000000
397.000000	473.000000	1.000000	887.000000	361.000000	1.000000	1.000000	1892.000000	789.000000	210.000000	1495.000000	1064.000000	1132.000000	351.000000	1.000000	971.000000	1552.000000	1209.000000	497.000000	1.000000	991.000000
229.000000	389.000000	887.000000	1512.000000	1186.000000	485.000000	2666.000000	2930.000000	855.000000	951.000000	1926.000000	1456.000000	968.000000	507.000000	1524.000000	2387.000000	2470.000000	663.000000	1.000000	1.000000	339.000000
245.000000	267.000000	1410.000000	998.000000	721.000000	285.000000	818.000000	546.000000	1.000000	1.000000	1.000000	171.000000	172.000000	485.000000	208.000000	1129.000000	744.000000	1.000000	1.000000	1.000000	1.000000
269.000000	374.000000	424.000000	283.000000	417.000000	1.000000	1.000000	1.000000	1.000000	1.000000	1.000000	1.000000	148.000000	1.000000	1.000000	1.000000	1.000000	1.000000	1.000000	1.000000	1.000000
1.000000	1.000000	345.000000	547.000000	877.000000	1.000000	1.000000	1.000000	1.000000	1.000000	1.000000	828.000000	320.000000	1.000000	153.000000	1.000000	1.000000	1.000000	1.000000	177.000000	1.000000
279.000000	383.000000	295.000000	1205.000000	1.000000	1.000000	1.000000	1.000000	1.000000	1.000000	1.000000	185.000000	1.000000	1.000000	1.000000	1.000000	1.000000	411.000000	1.000000	503.000000	1.000000
1.000000	1.000000	465.000000	1.000000	1.000000	1.000000	1.000000	485.000000	683.000000	615.000000	1.000000	1.000000	1.000000	1.000000	481.000000	725.000000	347.000000	1.000000	505.000000	405.000000	1.000000
1.000000	1.000000	219.000000	1.000000	1.000000	1.000000	487.000000	1221.000000	1.000000	965.000000	479.000000	1.000000	1.000000	1.000000	243.000000	491.000000	1.000000	1.000000	1.000000	388.000000	918.000000
379.000000	1.000000	876.000000	346.000000	812.000000	1.000000	1247.000000	1464.000000	905.000000	1629.000000	1363.000000	1.000000	1.000000	243.000000	1058.000000	727.000000	717.000000	1129.000000	1428.000000	279.000000	1434.000000
379.000000	414.000000	359.000000	795.000000	763.000000	456.000000	1368.000000	972.000000	333.000000	2285.000000	786.000000	1.000000	191.000000	997.000000	558.000000	709.000000	962.000000	1138.000000	849.000000	1.000000	1068.000000
1.000000	318.000000	305.000000	337.000000	1.000000	1.000000	1.000000	1.000000	425.000000	1682.000000	1.000000	1.000000	1.000000	1.000000	1.000000	1.000000	1.000000	1.000000	1.000000	1.000000	500.000000
1.000000	620.000000	1.000000	1.000000	1.000000	1.000000	1.000000	1.000000	1.000000	301.000000	1.000000	1.000000	1.000000	1.000000	1.000000	1.000000	193.000000	223.000000	1.000000	752.000000	1143.000000
317.000000	1.000000	201.000000	367.000000	867.000000	851.000000	503.000000	171.000000	1.000000	1.000000	1.000000	421.000000	1544.000000	1770.000000	358.000000	1.000000	183.000000	1.000000	1.000000	1369.000000	1254.000000
1.000000	201.000000	339.000000	605.000000	908.000000	745.000000	469.000000	1.000000	473.000000	493.000000	1025.000000	1307.000000	1280.000000	359.000000	1.000000	1.000000	1.000000	1.000000	538.000000	883.000000	1.000000
1.000000	187.000000	203.000000	883.000000	393.000000	201.000000	1.000000	1.000000	495.000000	1.000000	1.000000	1.000000	1.000000	1.000000	1.000000	1.000000	1.000000	1.000000	239.000000	161.000000	1.000000
170.000000	187.000000	1.000000	458.000000	275.000000	1.000000	1.000000	1.000000	1.000000	1.000000	1.000000	1.000000	1.000000	1586.000000	2551.000000	1.000000	1.000000	527.000000	1.000000	159.000000	727.000000
1.000000	333.000000	179.000000	635.000000	1.000000	1.000000	171.000000	164.000000	1.000000	1.000000	819.000000	1079.000000	2104.000000	2183.000000	485.000000	1.000000	1.000000	1.000000	197.000000	321.000000	422.000000
257.000000	1.000000	952.000000	1.000000	1.000000	1.000000	1.000000	1.000000	680.000000	1261.000000	1719.000000	1803.000000	455.000000	204.000000	1.000000	1.000000	1.000000	1.000000	165.000000	646.000000	252.000000
385.000000	499.000000	1384.000000	485.000000	1143.000000	507.000000	1.000000	1.000000	1.000000	1.000000	1.000000	1.000000	1.000000	1.000000	1.000000	1.000000	189.000000	543.000000	871.000000	413.000000	1.000000
1157.000000	1867.000000	1679.000000	1124.000000	1007.000000	1.000000	1.000000	1.000000	1.000000	1.000000	1.000000	1.000000	1.000000	1.000000	177.000000	989.000000	1787.000000	1341.000000	521.000000	1.000000	1.000000
1415.000000	1159.000000	881.000000	499.000000	1.000000	317.000000	1.000000	1.000000	1.000000	1.000000	1.000000	1.000000	1.000000	205.000000	849.000000	1364.000000	1096.000000	1.000000	1.000000	185.000000	1.000000
1.000000	1.000000	1.000000	1.000000	1.000000	1.000000	1.000000	1.000000	1.000000	1.000000	1.000000	1.000000	167.000000	213.000000	232.000000	178.000000	1.000000	1.000000	1.000000	1.000000	1.000000
1.000000	1.000000	1.000000	1.000000	1.000000	1.000000	1.000000	1.000000	1.000000	1.000000	1.000000	1.000000	1.000000	1.000000	1.000000	1.000000	1.000000	1.000000	1.000000	1.000000	1.000000
1.000000	1.000000	1.000000	1.000000	1.000000	1.000000	1.000000	1.000000	1.000000	1.000000	1.000000	1.000000	1.000000	1.000000	1.000000	1.000000	1.000000	1.000000	1.000000	1.000000	1.000000
