21 25 0
357.000000	335.000000	704.000000	771.000000	1.000000	1.000000	1189.000000	1.000000	1.000000	268.000000	1.000000	205.000000	280.000000	1.000000	1.000000	1.000000	1.000000	1018.000000	583.000000	581.000000	654.000000
381.000000	291.000000	379.000000	469.000000	1517.000000	883.000000	265.000000	1.000000	854.000000	1050.000000	1.000000	1.000000	315.000000	1253.000000	1174.000000	1.000000	1.000000	1277.000000	1813.000000	985.000000	1.000000
1.000000	352.000000	441.000000	781.000000	1595.000000	885.000000	1.000000	1.000000	1085.000000	1425.000000	1.000000	1.000000	215.000000	1290.000000	2428.000000	1.000000	351.000000	743.000000	2179.000000	1565.000000	265.000000
1.000000	1.000000	721.000000	1.000000	787.000000	443.000000	196.000000	1.000000	922.000000	424.000000	1.000000	1.000000	1.000000	1.000000	1602.000000	1.000000	351.000000	1048.000000	1675.000000	1674.000000	489.000000
438.000000	1.000000	619.000000	335.000000	1.000000	161.000000	1.000000	1.000000	544.000000	558.000000	148.000000	1.000000	1.000000	1.000000	1.000000	1.000000	419.000000	581.000000	779.000000	1323.000000	912.000000
960.000000	397.000000	531.000000	837.000000	269.000000	541.000000	1.000000	1.000000	167.000000	165.000000	1.000000	1.000000	1.000000	1.000000	1.000000	1.000000	213.000000	640.000000	755.000000	1953.000000	1170.000000
1070.000000	883.000000	617.000000	1535.000000	467.000000	703.000000	1.000000	1.000000	1.000000	1.000000	515.000000	227.000000	191.000000	1.000000	1.000000	1.000000	1.000000	437.000000	698.000000	1943.000000	2151.000000
1205.000000	507.000000	665.000000	1469.000000	892.000000	323.000000	746.000000	1.000000	359.000000	1.000000	943.000000	2092.000000	620.000000	743.000000	1.000000	1.000000	171.000000	799.000000	456.000000	2015.000000	2263.000000
1946.000000	786.000000	561.000000	1120.000000	972.000000	968.000000	651.000000	395.000000	817.000000	1.000000	728.000000	2333.000000	1040.000000	417.000000	1.000000	1.000000	1.000000	403.000000	507.000000	2194.000000	1851.000000
1791.000000	164.000000	427.000000	738.000000	866.000000	1941.000000	1.000000	865.000000	1872.000000	1.000000	490.000000	2739.000000	195.000000	767.000000	1.000000	1.000000	1.000000	403.000000	503.000000	1990.000000	1013.000000
436.000000	459.000000	1.000000	253.000000	401.000000	850.000000	1.000000	1044.000000	1704.000000	1.000000	1016.000000	2639.000000	173.000000	682.000000	1057.000000	1.000000	183.000000	687.000000	574.000000	1419.000000	904.000000
1.000000	469.000000	1.000000	417.000000	1.000000	1.000000	431.000000	959.000000	995.000000	1.000000	871.000000	2774.000000	387.000000	1.000000	1.000000	1.000000	183.000000	611.000000	720.000000	1419.000000	280.000000
229.000000	937.000000	881.000000	551.000000	1.000000	203.000000	682.000000	1668.000000	461.000000	1.000000	660.000000	2456.000000	1045.000000	1.000000	1.000000	1.000000	209.000000	1.000000	1612.000000	723.000000	239.000000
481.000000	614.000000	1.000000	185.000000	202.000000	1.000000	561.000000	1281.000000	695.000000	1.000000	1.000000	1221.000000	431.000000	1.000000	1.000000	331.000000	221.000000	567.000000	1235.000000	458.000000	387.000000
427.000000	146.000000	647.000000	171.000000	202.000000	1.000000	1.000000	649.000000	546.000000	503.000000	1.000000	1.000000	1.000000	1.000000	1.000000	546.000000	1300.000000	695.000000	654.000000	607.000000	640.000000
383.000000	700.000000	453.000000	1.000000	1.000000	1.000000	280.000000	183.000000	1.000000	505.000000	1.000000	1.000000	1357.000000	1.000000	1.000000	412.000000	1552.000000	791.000000	611.000000	1141.000000	490.000000
323.000000	824.000000	559.000000	1.000000	1.000000	1.000000	597.000000	1015.000000	1.000000	1.000000	1.000000	452.000000	935.000000	1.000000	1.000000	197.000000	1324.000000	389.000000	1040.000000	1071.000000	235.000000
323.000000	830.000000	729.000000	1.000000	1.000000	1.000000	1.000000	1111.000000	441.000000	1.000000	1.000000	1.000000	1.000000	1.000000	368.000000	373.000000	665.000000	359.000000	1055.000000	561.000000	1.000000
516.000000	174.000000	711.000000	291.000000	609.000000	1.000000	1.000000	1.000000	1.000000	1.000000	1.000000	1.000000	1.000000	1.000000	723.000000	694.000000	665.000000	613.000000	368.000000	367.000000	444.000000
504.000000	269.000000	367.000000	1505.000000	1300.000000	447.000000	934.000000	1.000000	1.000000	1.000000	1.000000	399.000000	873.000000	1129.000000	1367.000000	228.000000	648.000000	351.000000	443.000000	701.000000	637.000000
1.000000	513.000000	1.000000	1643.000000	942.000000	1414.000000	909.000000	1.000000	1.000000	1.000000	1.000000	1.000000	1.000000	1607.000000	660.000000	1.000000	279.000000	381.000000	816.000000	1031.000000	821.000000
1.000000	259.000000	1.000000	1163.000000	404.000000	1524.000000	407.000000	1.000000	1.000000	1.000000	1.000000	1.000000	1.000000	1.000000	1.000000	1.000000	189.000000	195.000000	534.000000	323.000000	525.000000
1.000000	1.000000	199.000000	147.000000	1.000000	235.000000	1.000000	1.000000	1.000000	1.000000	1.000000	1.000000	1.000000	1.000000	1.000000	1.000000	1.000000	1.000000	206.000000	1.000000	1.000000
1.000000	1.000000	1.000000	1.000000	1.000000	1.000000	1.000000	1.000000	1.000000	1.000000	1.000000	1.000000	1.000000	1.000000	1.000000	1.000000	1.000000	1.000000	1.000000	1.000000	1.000000
1.000000	1.000000	1.000000	1.000000	1.000000	1.000000	1.000000	1.000000	1.000000	1.000000	1.000000	1.000000	1.000000	1.000000	1.000000	1.000000	1.000000	1.000000	1.000000	1.000000	1.000000
