21 25 0
772.000000	1.000000	1084.000000	736.000000	1.000000	1.000000	1276.000000	184.000000	1.000000	991.000000	795.000000	777.000000	1.000000	1.000000	1.000000	416.000000	1.000000	355.000000	1.000000	475.000000	343.000000
381.000000	335.000000	737.000000	1.000000	1.000000	1.000000	1.000000	1.000000	1.000000	1.000000	1.000000	1.000000	1.000000	1.000000	1.000000	1.000000	1.000000	1.000000	740.000000	849.000000	1.000000
1.000000	456.000000	179.000000	198.000000	1.000000	1.000000	1.000000	1.000000	1.000000	1.000000	1.000000	1.000000	1.000000	1.000000	1.000000	1.000000	1.000000	1.000000	657.000000	249.000000	1.000000
1.000000	1.000000	193.000000	1.000000	163.000000	1.000000	1.000000	1.000000	167.000000	160.000000	1.000000	163.000000	1.000000	1.000000	1.000000	1.000000	202.000000	568.000000	614.000000	1.000000	1.000000
1.000000	1.000000	219.000000	163.000000	170.000000	1.000000	157.000000	163.000000	319.000000	832.000000	717.000000	327.000000	1.000000	1.000000	1.000000	165.000000	561.000000	572.000000	210.000000	285.000000	653.000000
1.000000	1.000000	271.000000	1.000000	1.000000	379.000000	1.000000	672.000000	203.000000	1.000000	177.000000	1.000000	1.000000	1.000000	1.000000	329.000000	413.000000	1.000000	1.000000	647.000000	654.000000
273.000000	337.000000	1.000000	1.000000	479.000000	1028.000000	719.000000	1276.000000	457.000000	1.000000	1.000000	258.000000	599.000000	1741.000000	840.000000	920.000000	83.000000	435.000000	1.000000	227.000000	1708.000000
1.000000	339.000000	265.000000	511.000000	495.000000	735.000000	1637.000000	245.000000	353.000000	1.000000	424.000000	1652.000000	2248.000000	1404.000000	803.000000	1.000000	1.000000	1.000000	1.000000	1961.000000	2325.000000
251.000000	1.000000	293.000000	163.000000	463.000000	750.000000	1.000000	255.000000	1.000000	683.000000	189.000000	709.000000	789.000000	1.000000	1.000000	1.000000	1.000000	1.000000	1.000000	1785.000000	697.000000
523.000000	193.000000	305.000000	1.000000	1.000000	1.000000	1.000000	1.000000	699.000000	1.000000	1.000000	463.000000	1.000000	1.000000	1.000000	1.000000	1.000000	1.000000	503.000000	1.000000	479.000000
188.000000	1.000000	1.000000	1.000000	1.000000	1.000000	1.000000	685.000000	605.000000	1.000000	1.000000	1.000000	1.000000	1.000000	1.000000	1.000000	1.000000	1.000000	155.000000	1093.000000	479.000000
1.000000	1.000000	1.000000	1.000000	1.000000	1.000000	1114.000000	2331.000000	953.000000	1.000000	240.000000	1.000000	1.000000	375.000000	678.000000	913.000000	651.000000	1.000000	520.000000	1236.000000	254.000000
1.000000	177.000000	1.000000	199.000000	409.000000	481.000000	716.000000	831.000000	1.000000	477.000000	1512.000000	2126.000000	1267.000000	1.000000	1.000000	236.000000	207.000000	93.000000	1669.000000	469.000000	1.000000
1.000000	411.000000	280.000000	1.000000	1.000000	1.000000	1.000000	1.000000	1.000000	1.000000	347.000000	1443.000000	1.000000	1.000000	1.000000	1.000000	102.000000	970.000000	1316.000000	1.000000	638.000000
425.000000	562.000000	1.000000	1.000000	1.000000	1.000000	1.000000	189.000000	1.000000	1.000000	1.000000	1.000000	1.000000	478.000000	847.000000	463.000000	978.000000	807.000000	1.000000	206.000000	491.000000
1.000000	1.000000	1.000000	1.000000	1.000000	1.000000	608.000000	651.000000	1.000000	1.000000	163.000000	539.000000	2010.000000	1733.000000	520.000000	556.000000	1159.000000	401.000000	1.000000	636.000000	456.000000
1.000000	173.000000	1.000000	1.000000	1.000000	1.000000	1.000000	1.000000	1.000000	1.000000	805.000000	1664.000000	395.000000	1.000000	1.000000	1.000000	379.000000	385.000000	777.000000	761.000000	1.000000
173.000000	428.000000	1.000000	1.000000	1.000000	1.000000	1.000000	1.000000	1.000000	1.000000	1.000000	1.000000	1.000000	1.000000	403.000000	915.000000	447.000000	984.000000	1316.000000	197.000000	1.000000
708.000000	174.000000	347.000000	272.000000	670.000000	1.000000	1.000000	1.000000	1.000000	1.000000	1.000000	1.000000	1.000000	175.000000	1224.000000	1275.000000	1433.000000	1244.000000	203.000000	1.000000	1.000000
480.000000	620.000000	463.000000	441.000000	1.000000	1.000000	465.000000	1.000000	1.000000	1.000000	365.000000	287.000000	1118.000000	1507.000000	1894.000000	1388.000000	1164.000000	1.000000	1.000000	161.000000	387.000000
1.000000	257.000000	225.000000	738.000000	403.000000	658.000000	255.000000	1.000000	635.000000	1855.000000	2059.000000	2193.000000	2022.000000	2052.000000	961.000000	380.000000	1.000000	1.000000	1.000000	1.000000	1.000000
355.000000	1.000000	369.000000	1.000000	511.000000	407.000000	1.000000	1.000000	1.000000	161.000000	80.000000	318.000000	1.000000	1.000000	1.000000	1.000000	1.000000	183.000000	1.000000	1.000000	1.000000
1.000000	1.000000	180.000000	1.000000	1.000000	1.000000	1.000000	1.000000	1.000000	1.000000	1.000000	1.000000	1.000000	1.000000	1.000000	1.000000	1.000000	1.000000	1.000000	1.000000	1.000000
1.000000	1.000000	1.000000	1.000000	1.000000	1.000000	1.000000	1.000000	1.000000	1.000000	1.000000	1.000000	1.000000	1.000000	1.000000	1.000000	1.000000	1.000000	1.000000	1.000000	1.000000
1.000000	1.000000	1.000000	1.000000	1.000000	1.000000	1.000000	1.000000	1.000000	1.000000	1.000000	1.000000	1.000000	1.000000	1.000000	1.000000	1.000000	1.000000	1.000000	1.000000	1.000000
