21 25 0
199.000000	153.000000	1.000000	331.000000	265.000000	104.000000	1.000000	297.000000	1.000000	249.000000	701.000000	1.000000	1.000000	1.000000	1.000000	1345.000000	287.000000	1.000000	463.000000	623.000000	1067.000000
203.000000	211.000000	441.000000	535.000000	618.000000	1.000000	1.000000	1609.000000	1.000000	1.000000	339.000000	1.000000	1.000000	1.000000	1.000000	2186.000000	2796.000000	1326.000000	491.000000	341.000000	1268.000000
230.000000	507.000000	1052.000000	1138.000000	730.000000	320.000000	321.000000	1643.000000	1.000000	1.000000	221.000000	335.000000	623.000000	1.000000	1.000000	1907.000000	2941.000000	1128.000000	491.000000	1.000000	163.000000
249.000000	513.000000	1351.000000	990.000000	782.000000	256.000000	487.000000	360.000000	1.000000	1.000000	1.000000	82.000000	1283.000000	173.000000	1.000000	501.000000	1291.000000	796.000000	486.000000	1.000000	457.000000
347.000000	1169.000000	1403.000000	833.000000	1280.000000	371.000000	1.000000	1.000000	1.000000	1.000000	1.000000	160.000000	519.000000	173.000000	1.000000	155.000000	1.000000	165.000000	615.000000	1.000000	449.000000
319.000000	1522.000000	1405.000000	1119.000000	1296.000000	75.000000	1.000000	1.000000	1.000000	1.000000	1.000000	1.000000	1.000000	1.000000	1.000000	155.000000	1.000000	331.000000	371.000000	1.000000	568.000000
347.000000	1590.000000	1751.000000	1119.000000	467.000000	1.000000	357.000000	391.000000	594.000000	201.000000	1.000000	1.000000	1.000000	163.000000	1.000000	1.000000	651.000000	486.000000	499.000000	885.000000	696.000000
401.000000	909.000000	1910.000000	899.000000	1.000000	1.000000	479.000000	435.000000	1345.000000	1428.000000	449.000000	1.000000	1.000000	295.000000	483.000000	1440.000000	1301.000000	744.000000	1441.000000	1019.000000	815.000000
401.000000	693.000000	1943.000000	411.000000	1.000000	1.000000	956.000000	1257.000000	625.000000	2295.000000	1038.000000	1.000000	1.000000	341.000000	175.000000	1921.000000	1203.000000	929.000000	1439.000000	467.000000	939.000000
461.000000	185.000000	1786.000000	705.000000	225.000000	493.000000	1737.000000	867.000000	490.000000	2890.000000	1603.000000	1.000000	355.000000	225.000000	1.000000	877.000000	1.000000	918.000000	1459.000000	468.000000	871.000000
461.000000	171.000000	766.000000	620.000000	549.000000	1.000000	1182.000000	395.000000	426.000000	2240.000000	1959.000000	1.000000	683.000000	1038.000000	1.000000	381.000000	1.000000	768.000000	1030.000000	207.000000	639.000000
1.000000	457.000000	621.000000	913.000000	653.000000	1.000000	705.000000	1.000000	427.000000	1959.000000	1135.000000	1.000000	329.000000	1694.000000	1.000000	1.000000	1.000000	351.000000	1.000000	155.000000	973.000000
1374.000000	663.000000	305.000000	869.000000	561.000000	398.000000	185.000000	1.000000	728.000000	2392.000000	1696.000000	1.000000	329.000000	1286.000000	176.000000	1.000000	211.000000	223.000000	1.000000	743.000000	1110.000000
662.000000	524.000000	425.000000	997.000000	782.000000	750.000000	185.000000	1.000000	251.000000	1170.000000	1295.000000	475.000000	347.000000	1115.000000	294.000000	1.000000	235.000000	213.000000	385.000000	538.000000	1101.000000
476.000000	207.000000	825.000000	1312.000000	819.000000	828.000000	221.000000	1.000000	1.000000	1.000000	1.000000	475.000000	1.000000	1156.000000	294.000000	1.000000	1.000000	174.000000	159.000000	984.000000	691.000000
1.000000	209.000000	986.000000	1340.000000	866.000000	379.000000	1.000000	1.000000	1011.000000	481.000000	1.000000	1.000000	1.000000	235.000000	468.000000	185.000000	1.000000	88.000000	395.000000	351.000000	333.000000
1.000000	187.000000	571.000000	1333.000000	876.000000	764.000000	1.000000	1.000000	1013.000000	483.000000	1.000000	1.000000	1.000000	1335.000000	674.000000	1.000000	1.000000	90.000000	241.000000	159.000000	528.000000
385.000000	1.000000	401.000000	439.000000	946.000000	1923.000000	201.000000	1.000000	1.000000	1.000000	1.000000	1.000000	1.000000	303.000000	1.000000	1.000000	1.000000	1.000000	243.000000	603.000000	546.000000
407.000000	1.000000	901.000000	307.000000	445.000000	1370.000000	569.000000	355.000000	1.000000	1.000000	1.000000	1.000000	1.000000	1.000000	1.000000	1.000000	1.000000	1.000000	163.000000	777.000000	537.000000
197.000000	1145.000000	1036.000000	567.000000	918.000000	813.000000	1325.000000	1537.000000	879.000000	901.000000	1.000000	1.000000	1.000000	1.000000	1.000000	1.000000	221.000000	1085.000000	1246.000000	770.000000	172.000000
1.000000	1427.000000	898.000000	589.000000	829.000000	1.000000	979.000000	1744.000000	1013.000000	669.000000	1.000000	1.000000	1.000000	1.000000	277.000000	785.000000	917.000000	1335.000000	1250.000000	380.000000	158.000000
1.000000	937.000000	225.000000	1.000000	1.000000	1.000000	245.000000	1.000000	1.000000	1.000000	1.000000	1.000000	1.000000	1.000000	277.000000	800.000000	902.000000	403.000000	785.000000	173.000000	206.000000
1.000000	1.000000	1.000000	1.000000	1.000000	1.000000	1.000000	1.000000	1.000000	1.000000	1.000000	1.000000	1.000000	1.000000	234.000000	201.000000	1.000000	1.000000	1.000000	1.000000	1.000000
1.000000	1.000000	1.000000	1.000000	1.000000	1.000000	1.000000	1.000000	1.000000	1.000000	1.000000	1.000000	1.000000	1.000000	1.000000	1.000000	1.000000	1.000000	1.000000	1.000000	1.000000
1.000000	1.000000	1.000000	1.000000	1.000000	1.000000	1.000000	1.000000	1.000000	1.000000	1.000000	1.000000	1.000000	1.000000	1.000000	1.000000	1.000000	1.000000	1.000000	1.000000	1.000000
