21 25 0
175.000000	1.000000	1.000000	512.000000	257.000000	265.000000	1.000000	1.000000	1.000000	1.000000	1.000000	387.000000	635.000000	349.000000	1.000000	1.000000	207.000000	367.000000	1120.000000	209.000000	1.000000
1.000000	1.000000	473.000000	1006.000000	1243.000000	807.000000	797.000000	737.000000	1464.000000	1154.000000	1.000000	669.000000	2043.000000	2285.000000	799.000000	1.000000	1.000000	911.000000	2095.000000	1271.000000	1.000000
1.000000	1.000000	1.000000	475.000000	1432.000000	1584.000000	846.000000	1710.000000	2776.000000	2701.000000	1541.000000	1.000000	1303.000000	3087.000000	3146.000000	431.000000	1.000000	640.000000	1880.000000	2092.000000	485.000000
1.000000	1.000000	1.000000	1.000000	1.000000	165.000000	1.000000	1.000000	448.000000	438.000000	617.000000	82.000000	1.000000	400.000000	2112.000000	642.000000	1.000000	489.000000	1437.000000	1187.000000	942.000000
1.000000	249.000000	1.000000	1.000000	1.000000	1.000000	1.000000	1.000000	200.000000	1.000000	76.000000	1.000000	1.000000	1.000000	166.000000	1.000000	1.000000	207.000000	229.000000	209.000000	1.000000
201.000000	629.000000	173.000000	1.000000	1.000000	1.000000	1.000000	1.000000	167.000000	706.000000	502.000000	1.000000	1.000000	1.000000	1.000000	1.000000	347.000000	595.000000	593.000000	807.000000	627.000000
593.000000	475.000000	427.000000	81.000000	1.000000	1.000000	1.000000	1.000000	1.000000	1.000000	655.000000	1.000000	1.000000	1.000000	1.000000	1.000000	326.000000	419.000000	718.000000	1970.000000	734.000000
1238.000000	1.000000	565.000000	270.000000	1.000000	1.000000	1.000000	1.000000	1.000000	1.000000	311.000000	1041.000000	1.000000	1.000000	1.000000	1.000000	1.000000	1.000000	1.000000	865.000000	670.000000
1215.000000	467.000000	183.000000	233.000000	1273.000000	1.000000	1.000000	548.000000	355.000000	1.000000	1.000000	942.000000	1105.000000	1562.000000	417.000000	1.000000	1.000000	1.000000	1.000000	442.000000	497.000000
975.000000	477.000000	1.000000	575.000000	2161.000000	2114.000000	1.000000	1511.000000	1139.000000	1.000000	391.000000	698.000000	557.000000	2747.000000	2392.000000	906.000000	779.000000	1.000000	1.000000	922.000000	908.000000
827.000000	469.000000	365.000000	1.000000	632.000000	2135.000000	366.000000	267.000000	1627.000000	1.000000	484.000000	1134.000000	1.000000	911.000000	2322.000000	1146.000000	1258.000000	842.000000	257.000000	1.000000	1.000000
1.000000	786.000000	1.000000	1.000000	1.000000	1.000000	1.000000	1.000000	1.000000	1.000000	1.000000	1301.000000	287.000000	1.000000	1.000000	1.000000	1.000000	309.000000	1.000000	369.000000	1.000000
1.000000	617.000000	1.000000	183.000000	1.000000	1.000000	1.000000	1.000000	1.000000	1.000000	1.000000	717.000000	749.000000	1.000000	1.000000	1.000000	1.000000	1.000000	1.000000	1.000000	1.000000
463.000000	405.000000	1.000000	1.000000	181.000000	1.000000	561.000000	2439.000000	2725.000000	1.000000	1.000000	1.000000	1.000000	521.000000	984.000000	883.000000	1.000000	1.000000	185.000000	397.000000	1.000000
167.000000	1.000000	369.000000	1.000000	1.000000	1.000000	1.000000	650.000000	2705.000000	3414.000000	457.000000	1.000000	401.000000	223.000000	506.000000	761.000000	997.000000	91.000000	201.000000	199.000000	217.000000
600.000000	517.000000	223.000000	1.000000	233.000000	1.000000	507.000000	1.000000	1.000000	993.000000	1005.000000	1.000000	1.000000	1.000000	1.000000	1.000000	778.000000	422.000000	392.000000	643.000000	1.000000
249.000000	552.000000	377.000000	1.000000	185.000000	532.000000	2181.000000	2021.000000	239.000000	1.000000	1.000000	1.000000	235.000000	1.000000	1.000000	1.000000	1.000000	177.000000	389.000000	432.000000	1.000000
79.000000	86.000000	181.000000	1.000000	1.000000	1.000000	1.000000	1983.000000	3017.000000	1673.000000	385.000000	1.000000	1.000000	1.000000	452.000000	1.000000	1.000000	1.000000	1.000000	183.000000	159.000000
1.000000	177.000000	239.000000	432.000000	257.000000	1.000000	1.000000	1.000000	468.000000	1923.000000	2541.000000	2310.000000	481.000000	1.000000	1.000000	1.000000	1.000000	1.000000	279.000000	1.000000	220.000000
191.000000	1.000000	195.000000	756.000000	930.000000	529.000000	1.000000	1.000000	1.000000	1.000000	1.000000	1.000000	633.000000	1.000000	1.000000	1.000000	1.000000	289.000000	713.000000	821.000000	1.000000
411.000000	584.000000	657.000000	241.000000	1007.000000	1224.000000	809.000000	1.000000	1.000000	1.000000	1.000000	1.000000	1.000000	1.000000	1.000000	1.000000	369.000000	611.000000	952.000000	1510.000000	1181.000000
1.000000	463.000000	1.000000	233.000000	431.000000	1008.000000	1020.000000	1.000000	1.000000	1.000000	1.000000	1.000000	1.000000	1.000000	1.000000	1.000000	179.000000	567.000000	766.000000	744.000000	1053.000000
432.000000	1.000000	1.000000	144.000000	1.000000	1.000000	307.000000	80.000000	1.000000	1.000000	165.000000	174.000000	1.000000	1.000000	1.000000	1.000000	1.000000	1.000000	206.000000	262.000000	1.000000
1.000000	1.000000	1.000000	1.000000	1.000000	1.000000	1.000000	1.000000	1.000000	1.000000	1.000000	1.000000	1.000000	1.000000	1.000000	1.000000	1.000000	1.000000	1.000000	1.000000	1.000000
1.000000	1.000000	1.000000	1.000000	1.000000	1.000000	1.000000	1.000000	1.000000	1.000000	1.000000	1.000000	1.000000	1.000000	1.000000	1.000000	1.000000	1.000000	1.000000	1.000000	1.000000
