21 25 0
1.000000	388.000000	1.000000	1.000000	213.000000	1.000000	1.000000	1.000000	1.000000	1.000000	1.000000	212.000000	584.000000	357.000000	1.000000	1.000000	1.000000	264.000000	276.000000	1.000000	1.000000
1.000000	311.000000	311.000000	1479.000000	1726.000000	1134.000000	1222.000000	1728.000000	1753.000000	1356.000000	1545.000000	1939.000000	2251.000000	1307.000000	655.000000	687.000000	1062.000000	1443.000000	1571.000000	1230.000000	1.000000
1.000000	389.000000	968.000000	1540.000000	1765.000000	2517.000000	2972.000000	3024.000000	2995.000000	3079.000000	2887.000000	2399.000000	2413.000000	3066.000000	3136.000000	3208.000000	2269.000000	1114.000000	1461.000000	973.000000	335.000000
1.000000	1.000000	1.000000	1.000000	438.000000	251.000000	703.000000	496.000000	270.000000	495.000000	272.000000	445.000000	585.000000	1092.000000	1534.000000	1191.000000	348.000000	1.000000	224.000000	1.000000	233.000000
1.000000	1.000000	1.000000	1.000000	1.000000	1.000000	499.000000	717.000000	1.000000	1.000000	1.000000	1.000000	1.000000	1.000000	1.000000	1.000000	1.000000	1.000000	1.000000	1.000000	150.000000
1.000000	1.000000	169.000000	169.000000	166.000000	322.000000	751.000000	1371.000000	1063.000000	1158.000000	1270.000000	1082.000000	1281.000000	1449.000000	1311.000000	1191.000000	570.000000	443.000000	423.000000	1.000000	1.000000
1.000000	1.000000	1.000000	1.000000	1.000000	1.000000	1.000000	1.000000	1.000000	1.000000	378.000000	195.000000	1.000000	1.000000	1.000000	1.000000	1.000000	501.000000	1.000000	415.000000	1.000000
1.000000	1.000000	305.000000	1.000000	1.000000	1.000000	485.000000	1.000000	1.000000	1.000000	1.000000	1.000000	1.000000	1.000000	1.000000	1.000000	1.000000	1.000000	1.000000	1.000000	1.000000
1.000000	1.000000	1.000000	1.000000	239.000000	237.000000	289.000000	882.000000	619.000000	1.000000	1.000000	413.000000	1507.000000	1315.000000	309.000000	1.000000	1.000000	1.000000	1.000000	1.000000	433.000000
513.000000	513.000000	511.000000	637.000000	1312.000000	1817.000000	2154.000000	2330.000000	2224.000000	1597.000000	539.000000	1.000000	1472.000000	2809.000000	2609.000000	1870.000000	1699.000000	1289.000000	1231.000000	1241.000000	1149.000000
455.000000	671.000000	669.000000	693.000000	1696.000000	2218.000000	2007.000000	1358.000000	1267.000000	1325.000000	1249.000000	612.000000	786.000000	1793.000000	2050.000000	2384.000000	2375.000000	2213.000000	823.000000	1.000000	1.000000
1.000000	160.000000	1.000000	1.000000	1.000000	1.000000	1.000000	1.000000	496.000000	1693.000000	1883.000000	911.000000	465.000000	1.000000	1.000000	1.000000	1.000000	1.000000	1.000000	1.000000	1.000000
406.000000	760.000000	1.000000	1.000000	1.000000	1.000000	1.000000	1.000000	1.000000	1.000000	1.000000	1.000000	1.000000	1.000000	1.000000	1.000000	1.000000	1.000000	1.000000	321.000000	319.000000
1.000000	1.000000	1.000000	1.000000	631.000000	1543.000000	1979.000000	2125.000000	1061.000000	1.000000	1.000000	285.000000	1020.000000	1603.000000	1933.000000	1440.000000	597.000000	1.000000	1.000000	611.000000	279.000000
167.000000	249.000000	1.000000	1.000000	181.000000	580.000000	622.000000	1254.000000	2954.000000	3580.000000	2756.000000	2168.000000	1818.000000	741.000000	461.000000	390.000000	212.000000	1.000000	1.000000	218.000000	1.000000
655.000000	519.000000	169.000000	217.000000	1.000000	1.000000	1.000000	1.000000	1.000000	1.000000	450.000000	1.000000	1.000000	1.000000	1.000000	1.000000	177.000000	394.000000	216.000000	405.000000	175.000000
734.000000	407.000000	1.000000	1.000000	1.000000	389.000000	1180.000000	1875.000000	552.000000	1.000000	1.000000	206.000000	352.000000	1208.000000	1058.000000	235.000000	1.000000	305.000000	1.000000	491.000000	1170.000000
1.000000	1.000000	1.000000	1.000000	1.000000	1.000000	413.000000	1988.000000	2824.000000	2506.000000	1634.000000	1518.000000	2390.000000	2893.000000	1103.000000	204.000000	1.000000	1.000000	1.000000	161.000000	165.000000
1.000000	1.000000	374.000000	1.000000	1.000000	1.000000	1.000000	1.000000	497.000000	2291.000000	3286.000000	3167.000000	1671.000000	1.000000	1.000000	1.000000	1.000000	1.000000	1.000000	163.000000	1.000000
347.000000	391.000000	499.000000	1.000000	290.000000	406.000000	1.000000	1.000000	167.000000	756.000000	965.000000	1036.000000	922.000000	189.000000	1.000000	1.000000	1.000000	183.000000	929.000000	241.000000	1.000000
1187.000000	1351.000000	1633.000000	1201.000000	801.000000	561.000000	1.000000	1.000000	1.000000	1.000000	1.000000	1.000000	1.000000	1.000000	1.000000	555.000000	1253.000000	1436.000000	913.000000	1022.000000	1009.000000
1264.000000	692.000000	701.000000	1.000000	1.000000	1031.000000	1162.000000	207.000000	1.000000	1.000000	1.000000	1.000000	1.000000	83.000000	393.000000	648.000000	758.000000	480.000000	457.000000	197.000000	209.000000
1.000000	1.000000	1.000000	1.000000	1.000000	1.000000	219.000000	1.000000	1.000000	243.000000	295.000000	288.000000	1.000000	288.000000	1.000000	1.000000	1.000000	1.000000	1.000000	179.000000	1.000000
1.000000	1.000000	1.000000	1.000000	1.000000	1.000000	1.000000	1.000000	1.000000	1.000000	1.000000	1.000000	1.000000	1.000000	1.000000	1.000000	1.000000	1.000000	1.000000	1.000000	1.000000
1.000000	1.000000	1.000000	1.000000	1.000000	1.000000	1.000000	1.000000	1.000000	1.000000	1.000000	1.000000	1.000000	1.000000	1.000000	1.000000	1.000000	1.000000	1.000000	1.000000	1.000000
