21 25 0
1.000000	505.000000	1.000000	1.000000	367.000000	1067.000000	1.000000	1.000000	1.000000	603.000000	381.000000	1.000000	1.000000	247.000000	2265.000000	2461.000000	351.000000	1.000000	501.000000	719.000000	1185.000000
1.000000	1.000000	1.000000	1.000000	233.000000	1.000000	1.000000	1.000000	1.000000	1.000000	423.000000	1.000000	1.000000	1.000000	1.000000	958.000000	353.000000	1.000000	1.000000	567.000000	183.000000
1.000000	1.000000	350.000000	439.000000	1.000000	1.000000	1.000000	1.000000	1.000000	1.000000	1.000000	1.000000	1.000000	1.000000	1.000000	431.000000	313.000000	1.000000	487.000000	417.000000	1.000000
197.000000	495.000000	245.000000	350.000000	617.000000	1.000000	1.000000	1.000000	1.000000	1.000000	1.000000	1.000000	525.000000	559.000000	1.000000	1.000000	1.000000	169.000000	246.000000	1.000000	1.000000
251.000000	923.000000	321.000000	360.000000	991.000000	1.000000	1.000000	157.000000	159.000000	1.000000	507.000000	177.000000	323.000000	935.000000	1.000000	1.000000	1.000000	563.000000	169.000000	1.000000	1.000000
1.000000	1061.000000	405.000000	319.000000	430.000000	944.000000	1437.000000	1.000000	1.000000	1.000000	1.000000	188.000000	104.000000	279.000000	1.000000	1.000000	1.000000	1.000000	1.000000	1.000000	225.000000
1.000000	1683.000000	949.000000	483.000000	441.000000	167.000000	783.000000	2196.000000	621.000000	1.000000	1.000000	277.000000	1655.000000	867.000000	1146.000000	433.000000	228.000000	289.000000	1.000000	1.000000	307.000000
421.000000	999.000000	1687.000000	491.000000	1.000000	323.000000	1.000000	908.000000	2556.000000	1582.000000	1.000000	1.000000	502.000000	1641.000000	2195.000000	2488.000000	1222.000000	198.000000	360.000000	480.000000	1.000000
467.000000	613.000000	1409.000000	643.000000	1.000000	967.000000	1.000000	1.000000	753.000000	1736.000000	315.000000	1.000000	1.000000	1.000000	295.000000	880.000000	1631.000000	1308.000000	490.000000	1.000000	1.000000
1.000000	183.000000	419.000000	359.000000	1.000000	1.000000	967.000000	1.000000	1.000000	815.000000	1.000000	1.000000	1.000000	1.000000	1.000000	1.000000	466.000000	1.000000	773.000000	219.000000	1.000000
279.000000	1.000000	1.000000	267.000000	666.000000	1.000000	1.000000	1.000000	1.000000	1.000000	1.000000	1.000000	807.000000	563.000000	1.000000	1.000000	1.000000	1.000000	309.000000	219.000000	1.000000
399.000000	671.000000	371.000000	685.000000	2056.000000	785.000000	1.000000	1.000000	1.000000	1.000000	1.000000	1.000000	573.000000	2779.000000	745.000000	1.000000	1.000000	1.000000	1.000000	1.000000	1.000000
924.000000	699.000000	367.000000	598.000000	460.000000	849.000000	167.000000	1.000000	939.000000	2771.000000	993.000000	1.000000	1.000000	548.000000	1109.000000	1073.000000	684.000000	358.000000	1.000000	1.000000	189.000000
645.000000	765.000000	343.000000	504.000000	301.000000	1.000000	1.000000	1.000000	347.000000	1341.000000	2757.000000	1.000000	1.000000	89.000000	1.000000	1.000000	1.000000	214.000000	301.000000	1.000000	1.000000
407.000000	815.000000	571.000000	639.000000	577.000000	529.000000	427.000000	329.000000	1.000000	1.000000	1.000000	1.000000	1.000000	717.000000	521.000000	1.000000	1.000000	1.000000	412.000000	485.000000	940.000000
1.000000	1.000000	845.000000	1257.000000	775.000000	177.000000	187.000000	2094.000000	2629.000000	1067.000000	1.000000	1.000000	1.000000	289.000000	1332.000000	407.000000	1.000000	1.000000	1.000000	268.000000	267.000000
1.000000	1.000000	189.000000	1091.000000	1475.000000	685.000000	1.000000	1.000000	1483.000000	1607.000000	750.000000	1.000000	1.000000	1.000000	1.000000	1.000000	1.000000	1.000000	1.000000	163.000000	1.000000
409.000000	1.000000	1.000000	701.000000	1547.000000	1926.000000	1087.000000	1.000000	1.000000	1.000000	1.000000	1.000000	1.000000	1.000000	1.000000	1.000000	1.000000	1.000000	1.000000	1.000000	1.000000
86.000000	409.000000	1.000000	177.000000	696.000000	1557.000000	2175.000000	858.000000	1.000000	1.000000	1.000000	1.000000	1.000000	1.000000	1.000000	1.000000	1.000000	1.000000	1.000000	1.000000	171.000000
1.000000	1.000000	403.000000	481.000000	203.000000	1148.000000	1470.000000	2272.000000	1622.000000	975.000000	518.000000	1.000000	1.000000	1.000000	1.000000	1.000000	1.000000	867.000000	165.000000	440.000000	172.000000
1.000000	455.000000	1.000000	1.000000	1.000000	1.000000	793.000000	1529.000000	2492.000000	2289.000000	2301.000000	2748.000000	1304.000000	521.000000	1.000000	1.000000	1.000000	1.000000	165.000000	353.000000	332.000000
1.000000	1.000000	1.000000	1.000000	1.000000	1.000000	1.000000	1.000000	1.000000	1.000000	1.000000	1.000000	1.000000	1.000000	1.000000	1.000000	1.000000	1.000000	1.000000	1.000000	168.000000
1.000000	1.000000	1.000000	1.000000	1.000000	1.000000	1.000000	1.000000	1.000000	1.000000	1.000000	1.000000	1.000000	1.000000	1.000000	1.000000	1.000000	1.000000	1.000000	1.000000	1.000000
1.000000	1.000000	1.000000	1.000000	1.000000	1.000000	1.000000	1.000000	1.000000	1.000000	1.000000	1.000000	1.000000	1.000000	1.000000	1.000000	1.000000	1.000000	1.000000	1.000000	1.000000
1.000000	1.000000	1.000000	1.000000	1.000000	1.000000	1.000000	1.000000	1.000000	1.000000	1.000000	1.000000	1.000000	1.000000	1.000000	1.000000	1.000000	1.000000	1.000000	1.000000	1.000000
