21 25 0
1.000000	1.000000	1.000000	467.000000	1034.000000	1195.000000	1888.000000	1411.000000	1049.000000	1388.000000	1296.000000	487.000000	463.000000	1229.000000	2728.000000	2482.000000	411.000000	319.000000	461.000000	581.000000	267.000000
1.000000	1.000000	1.000000	1.000000	1.000000	1.000000	443.000000	1.000000	1.000000	293.000000	488.000000	277.000000	1.000000	1.000000	805.000000	1214.000000	951.000000	1.000000	177.000000	1.000000	1.000000
1.000000	184.000000	1.000000	1.000000	1.000000	1.000000	1.000000	1.000000	1.000000	1.000000	1.000000	1.000000	1.000000	1.000000	1.000000	1.000000	1.000000	1.000000	1.000000	417.000000	1.000000
1.000000	1.000000	193.000000	233.000000	629.000000	333.000000	489.000000	1257.000000	1314.000000	375.000000	579.000000	589.000000	551.000000	588.000000	173.000000	171.000000	763.000000	668.000000	690.000000	1.000000	1.000000
1.000000	1.000000	219.000000	391.000000	603.000000	469.000000	610.000000	1543.000000	1498.000000	880.000000	1270.000000	1056.000000	860.000000	1836.000000	1877.000000	1328.000000	1039.000000	1031.000000	629.000000	285.000000	475.000000
1.000000	1.000000	1.000000	1.000000	1.000000	1136.000000	1356.000000	965.000000	203.000000	1.000000	163.000000	163.000000	1.000000	208.000000	191.000000	375.000000	265.000000	1.000000	1.000000	1.000000	153.000000
1.000000	463.000000	463.000000	1.000000	922.000000	1281.000000	2522.000000	2855.000000	1542.000000	244.000000	195.000000	671.000000	2154.000000	2408.000000	2552.000000	1267.000000	431.000000	217.000000	1.000000	1.000000	1.000000
1.000000	912.000000	911.000000	1.000000	186.000000	1413.000000	1415.000000	1279.000000	1661.000000	1551.000000	813.000000	975.000000	2099.000000	2681.000000	2636.000000	1925.000000	1037.000000	175.000000	233.000000	1848.000000	1887.000000
235.000000	877.000000	1127.000000	529.000000	440.000000	824.000000	1.000000	1.000000	333.000000	621.000000	477.000000	1.000000	1.000000	160.000000	468.000000	888.000000	2055.000000	1280.000000	916.000000	1013.000000	1013.000000
1.000000	185.000000	235.000000	1.000000	1.000000	1.000000	489.000000	1.000000	1.000000	1.000000	1.000000	1.000000	1.000000	1.000000	1.000000	1.000000	1.000000	1.000000	1.000000	1.000000	1.000000
188.000000	1.000000	1.000000	1.000000	1.000000	1.000000	1.000000	429.000000	651.000000	1.000000	1.000000	1.000000	217.000000	217.000000	1.000000	1.000000	1.000000	1.000000	1.000000	1.000000	1.000000
1.000000	301.000000	201.000000	1135.000000	1763.000000	1775.000000	1558.000000	1219.000000	166.000000	1.000000	1.000000	1.000000	617.000000	1845.000000	1827.000000	1525.000000	1504.000000	1447.000000	1322.000000	1043.000000	113.000000
251.000000	469.000000	227.000000	1.000000	852.000000	1357.000000	1248.000000	1025.000000	2195.000000	2697.000000	2003.000000	1763.000000	1337.000000	516.000000	915.000000	909.000000	641.000000	434.000000	547.000000	415.000000	1.000000
209.000000	257.000000	1.000000	1.000000	1.000000	1.000000	1.000000	1.000000	497.000000	1611.000000	2156.000000	1805.000000	182.000000	1.000000	1.000000	1.000000	1.000000	637.000000	189.000000	1.000000	247.000000
635.000000	688.000000	231.000000	219.000000	1.000000	1061.000000	1195.000000	275.000000	1.000000	1.000000	1.000000	1.000000	294.000000	528.000000	693.000000	857.000000	581.000000	261.000000	233.000000	516.000000	1444.000000
1.000000	1.000000	1.000000	1.000000	1.000000	181.000000	1497.000000	2660.000000	2585.000000	1592.000000	1170.000000	1640.000000	2263.000000	3195.000000	2507.000000	1387.000000	181.000000	1.000000	1.000000	268.000000	80.000000
1.000000	1.000000	1.000000	505.000000	293.000000	1.000000	1.000000	1.000000	911.000000	2257.000000	2327.000000	1622.000000	517.000000	319.000000	1.000000	1.000000	1.000000	1.000000	201.000000	1.000000	1.000000
258.000000	171.000000	1.000000	798.000000	1799.000000	1396.000000	926.000000	1.000000	1.000000	1.000000	1.000000	1.000000	1.000000	1.000000	1.000000	1.000000	567.000000	555.000000	1394.000000	499.000000	175.000000
336.000000	173.000000	1.000000	1.000000	487.000000	1258.000000	1618.000000	906.000000	1.000000	1.000000	1.000000	1.000000	1.000000	1.000000	1149.000000	1483.000000	1643.000000	849.000000	449.000000	1.000000	1.000000
989.000000	756.000000	703.000000	1.000000	177.000000	811.000000	883.000000	1586.000000	1269.000000	1326.000000	1275.000000	927.000000	521.000000	465.000000	1116.000000	1312.000000	967.000000	281.000000	161.000000	321.000000	167.000000
1.000000	1.000000	1.000000	1.000000	1.000000	1.000000	473.000000	1596.000000	1906.000000	2715.000000	3130.000000	3213.000000	2690.000000	2127.000000	987.000000	1.000000	1.000000	1.000000	165.000000	316.000000	332.000000
1.000000	1.000000	1.000000	1.000000	1.000000	1.000000	1.000000	1.000000	171.000000	449.000000	882.000000	1178.000000	644.000000	1.000000	1.000000	1.000000	1.000000	1.000000	1.000000	1.000000	157.000000
1.000000	1.000000	1.000000	1.000000	1.000000	1.000000	1.000000	1.000000	1.000000	1.000000	1.000000	1.000000	1.000000	1.000000	1.000000	1.000000	1.000000	1.000000	1.000000	1.000000	1.000000
1.000000	1.000000	1.000000	1.000000	1.000000	1.000000	1.000000	1.000000	1.000000	1.000000	1.000000	1.000000	1.000000	1.000000	1.000000	1.000000	1.000000	1.000000	1.000000	1.000000	1.000000
1.000000	1.000000	1.000000	1.000000	1.000000	1.000000	1.000000	1.000000	1.000000	1.000000	1.000000	1.000000	1.000000	1.000000	1.000000	1.000000	1.000000	1.000000	1.000000	1.000000	1.000000
