21 25 0
145.000000	1.000000	161.000000	516.000000	1.000000	143.000000	163.000000	1.000000	1.000000	1212.000000	689.000000	1.000000	1.000000	1.000000	1.000000	136.000000	1.000000	1.000000	951.000000	1218.000000	1349.000000
692.000000	171.000000	189.000000	168.000000	186.000000	447.000000	508.000000	1.000000	589.000000	2408.000000	2405.000000	1412.000000	1268.000000	924.000000	539.000000	357.000000	1.000000	1.000000	1.000000	360.000000	1292.000000
1.000000	1.000000	1.000000	159.000000	289.000000	390.000000	1237.000000	1.000000	279.000000	254.000000	1211.000000	1930.000000	1573.000000	2268.000000	2673.000000	1918.000000	937.000000	1.000000	1.000000	1.000000	483.000000
1.000000	173.000000	1.000000	1.000000	1.000000	1.000000	1.000000	1.000000	1.000000	1.000000	1.000000	1.000000	1.000000	169.000000	1338.000000	2540.000000	2867.000000	969.000000	1.000000	1.000000	1.000000
1.000000	303.000000	1.000000	1.000000	1.000000	1.000000	1.000000	1.000000	654.000000	442.000000	1.000000	1.000000	1.000000	1.000000	1.000000	1.000000	2892.000000	2206.000000	835.000000	1.000000	1.000000
197.000000	1.000000	1.000000	1.000000	1.000000	1.000000	1.000000	1.000000	482.000000	874.000000	277.000000	1.000000	1.000000	1.000000	1.000000	1.000000	907.000000	3011.000000	1389.000000	1.000000	1.000000
215.000000	1.000000	1.000000	1.000000	1.000000	453.000000	449.000000	1.000000	1.000000	133.000000	320.000000	1.000000	1.000000	1.000000	1.000000	1.000000	1.000000	1749.000000	1803.000000	377.000000	1.000000
1.000000	1.000000	1.000000	1.000000	191.000000	493.000000	455.000000	1.000000	1.000000	1.000000	636.000000	1739.000000	437.000000	1.000000	1.000000	1.000000	1.000000	703.000000	2115.000000	810.000000	1.000000
1.000000	1.000000	1.000000	1.000000	181.000000	1.000000	1.000000	1616.000000	1.000000	1.000000	193.000000	2689.000000	2074.000000	276.000000	430.000000	1.000000	1.000000	501.000000	2832.000000	828.000000	361.000000
883.000000	1.000000	1.000000	1.000000	1355.000000	137.000000	404.000000	820.000000	1.000000	1.000000	1.000000	1384.000000	3081.000000	854.000000	391.000000	325.000000	1.000000	1.000000	2393.000000	1349.000000	357.000000
1853.000000	1.000000	1.000000	255.000000	888.000000	1015.000000	1396.000000	489.000000	1.000000	1.000000	1.000000	415.000000	2615.000000	2111.000000	197.000000	477.000000	1.000000	1.000000	1659.000000	2588.000000	258.000000
2245.000000	1005.000000	1.000000	1.000000	259.000000	1.000000	683.000000	210.000000	1.000000	1.000000	1.000000	1.000000	657.000000	921.000000	335.000000	1.000000	1.000000	1.000000	1.000000	1786.000000	665.000000
1477.000000	2579.000000	169.000000	1.000000	1.000000	1.000000	1.000000	1.000000	458.000000	1.000000	1.000000	1.000000	263.000000	565.000000	205.000000	1.000000	1.000000	1.000000	1.000000	337.000000	157.000000
409.000000	1919.000000	775.000000	1.000000	1.000000	196.000000	179.000000	343.000000	586.000000	848.000000	1.000000	1.000000	193.000000	1624.000000	862.000000	1.000000	1.000000	1.000000	495.000000	877.000000	1.000000
1.000000	999.000000	1707.000000	1.000000	1.000000	243.000000	179.000000	1.000000	565.000000	1049.000000	1.000000	1.000000	1.000000	419.000000	699.000000	361.000000	1.000000	1.000000	365.000000	703.000000	1365.000000
132.000000	1.000000	362.000000	1.000000	291.000000	1536.000000	1430.000000	179.000000	1.000000	1.000000	146.000000	228.000000	437.000000	188.000000	791.000000	1.000000	295.000000	1.000000	259.000000	426.000000	1.000000
687.000000	132.000000	452.000000	1.000000	126.000000	1508.000000	2287.000000	1763.000000	137.000000	421.000000	1.000000	409.000000	1169.000000	1521.000000	573.000000	1.000000	367.000000	359.000000	1.000000	1.000000	1.000000
836.000000	699.000000	593.000000	1.000000	1.000000	411.000000	1.000000	974.000000	1921.000000	1443.000000	1.000000	1.000000	409.000000	1223.000000	958.000000	1.000000	1.000000	565.000000	787.000000	1.000000	285.000000
129.000000	765.000000	271.000000	1.000000	1.000000	1.000000	1.000000	1.000000	440.000000	1898.000000	1261.000000	281.000000	1.000000	260.000000	147.000000	1.000000	1.000000	415.000000	393.000000	146.000000	511.000000
1.000000	1.000000	285.000000	1.000000	1.000000	296.000000	1.000000	1.000000	1.000000	1153.000000	829.000000	1.000000	1.000000	168.000000	500.000000	1.000000	843.000000	835.000000	396.000000	1.000000	294.000000
1.000000	1.000000	284.000000	1.000000	1123.000000	1520.000000	276.000000	1.000000	1.000000	377.000000	447.000000	1.000000	1.000000	233.000000	135.000000	1.000000	379.000000	2035.000000	782.000000	1.000000	1.000000
211.000000	293.000000	501.000000	1.000000	177.000000	2418.000000	1342.000000	188.000000	1.000000	1.000000	1.000000	1.000000	1.000000	1.000000	1.000000	1.000000	1.000000	1153.000000	361.000000	1.000000	1.000000
267.000000	435.000000	629.000000	1.000000	1.000000	794.000000	1983.000000	1065.000000	161.000000	151.000000	257.000000	481.000000	1.000000	1.000000	1.000000	1.000000	139.000000	925.000000	731.000000	1.000000	1.000000
145.000000	437.000000	503.000000	1.000000	1.000000	1.000000	817.000000	713.000000	1.000000	301.000000	535.000000	239.000000	1.000000	1.000000	1.000000	1.000000	1.000000	1819.000000	643.000000	1.000000	1.000000
1.000000	1.000000	1.000000	1.000000	1.000000	1.000000	1.000000	1.000000	1.000000	1.000000	1.000000	1.000000	1.000000	1.000000	1.000000	1.000000	1.000000	1.000000	1.000000	1.000000	1.000000
