21 25 0
153.000000	318.000000	227.000000	173.000000	281.000000	1.000000	1.000000	1.000000	1.000000	1.000000	1.000000	876.000000	1.000000	1.000000	1.000000	525.000000	509.000000	1.000000	300.000000	1.000000	1.000000
171.000000	218.000000	197.000000	1.000000	163.000000	1.000000	1.000000	1412.000000	841.000000	1.000000	351.000000	1.000000	1.000000	1.000000	1.000000	1.000000	319.000000	870.000000	548.000000	549.000000	1.000000
333.000000	1.000000	1.000000	1.000000	1768.000000	289.000000	1.000000	1413.000000	497.000000	1.000000	1.000000	1.000000	1.000000	1.000000	1.000000	1.000000	1.000000	1143.000000	581.000000	919.000000	213.000000
155.000000	1.000000	1.000000	2469.000000	2325.000000	383.000000	1.000000	1.000000	1.000000	1.000000	145.000000	161.000000	1.000000	1.000000	492.000000	1.000000	1.000000	1.000000	720.000000	1702.000000	593.000000
1.000000	1.000000	445.000000	2683.000000	1228.000000	1.000000	1.000000	1.000000	1.000000	1.000000	371.000000	343.000000	207.000000	1.000000	1.000000	553.000000	445.000000	1.000000	493.000000	2454.000000	1149.000000
1.000000	1.000000	1513.000000	2561.000000	415.000000	1.000000	1.000000	1.000000	1.000000	1.000000	1.000000	277.000000	131.000000	1.000000	139.000000	1703.000000	445.000000	1.000000	1.000000	2138.000000	1628.000000
1.000000	1.000000	2243.000000	2028.000000	1.000000	1.000000	1.000000	211.000000	183.000000	183.000000	1.000000	1.000000	1.000000	1.000000	739.000000	1724.000000	1593.000000	134.000000	1.000000	2010.000000	1757.000000
1.000000	265.000000	3112.000000	465.000000	1.000000	1.000000	1.000000	317.000000	1274.000000	1467.000000	772.000000	1.000000	1.000000	948.000000	1464.000000	1025.000000	2063.000000	525.000000	1.000000	984.000000	1722.000000
1.000000	1158.000000	3462.000000	395.000000	1.000000	1.000000	1.000000	1.000000	898.000000	2621.000000	1366.000000	1.000000	1.000000	1791.000000	2517.000000	1169.000000	2069.000000	1249.000000	1.000000	503.000000	2256.000000
1.000000	2411.000000	3172.000000	279.000000	1.000000	575.000000	329.000000	1.000000	882.000000	2374.000000	890.000000	1.000000	1.000000	455.000000	2097.000000	403.000000	785.000000	1883.000000	1.000000	165.000000	2750.000000
1.000000	1489.000000	2997.000000	1.000000	1.000000	759.000000	277.000000	233.000000	769.000000	1287.000000	610.000000	124.000000	1.000000	1.000000	1436.000000	337.000000	295.000000	2151.000000	1.000000	1.000000	1689.000000
1.000000	674.000000	2613.000000	1.000000	1.000000	664.000000	1.000000	1.000000	617.000000	720.000000	769.000000	1067.000000	1.000000	1.000000	1006.000000	537.000000	442.000000	2226.000000	1.000000	1.000000	317.000000
225.000000	153.000000	1097.000000	153.000000	1.000000	406.000000	1.000000	149.000000	1.000000	1.000000	700.000000	1319.000000	1.000000	1.000000	768.000000	1304.000000	1069.000000	779.000000	1.000000	507.000000	255.000000
1506.000000	309.000000	404.000000	751.000000	1.000000	282.000000	1.000000	327.000000	1.000000	1.000000	620.000000	1433.000000	355.000000	1.000000	226.000000	701.000000	1722.000000	486.000000	1.000000	1.000000	119.000000
2338.000000	520.000000	1.000000	526.000000	643.000000	1.000000	1.000000	465.000000	1.000000	1.000000	167.000000	1424.000000	700.000000	1.000000	221.000000	648.000000	1549.000000	677.000000	1109.000000	487.000000	1.000000
1847.000000	838.000000	1.000000	755.000000	1281.000000	1.000000	1.000000	745.000000	993.000000	1.000000	1.000000	579.000000	239.000000	500.000000	925.000000	992.000000	1515.000000	137.000000	493.000000	467.000000	554.000000
863.000000	445.000000	133.000000	2094.000000	1640.000000	1.000000	1.000000	773.000000	1035.000000	481.000000	1.000000	1029.000000	664.000000	536.000000	925.000000	1850.000000	1900.000000	1.000000	1.000000	479.000000	555.000000
1.000000	1.000000	303.000000	2819.000000	1969.000000	1.000000	1.000000	1749.000000	436.000000	483.000000	1.000000	1334.000000	1020.000000	349.000000	221.000000	1701.000000	1744.000000	1.000000	463.000000	1134.000000	139.000000
285.000000	137.000000	511.000000	2678.000000	1567.000000	1.000000	1.000000	2064.000000	452.000000	1.000000	1.000000	1721.000000	1237.000000	1.000000	1.000000	1305.000000	1356.000000	1.000000	579.000000	1455.000000	1.000000
220.000000	147.000000	399.000000	2371.000000	1269.000000	1.000000	385.000000	2098.000000	882.000000	1.000000	1.000000	1978.000000	872.000000	1.000000	1.000000	686.000000	1251.000000	1.000000	688.000000	1510.000000	1.000000
140.000000	424.000000	177.000000	2634.000000	1080.000000	1.000000	175.000000	2135.000000	1235.000000	186.000000	1.000000	740.000000	674.000000	1.000000	1.000000	1737.000000	1372.000000	1.000000	450.000000	1112.000000	135.000000
140.000000	292.000000	153.000000	3006.000000	1853.000000	1.000000	1.000000	1802.000000	1689.000000	188.000000	1.000000	272.000000	418.000000	1.000000	187.000000	2433.000000	1198.000000	1.000000	450.000000	1022.000000	299.000000
282.000000	359.000000	155.000000	2627.000000	2344.000000	1.000000	1.000000	444.000000	973.000000	1.000000	1.000000	1.000000	129.000000	340.000000	214.000000	2173.000000	962.000000	1.000000	1146.000000	1264.000000	445.000000
143.000000	139.000000	1.000000	1165.000000	1075.000000	1.000000	1.000000	1.000000	1.000000	1.000000	1.000000	373.000000	121.000000	327.000000	639.000000	1616.000000	491.000000	1.000000	891.000000	667.000000	417.000000
1.000000	1.000000	1.000000	1.000000	1.000000	1.000000	1.000000	1.000000	1.000000	1.000000	1.000000	1.000000	1.000000	1.000000	1.000000	1.000000	1.000000	1.000000	1.000000	1.000000	1.000000
