21 25 0
320.000000	661.000000	673.000000	1031.000000	195.000000	147.000000	1.000000	1.000000	327.000000	413.000000	627.000000	1.000000	1.000000	1.000000	1.000000	1.000000	1.000000	1.000000	941.000000	1188.000000	1402.000000
1398.000000	1096.000000	367.000000	149.000000	372.000000	374.000000	680.000000	1406.000000	2420.000000	2814.000000	2907.000000	2550.000000	1583.000000	919.000000	611.000000	1.000000	1.000000	1.000000	1.000000	576.000000	1217.000000
572.000000	385.000000	1.000000	1.000000	528.000000	2313.000000	2480.000000	2319.000000	1670.000000	1617.000000	1924.000000	2176.000000	2443.000000	2798.000000	3115.000000	1791.000000	771.000000	1.000000	1.000000	1.000000	1.000000
1.000000	1.000000	1.000000	1114.000000	1994.000000	972.000000	870.000000	189.000000	1.000000	1.000000	1.000000	1.000000	171.000000	476.000000	1098.000000	2375.000000	2758.000000	681.000000	1.000000	1.000000	1.000000
1.000000	1.000000	443.000000	593.000000	339.000000	1.000000	257.000000	846.000000	833.000000	434.000000	431.000000	291.000000	765.000000	717.000000	121.000000	1.000000	2667.000000	1580.000000	833.000000	142.000000	1.000000
1.000000	1.000000	1729.000000	1508.000000	445.000000	135.000000	347.000000	619.000000	873.000000	1026.000000	989.000000	489.000000	284.000000	126.000000	1.000000	1.000000	489.000000	2935.000000	1.000000	1.000000	1.000000
1.000000	1.000000	392.000000	392.000000	1.000000	449.000000	1.000000	1.000000	1.000000	1.000000	1.000000	1.000000	1.000000	1.000000	1.000000	137.000000	1.000000	1.000000	469.000000	1.000000	1.000000
1.000000	1.000000	1.000000	191.000000	161.000000	171.000000	169.000000	161.000000	1.000000	121.000000	521.000000	395.000000	393.000000	443.000000	435.000000	1.000000	1.000000	1.000000	1.000000	1.000000	1.000000
68.000000	1.000000	1.000000	1.000000	1.000000	1.000000	654.000000	1723.000000	766.000000	437.000000	628.000000	185.000000	1.000000	431.000000	183.000000	1.000000	1.000000	503.000000	503.000000	263.000000	1.000000
380.000000	873.000000	872.000000	1.000000	167.000000	951.000000	1328.000000	1517.000000	1070.000000	389.000000	1.000000	963.000000	2365.000000	2261.000000	1780.000000	1193.000000	325.000000	1.000000	1.000000	663.000000	660.000000
1585.000000	1260.000000	297.000000	595.000000	1351.000000	1731.000000	1716.000000	1732.000000	1469.000000	344.000000	1.000000	751.000000	2886.000000	2448.000000	1397.000000	772.000000	145.000000	1.000000	991.000000	1562.000000	1.000000
1191.000000	501.000000	1.000000	1.000000	1.000000	1.000000	186.000000	195.000000	192.000000	127.000000	1.000000	1.000000	1.000000	239.000000	243.000000	119.000000	1.000000	1.000000	1.000000	1.000000	1.000000
633.000000	491.000000	170.000000	1.000000	1.000000	1.000000	1.000000	1.000000	1.000000	1.000000	1.000000	1.000000	1.000000	1.000000	126.000000	1.000000	1.000000	1.000000	1.000000	1.000000	1.000000
501.000000	985.000000	671.000000	1.000000	159.000000	442.000000	1051.000000	1062.000000	696.000000	595.000000	662.000000	1023.000000	1738.000000	2274.000000	1474.000000	405.000000	1.000000	1.000000	635.000000	159.000000	1.000000
465.000000	997.000000	938.000000	353.000000	1.000000	1.000000	1.000000	150.000000	424.000000	874.000000	813.000000	278.000000	345.000000	344.000000	344.000000	798.000000	530.000000	995.000000	707.000000	1611.000000	483.000000
67.000000	1.000000	286.000000	403.000000	217.000000	915.000000	249.000000	231.000000	542.000000	563.000000	438.000000	432.000000	383.000000	383.000000	1.000000	1.000000	509.000000	370.000000	514.000000	1.000000	138.000000
140.000000	132.000000	128.000000	1.000000	659.000000	819.000000	1946.000000	2563.000000	1527.000000	264.000000	309.000000	563.000000	1757.000000	2321.000000	1256.000000	970.000000	1.000000	1.000000	1.000000	1.000000	137.000000
850.000000	705.000000	921.000000	425.000000	424.000000	247.000000	589.000000	1950.000000	1935.000000	273.000000	1.000000	473.000000	1249.000000	975.000000	839.000000	1.000000	1.000000	1.000000	155.000000	598.000000	301.000000
283.000000	708.000000	321.000000	1.000000	1.000000	1.000000	1.000000	1.000000	1.000000	708.000000	1392.000000	1313.000000	840.000000	505.000000	158.000000	1.000000	1.000000	456.000000	526.000000	445.000000	445.000000
1.000000	1.000000	151.000000	467.000000	465.000000	1.000000	1.000000	1.000000	507.000000	1203.000000	1558.000000	1520.000000	1099.000000	679.000000	1.000000	1.000000	915.000000	1796.000000	882.000000	131.000000	410.000000
143.000000	1.000000	1.000000	1.000000	1.000000	1.000000	153.000000	1.000000	1.000000	379.000000	616.000000	365.000000	171.000000	143.000000	1.000000	1.000000	645.000000	1631.000000	750.000000	1.000000	73.000000
435.000000	276.000000	1.000000	1.000000	1205.000000	1559.000000	649.000000	188.000000	161.000000	1.000000	1.000000	1.000000	1.000000	1.000000	178.000000	454.000000	173.000000	1.000000	1.000000	1.000000	1.000000
412.000000	136.000000	155.000000	1.000000	1.000000	443.000000	978.000000	888.000000	244.000000	1.000000	170.000000	595.000000	1.000000	378.000000	509.000000	297.000000	1.000000	1.000000	169.000000	1.000000	1.000000
1.000000	285.000000	285.000000	1.000000	1.000000	1.000000	1.000000	776.000000	385.000000	179.000000	177.000000	767.000000	213.000000	581.000000	161.000000	1.000000	1.000000	1.000000	1.000000	139.000000	1.000000
1.000000	1.000000	1.000000	1.000000	1.000000	1.000000	1.000000	1.000000	1.000000	1.000000	1.000000	1.000000	1.000000	1.000000	1.000000	1.000000	1.000000	1.000000	1.000000	1.000000	1.000000
