21 25 0
637.000000	163.000000	1.000000	326.000000	186.000000	1.000000	1102.000000	986.000000	560.000000	443.000000	1.000000	773.000000	314.000000	499.000000	136.000000	1.000000	163.000000	1.000000	1.000000	1.000000	1.000000
1.000000	1.000000	537.000000	1422.000000	450.000000	329.000000	321.000000	1.000000	1.000000	1.000000	1.000000	1.000000	1.000000	1.000000	1.000000	1.000000	1.000000	1.000000	1.000000	1.000000	1.000000
194.000000	917.000000	2031.000000	1326.000000	197.000000	1.000000	1.000000	1.000000	1.000000	1.000000	1.000000	1.000000	1.000000	1.000000	1.000000	1.000000	1.000000	1.000000	1.000000	1.000000	166.000000
644.000000	1889.000000	1754.000000	333.000000	1.000000	1.000000	1.000000	263.000000	702.000000	1010.000000	171.000000	1.000000	1.000000	1.000000	1.000000	1.000000	1.000000	1.000000	1.000000	1.000000	1.000000
581.000000	1761.000000	529.000000	1.000000	1.000000	333.000000	121.000000	128.000000	505.000000	297.000000	159.000000	198.000000	1.000000	1.000000	1.000000	1.000000	1.000000	1.000000	1.000000	1.000000	1.000000
149.000000	1332.000000	1.000000	1.000000	1.000000	1108.000000	151.000000	1.000000	713.000000	1.000000	1.000000	1.000000	1.000000	1177.000000	804.000000	1.000000	1.000000	141.000000	129.000000	1.000000	1.000000
695.000000	663.000000	1.000000	1.000000	1582.000000	629.000000	915.000000	1223.000000	915.000000	259.000000	309.000000	519.000000	2125.000000	1730.000000	876.000000	1.000000	1.000000	1.000000	943.000000	351.000000	1.000000
1624.000000	183.000000	1.000000	1.000000	1496.000000	959.000000	1394.000000	304.000000	208.000000	1.000000	1.000000	274.000000	1969.000000	809.000000	398.000000	1.000000	1.000000	1.000000	787.000000	459.000000	1.000000
1007.000000	183.000000	1.000000	687.000000	2635.000000	1253.000000	788.000000	1.000000	317.000000	1.000000	1.000000	1087.000000	1139.000000	434.000000	1.000000	1.000000	1.000000	1.000000	1.000000	1281.000000	1.000000
463.000000	1.000000	1.000000	2249.000000	1179.000000	1.000000	1.000000	1.000000	1.000000	1.000000	1.000000	466.000000	406.000000	1.000000	1.000000	1.000000	1.000000	1.000000	999.000000	1195.000000	1.000000
123.000000	1.000000	1.000000	702.000000	1.000000	1.000000	293.000000	1.000000	1.000000	1.000000	1.000000	1.000000	1.000000	1.000000	1.000000	1.000000	1.000000	1.000000	659.000000	157.000000	1.000000
1.000000	1.000000	1.000000	1.000000	1.000000	1.000000	573.000000	435.000000	479.000000	215.000000	211.000000	265.000000	969.000000	1965.000000	1.000000	1.000000	1.000000	1.000000	1519.000000	204.000000	1.000000
1.000000	1.000000	1.000000	269.000000	133.000000	316.000000	527.000000	864.000000	319.000000	663.000000	710.000000	220.000000	1320.000000	1186.000000	285.000000	1.000000	1.000000	801.000000	1636.000000	214.000000	359.000000
1.000000	1.000000	1.000000	1.000000	1.000000	221.000000	176.000000	1.000000	365.000000	317.000000	221.000000	1.000000	1.000000	1.000000	1.000000	1.000000	1.000000	199.000000	774.000000	196.000000	1307.000000
1.000000	1.000000	330.000000	1.000000	1.000000	165.000000	599.000000	664.000000	683.000000	1.000000	1.000000	1.000000	536.000000	1025.000000	642.000000	1.000000	1.000000	1.000000	1.000000	1629.000000	831.000000
1.000000	1.000000	1279.000000	1.000000	1.000000	188.000000	1263.000000	539.000000	1.000000	1.000000	1.000000	1.000000	1123.000000	1040.000000	1.000000	1.000000	1.000000	1.000000	1609.000000	2068.000000	875.000000
1.000000	975.000000	1345.000000	461.000000	1.000000	197.000000	289.000000	1.000000	1.000000	1.000000	159.000000	1.000000	1.000000	1.000000	1.000000	1.000000	1.000000	795.000000	2261.000000	877.000000	381.000000
1.000000	847.000000	824.000000	1.000000	1.000000	599.000000	158.000000	1.000000	1.000000	1241.000000	565.000000	1.000000	1.000000	1.000000	209.000000	1.000000	423.000000	2860.000000	1735.000000	193.000000	1.000000
1.000000	70.000000	1.000000	1.000000	1.000000	1472.000000	1.000000	1.000000	1.000000	1061.000000	348.000000	1.000000	1.000000	1.000000	203.000000	1.000000	1389.000000	2152.000000	466.000000	1.000000	1.000000
275.000000	149.000000	1.000000	1.000000	217.000000	2034.000000	221.000000	1.000000	1.000000	1.000000	1.000000	1.000000	527.000000	840.000000	685.000000	162.000000	1.000000	818.000000	1.000000	1.000000	1.000000
279.000000	135.000000	1.000000	1.000000	1.000000	821.000000	1.000000	1.000000	1.000000	219.000000	594.000000	787.000000	1150.000000	1574.000000	1538.000000	245.000000	1.000000	163.000000	401.000000	1.000000	226.000000
68.000000	1.000000	1.000000	1.000000	1.000000	1.000000	1.000000	1.000000	1.000000	1205.000000	1408.000000	965.000000	547.000000	1202.000000	729.000000	1.000000	189.000000	1359.000000	387.000000	143.000000	71.000000
1.000000	281.000000	1.000000	1.000000	1.000000	1.000000	126.000000	1.000000	1.000000	627.000000	1143.000000	173.000000	585.000000	525.000000	195.000000	1.000000	415.000000	2342.000000	125.000000	1.000000	1.000000
1.000000	143.000000	1.000000	1.000000	1.000000	157.000000	1.000000	1.000000	1.000000	447.000000	1.000000	1.000000	1.000000	1.000000	1.000000	1.000000	923.000000	944.000000	1.000000	1.000000	1.000000
1.000000	1.000000	1.000000	1.000000	1.000000	1.000000	1.000000	1.000000	1.000000	1.000000	1.000000	1.000000	1.000000	1.000000	1.000000	1.000000	1.000000	1.000000	1.000000	1.000000	1.000000
