21 25 0
349.000000	647.000000	667.000000	1.000000	143.000000	1.000000	1.000000	1.000000	1.000000	1.000000	1.000000	1.000000	1.000000	1.000000	1.000000	1.000000	142.000000	1.000000	321.000000	1.000000	153.000000
896.000000	1127.000000	389.000000	147.000000	1.000000	1.000000	1.000000	1289.000000	1485.000000	1494.000000	1491.000000	1366.000000	625.000000	1.000000	1.000000	1.000000	1.000000	1.000000	1.000000	1.000000	1.000000
930.000000	390.000000	1.000000	1.000000	1591.000000	1145.000000	1825.000000	2328.000000	1444.000000	677.000000	316.000000	373.000000	1042.000000	1909.000000	383.000000	394.000000	1.000000	1.000000	1.000000	1.000000	1.000000
153.000000	1.000000	1.000000	2435.000000	2791.000000	952.000000	210.000000	1.000000	1.000000	1.000000	1.000000	1.000000	1.000000	1.000000	1.000000	1.000000	1.000000	1.000000	1.000000	1.000000	1.000000
1.000000	1.000000	485.000000	2849.000000	1152.000000	1.000000	1.000000	1.000000	1.000000	1.000000	1.000000	1.000000	1.000000	1.000000	1.000000	1.000000	513.000000	1.000000	1.000000	271.000000	617.000000
1.000000	1.000000	1395.000000	2581.000000	413.000000	1.000000	1.000000	1.000000	1.000000	1.000000	319.000000	400.000000	1.000000	1.000000	1.000000	1.000000	1.000000	511.000000	1.000000	508.000000	167.000000
1.000000	1.000000	1981.000000	1430.000000	1.000000	1.000000	1.000000	1.000000	1.000000	1.000000	1.000000	1.000000	1.000000	1.000000	455.000000	364.000000	1.000000	1.000000	1.000000	1.000000	366.000000
1.000000	185.000000	2347.000000	393.000000	1.000000	1.000000	1.000000	511.000000	1.000000	492.000000	669.000000	1.000000	1.000000	397.000000	807.000000	1.000000	1.000000	1.000000	1.000000	1.000000	583.000000
1.000000	291.000000	3244.000000	431.000000	1.000000	1.000000	415.000000	897.000000	482.000000	2113.000000	521.000000	1.000000	1.000000	1.000000	1115.000000	797.000000	1.000000	1.000000	1.000000	1.000000	1.000000
1.000000	1498.000000	2330.000000	1.000000	1.000000	930.000000	768.000000	667.000000	1199.000000	1849.000000	123.000000	1.000000	1281.000000	1215.000000	1665.000000	862.000000	647.000000	230.000000	1.000000	1.000000	381.000000
245.000000	1558.000000	811.000000	1.000000	1.000000	1201.000000	1361.000000	710.000000	1152.000000	644.000000	1.000000	1.000000	1167.000000	433.000000	1078.000000	421.000000	131.000000	1.000000	1.000000	1.000000	181.000000
1.000000	275.000000	1.000000	1.000000	1.000000	1.000000	1.000000	157.000000	379.000000	1.000000	1.000000	1.000000	1.000000	1.000000	1.000000	1.000000	1.000000	299.000000	1.000000	1.000000	1.000000
181.000000	1.000000	1.000000	1.000000	1.000000	1.000000	1.000000	1.000000	1.000000	1.000000	1.000000	1.000000	431.000000	1.000000	1.000000	1.000000	1.000000	1.000000	1.000000	317.000000	505.000000
1.000000	1.000000	1.000000	1.000000	1.000000	281.000000	1.000000	311.000000	1.000000	1.000000	151.000000	1355.000000	175.000000	1.000000	1.000000	1.000000	193.000000	188.000000	499.000000	507.000000	419.000000
1.000000	503.000000	1.000000	1.000000	445.000000	225.000000	1.000000	1.000000	1.000000	1.000000	537.000000	1022.000000	363.000000	1.000000	221.000000	157.000000	877.000000	596.000000	1393.000000	912.000000	1.000000
1.000000	1.000000	1.000000	139.000000	514.000000	1.000000	1.000000	1.000000	775.000000	251.000000	1.000000	1.000000	1.000000	498.000000	1.000000	775.000000	1762.000000	135.000000	247.000000	1.000000	428.000000
1.000000	1.000000	1.000000	573.000000	1122.000000	1.000000	1.000000	1560.000000	2171.000000	1.000000	1.000000	349.000000	1110.000000	1269.000000	1103.000000	1305.000000	1879.000000	125.000000	1.000000	1.000000	805.000000
1.000000	1.000000	1.000000	1462.000000	737.000000	1.000000	329.000000	2357.000000	483.000000	1.000000	1.000000	971.000000	1099.000000	348.000000	1.000000	977.000000	923.000000	1.000000	155.000000	1047.000000	409.000000
1.000000	1.000000	345.000000	875.000000	346.000000	1.000000	1.000000	1.000000	1.000000	1.000000	220.000000	1391.000000	741.000000	1.000000	1.000000	1.000000	1.000000	1.000000	297.000000	806.000000	139.000000
141.000000	142.000000	1.000000	822.000000	467.000000	1.000000	1.000000	1.000000	1.000000	1.000000	361.000000	1247.000000	614.000000	1.000000	1.000000	1.000000	140.000000	1.000000	289.000000	269.000000	1.000000
144.000000	281.000000	1.000000	735.000000	1.000000	1.000000	1.000000	221.000000	1.000000	1.000000	1.000000	233.000000	163.000000	1.000000	1.000000	422.000000	899.000000	1.000000	359.000000	236.000000	1.000000
213.000000	278.000000	1.000000	943.000000	519.000000	1.000000	1.000000	1.000000	188.000000	1.000000	1.000000	1.000000	1.000000	1.000000	214.000000	1819.000000	1054.000000	1.000000	145.000000	157.000000	141.000000
292.000000	129.000000	145.000000	2011.000000	133.000000	1.000000	1.000000	201.000000	1.000000	1.000000	1.000000	1.000000	128.000000	539.000000	1096.000000	1270.000000	424.000000	1.000000	143.000000	299.000000	212.000000
195.000000	1.000000	1.000000	1369.000000	299.000000	1.000000	1.000000	1.000000	1.000000	1.000000	1.000000	147.000000	335.000000	517.000000	805.000000	462.000000	1.000000	1.000000	1.000000	159.000000	137.000000
1.000000	1.000000	1.000000	1.000000	1.000000	1.000000	1.000000	1.000000	1.000000	1.000000	1.000000	1.000000	1.000000	1.000000	1.000000	1.000000	1.000000	1.000000	1.000000	1.000000	1.000000
