21 25 0
524.000000	177.000000	1.000000	148.000000	405.000000	780.000000	1169.000000	1166.000000	1168.000000	1082.000000	1572.000000	2104.000000	2288.000000	2481.000000	1660.000000	1519.000000	913.000000	187.000000	1.000000	1.000000	1.000000
1.000000	1.000000	302.000000	645.000000	415.000000	840.000000	517.000000	1.000000	1.000000	1.000000	1.000000	1.000000	1.000000	581.000000	1333.000000	1703.000000	2113.000000	1664.000000	558.000000	319.000000	1.000000
387.000000	834.000000	1452.000000	911.000000	147.000000	1.000000	1.000000	1.000000	1.000000	159.000000	1.000000	1.000000	1.000000	1.000000	1.000000	1.000000	357.000000	1301.000000	1315.000000	1117.000000	716.000000
1265.000000	1413.000000	763.000000	1.000000	1.000000	1.000000	261.000000	942.000000	1869.000000	2364.000000	2279.000000	1773.000000	1186.000000	653.000000	260.000000	1.000000	1.000000	1.000000	946.000000	1045.000000	674.000000
351.000000	205.000000	1.000000	1.000000	1.000000	259.000000	695.000000	560.000000	255.000000	293.000000	468.000000	498.000000	634.000000	1152.000000	245.000000	1.000000	1.000000	1.000000	1.000000	738.000000	683.000000
1.000000	1.000000	1.000000	1.000000	153.000000	1265.000000	1150.000000	752.000000	265.000000	413.000000	123.000000	139.000000	760.000000	1808.000000	2212.000000	1041.000000	443.000000	1.000000	1.000000	1.000000	1.000000
314.000000	1.000000	1.000000	371.000000	539.000000	1312.000000	1981.000000	2523.000000	1618.000000	453.000000	520.000000	902.000000	2398.000000	2682.000000	1818.000000	857.000000	236.000000	1.000000	1.000000	1.000000	148.000000
471.000000	1.000000	1.000000	356.000000	355.000000	594.000000	1030.000000	731.000000	937.000000	171.000000	1.000000	1.000000	273.000000	1323.000000	423.000000	370.000000	133.000000	1.000000	1.000000	1.000000	1.000000
719.000000	1.000000	1.000000	975.000000	1300.000000	867.000000	743.000000	327.000000	123.000000	1.000000	257.000000	1.000000	1.000000	401.000000	1608.000000	1009.000000	517.000000	1.000000	1.000000	1.000000	364.000000
1.000000	1.000000	1.000000	257.000000	255.000000	283.000000	215.000000	215.000000	199.000000	1.000000	1.000000	1.000000	1.000000	1.000000	1.000000	1.000000	1.000000	1.000000	1.000000	1.000000	141.000000
1.000000	1005.000000	1003.000000	1.000000	1.000000	1.000000	1.000000	1.000000	1.000000	1.000000	1.000000	1.000000	1.000000	1.000000	1.000000	1.000000	1.000000	1.000000	318.000000	1.000000	1.000000
1.000000	503.000000	627.000000	860.000000	520.000000	778.000000	909.000000	636.000000	688.000000	1063.000000	1406.000000	1785.000000	1681.000000	2533.000000	1402.000000	1005.000000	246.000000	611.000000	477.000000	1.000000	1.000000
481.000000	1.000000	275.000000	137.000000	1.000000	1129.000000	1471.000000	777.000000	929.000000	1632.000000	1850.000000	1807.000000	738.000000	1634.000000	1863.000000	1548.000000	756.000000	730.000000	1.000000	1.000000	1.000000
320.000000	1.000000	1.000000	1.000000	1.000000	193.000000	1.000000	179.000000	1.000000	372.000000	445.000000	225.000000	1.000000	1.000000	1.000000	236.000000	1094.000000	451.000000	1.000000	158.000000	240.000000
139.000000	220.000000	330.000000	301.000000	245.000000	273.000000	391.000000	1064.000000	753.000000	253.000000	303.000000	583.000000	1443.000000	1083.000000	237.000000	1.000000	1.000000	1.000000	1.000000	829.000000	592.000000
205.000000	1907.000000	2333.000000	429.000000	1.000000	1.000000	876.000000	1564.000000	1500.000000	193.000000	231.000000	846.000000	1855.000000	1995.000000	1328.000000	1.000000	1.000000	223.000000	1637.000000	1839.000000	1.000000
467.000000	1569.000000	2663.000000	1065.000000	245.000000	1.000000	1.000000	1.000000	1.000000	1.000000	193.000000	1.000000	1.000000	1.000000	1.000000	1.000000	1.000000	449.000000	1866.000000	1649.000000	489.000000
1.000000	654.000000	1304.000000	675.000000	551.000000	355.000000	152.000000	1.000000	1.000000	1.000000	316.000000	620.000000	577.000000	386.000000	1.000000	371.000000	369.000000	417.000000	1237.000000	495.000000	1.000000
140.000000	1.000000	1.000000	1.000000	579.000000	891.000000	937.000000	659.000000	159.000000	389.000000	640.000000	871.000000	956.000000	1117.000000	332.000000	1.000000	1075.000000	1345.000000	401.000000	1.000000	1.000000
420.000000	1.000000	1.000000	1.000000	1.000000	511.000000	883.000000	279.000000	190.000000	1.000000	1.000000	1.000000	263.000000	452.000000	151.000000	255.000000	209.000000	1.000000	1.000000	1.000000	1.000000
1.000000	1.000000	1.000000	1.000000	1.000000	1.000000	535.000000	1278.000000	1461.000000	1354.000000	1056.000000	1212.000000	1354.000000	1383.000000	557.000000	1.000000	1.000000	439.000000	439.000000	293.000000	358.000000
206.000000	1.000000	1.000000	1.000000	1.000000	1.000000	1.000000	662.000000	1734.000000	1714.000000	1463.000000	1653.000000	1862.000000	1192.000000	339.000000	1.000000	1.000000	399.000000	397.000000	143.000000	281.000000
1.000000	1.000000	1.000000	1.000000	1.000000	1.000000	1.000000	1.000000	476.000000	910.000000	1073.000000	994.000000	898.000000	525.000000	1.000000	1.000000	1.000000	385.000000	385.000000	129.000000	131.000000
1.000000	1.000000	1.000000	1.000000	153.000000	143.000000	1.000000	1.000000	1.000000	1.000000	1.000000	1.000000	1.000000	1.000000	1.000000	1.000000	139.000000	1.000000	1.000000	1.000000	1.000000
1.000000	1.000000	1.000000	1.000000	1.000000	1.000000	1.000000	1.000000	1.000000	1.000000	1.000000	1.000000	1.000000	1.000000	1.000000	1.000000	1.000000	1.000000	1.000000	1.000000	1.000000
