21 25 0
1.000000	163.000000	1.000000	173.000000	516.000000	141.000000	1.000000	1.000000	1.000000	1.000000	795.000000	2058.000000	1488.000000	1322.000000	1052.000000	938.000000	153.000000	1.000000	141.000000	295.000000	1.000000
1.000000	1.000000	1.000000	1.000000	173.000000	82.000000	1.000000	1.000000	1.000000	1.000000	1.000000	1.000000	1.000000	1.000000	896.000000	1354.000000	1713.000000	1766.000000	617.000000	380.000000	266.000000
1.000000	1.000000	1.000000	539.000000	1.000000	1.000000	1.000000	1.000000	1.000000	1.000000	1.000000	1.000000	1.000000	1.000000	1.000000	1.000000	922.000000	1563.000000	1823.000000	1115.000000	236.000000
1.000000	1.000000	171.000000	402.000000	357.000000	385.000000	1.000000	1.000000	1.000000	372.000000	1158.000000	539.000000	199.000000	1.000000	245.000000	1.000000	1.000000	2023.000000	2114.000000	2095.000000	866.000000
1.000000	1.000000	209.000000	1.000000	1.000000	1.000000	1.000000	1.000000	1.000000	1.000000	499.000000	650.000000	486.000000	147.000000	392.000000	738.000000	1.000000	1.000000	1738.000000	1392.000000	1354.000000
1.000000	1.000000	1.000000	1.000000	1.000000	1.000000	290.000000	485.000000	1.000000	1.000000	1.000000	149.000000	1197.000000	263.000000	964.000000	2311.000000	597.000000	1.000000	1.000000	1660.000000	1667.000000
1.000000	1.000000	1.000000	1.000000	1.000000	1.000000	1064.000000	1847.000000	1251.000000	1.000000	155.000000	1.000000	749.000000	2086.000000	1199.000000	1758.000000	1506.000000	124.000000	1.000000	1073.000000	1500.000000
1.000000	1.000000	995.000000	1.000000	1.000000	1.000000	1.000000	980.000000	2476.000000	676.000000	1.000000	1.000000	1.000000	1413.000000	1261.000000	1078.000000	1602.000000	1.000000	1.000000	389.000000	1635.000000
1.000000	1295.000000	1046.000000	1.000000	1.000000	1.000000	1.000000	1.000000	295.000000	1967.000000	257.000000	1.000000	1.000000	1310.000000	1021.000000	1128.000000	1541.000000	979.000000	1.000000	193.000000	1198.000000
1.000000	1346.000000	481.000000	1.000000	1.000000	1.000000	1.000000	1.000000	215.000000	1228.000000	841.000000	1.000000	1.000000	1.000000	827.000000	694.000000	513.000000	309.000000	1.000000	1.000000	506.000000
1.000000	1174.000000	2480.000000	1.000000	1.000000	1.000000	1.000000	1.000000	1.000000	1.000000	628.000000	1.000000	1.000000	1.000000	1.000000	348.000000	1.000000	137.000000	424.000000	1.000000	135.000000
1.000000	293.000000	2608.000000	279.000000	1.000000	1.000000	1.000000	1.000000	344.000000	966.000000	1446.000000	1341.000000	743.000000	1.000000	953.000000	619.000000	194.000000	133.000000	1.000000	1.000000	1.000000
479.000000	153.000000	1711.000000	504.000000	1.000000	1.000000	451.000000	1.000000	398.000000	573.000000	971.000000	1599.000000	478.000000	1.000000	1453.000000	1873.000000	786.000000	165.000000	1.000000	1.000000	1.000000
2021.000000	361.000000	560.000000	870.000000	1.000000	1.000000	1.000000	162.000000	1.000000	1.000000	283.000000	774.000000	244.000000	1.000000	1.000000	1208.000000	1561.000000	182.000000	1.000000	1.000000	1.000000
1915.000000	1208.000000	310.000000	289.000000	1.000000	1.000000	573.000000	603.000000	162.000000	1.000000	1.000000	702.000000	1553.000000	516.000000	1.000000	1.000000	293.000000	1.000000	1.000000	1.000000	162.000000
1354.000000	2291.000000	587.000000	453.000000	1.000000	1.000000	1.000000	1302.000000	960.000000	1.000000	1.000000	193.000000	682.000000	896.000000	1254.000000	213.000000	607.000000	1.000000	963.000000	497.000000	1.000000
637.000000	1331.000000	1665.000000	1790.000000	446.000000	1.000000	1.000000	1.000000	1.000000	1.000000	229.000000	477.000000	1.000000	1.000000	805.000000	1236.000000	719.000000	1.000000	667.000000	661.000000	1.000000
1.000000	1.000000	961.000000	2152.000000	1365.000000	1.000000	1.000000	1.000000	1.000000	1.000000	1.000000	781.000000	566.000000	266.000000	1.000000	1224.000000	515.000000	1.000000	1.000000	495.000000	1.000000
144.000000	1.000000	1.000000	1090.000000	1274.000000	1.000000	380.000000	1479.000000	186.000000	1.000000	1.000000	659.000000	552.000000	1.000000	1.000000	637.000000	551.000000	1.000000	1.000000	1.000000	1.000000
1.000000	1.000000	1.000000	167.000000	364.000000	1.000000	994.000000	2016.000000	903.000000	1.000000	1.000000	1.000000	1.000000	1.000000	1.000000	340.000000	345.000000	1.000000	155.000000	157.000000	1.000000
1.000000	1.000000	1.000000	1600.000000	278.000000	1.000000	1177.000000	1959.000000	1695.000000	235.000000	402.000000	722.000000	663.000000	195.000000	1.000000	1.000000	1.000000	1.000000	146.000000	612.000000	1.000000
1.000000	1.000000	1.000000	1869.000000	757.000000	1.000000	1.000000	1272.000000	1760.000000	369.000000	1.000000	1096.000000	1391.000000	347.000000	1.000000	322.000000	1.000000	1.000000	1.000000	761.000000	306.000000
1.000000	1.000000	1.000000	983.000000	2062.000000	1.000000	1.000000	1.000000	728.000000	613.000000	139.000000	782.000000	643.000000	286.000000	1.000000	188.000000	234.000000	1.000000	1.000000	414.000000	742.000000
1.000000	1.000000	1.000000	231.000000	1349.000000	209.000000	1.000000	1.000000	1.000000	1.000000	1.000000	1.000000	1.000000	121.000000	1.000000	1.000000	511.000000	1.000000	1.000000	1.000000	255.000000
1.000000	1.000000	1.000000	1.000000	1.000000	1.000000	1.000000	1.000000	1.000000	1.000000	1.000000	1.000000	1.000000	1.000000	1.000000	1.000000	1.000000	1.000000	1.000000	1.000000	1.000000
