21 25 0
159.000000	1.000000	156.000000	906.000000	1.000000	195.000000	1300.000000	1.000000	473.000000	1697.000000	1.000000	1.000000	1.000000	1.000000	306.000000	1.000000	1.000000	1.000000	154.000000	579.000000	1057.000000
1.000000	1.000000	584.000000	1028.000000	1.000000	825.000000	366.000000	1.000000	351.000000	834.000000	1.000000	1.000000	417.000000	395.000000	1.000000	1.000000	1.000000	1.000000	1.000000	245.000000	996.000000
177.000000	1418.000000	1996.000000	420.000000	1.000000	603.000000	1.000000	1.000000	1.000000	383.000000	379.000000	1.000000	419.000000	769.000000	1.000000	469.000000	995.000000	1.000000	1.000000	1.000000	862.000000
508.000000	1954.000000	1626.000000	1.000000	1.000000	1939.000000	1.000000	1.000000	157.000000	293.000000	1.000000	1.000000	1.000000	374.000000	1.000000	1361.000000	2327.000000	967.000000	1.000000	1.000000	347.000000
781.000000	2417.000000	417.000000	1.000000	447.000000	1828.000000	1.000000	1.000000	939.000000	804.000000	1.000000	1.000000	1.000000	1.000000	1.000000	1.000000	2472.000000	2946.000000	756.000000	1.000000	195.000000
1036.000000	1920.000000	1.000000	1.000000	449.000000	1561.000000	1.000000	1.000000	327.000000	838.000000	1.000000	1.000000	1.000000	1.000000	1.000000	1.000000	1141.000000	3087.000000	1382.000000	1.000000	1.000000
1063.000000	1620.000000	1.000000	1.000000	1306.000000	1370.000000	739.000000	1.000000	175.000000	1.000000	1.000000	498.000000	639.000000	1.000000	1.000000	1.000000	1.000000	2550.000000	2635.000000	673.000000	1.000000
1355.000000	979.000000	1.000000	373.000000	2153.000000	794.000000	1388.000000	339.000000	1.000000	1.000000	212.000000	2257.000000	2580.000000	250.000000	1.000000	1.000000	1.000000	1535.000000	3115.000000	853.000000	1.000000
2383.000000	397.000000	1.000000	1945.000000	2709.000000	652.000000	807.000000	453.000000	1.000000	1.000000	190.000000	2799.000000	3145.000000	278.000000	1.000000	1.000000	1.000000	507.000000	3105.000000	1710.000000	1.000000
2546.000000	1.000000	1.000000	3167.000000	1743.000000	305.000000	216.000000	712.000000	1.000000	1.000000	1.000000	1295.000000	3165.000000	1.000000	1.000000	171.000000	1.000000	250.000000	3117.000000	2239.000000	260.000000
2620.000000	1.000000	441.000000	2827.000000	1109.000000	1.000000	1.000000	637.000000	1.000000	1.000000	1.000000	423.000000	1969.000000	639.000000	1.000000	1.000000	1.000000	181.000000	2491.000000	2033.000000	425.000000
1167.000000	658.000000	1.000000	1405.000000	777.000000	1.000000	689.000000	335.000000	547.000000	1.000000	1.000000	1.000000	1067.000000	1514.000000	1.000000	1.000000	1.000000	181.000000	1541.000000	2034.000000	775.000000
915.000000	1973.000000	1.000000	275.000000	679.000000	155.000000	545.000000	195.000000	547.000000	151.000000	1.000000	1.000000	499.000000	1512.000000	167.000000	1.000000	173.000000	327.000000	914.000000	833.000000	712.000000
295.000000	1427.000000	745.000000	1.000000	269.000000	507.000000	1.000000	163.000000	817.000000	475.000000	126.000000	1.000000	167.000000	1588.000000	981.000000	1.000000	1.000000	199.000000	569.000000	863.000000	1011.000000
1.000000	909.000000	1269.000000	1.000000	289.000000	822.000000	855.000000	159.000000	205.000000	687.000000	169.000000	1.000000	1.000000	1051.000000	1109.000000	1.000000	1.000000	1.000000	350.000000	2206.000000	1495.000000
130.000000	337.000000	1343.000000	1.000000	128.000000	2074.000000	1524.000000	1.000000	1.000000	303.000000	510.000000	1.000000	1.000000	463.000000	1061.000000	1.000000	222.000000	1.000000	921.000000	1393.000000	1037.000000
412.000000	1.000000	351.000000	1.000000	1.000000	1951.000000	1530.000000	1.000000	1.000000	1189.000000	741.000000	1.000000	1.000000	907.000000	371.000000	1.000000	371.000000	1713.000000	1725.000000	207.000000	68.000000
646.000000	1005.000000	781.000000	1.000000	361.000000	2321.000000	613.000000	1.000000	355.000000	1703.000000	821.000000	1.000000	1.000000	1354.000000	825.000000	1.000000	467.000000	2720.000000	2303.000000	1.000000	1.000000
559.000000	1092.000000	1257.000000	1.000000	361.000000	2039.000000	217.000000	1.000000	603.000000	2033.000000	911.000000	1.000000	1.000000	1034.000000	1328.000000	239.000000	659.000000	2791.000000	1286.000000	1.000000	440.000000
281.000000	681.000000	1086.000000	1.000000	589.000000	2390.000000	147.000000	1.000000	177.000000	1996.000000	899.000000	1.000000	203.000000	1097.000000	1620.000000	159.000000	579.000000	2295.000000	882.000000	1.000000	715.000000
284.000000	557.000000	987.000000	1.000000	597.000000	2916.000000	236.000000	1.000000	1.000000	1678.000000	606.000000	1.000000	203.000000	1048.000000	1784.000000	161.000000	315.000000	2583.000000	960.000000	1.000000	514.000000
276.000000	568.000000	1749.000000	1.000000	183.000000	3217.000000	958.000000	166.000000	1.000000	939.000000	602.000000	1.000000	1.000000	608.000000	1205.000000	1.000000	461.000000	2973.000000	1040.000000	1.000000	1.000000
275.000000	569.000000	1906.000000	1.000000	1.000000	2765.000000	1571.000000	170.000000	1.000000	861.000000	1144.000000	199.000000	1.000000	189.000000	195.000000	1.000000	1179.000000	2453.000000	667.000000	1.000000	70.000000
143.000000	419.000000	875.000000	1.000000	1.000000	927.000000	947.000000	165.000000	1.000000	397.000000	607.000000	1.000000	1.000000	1.000000	1.000000	1.000000	895.000000	1937.000000	430.000000	149.000000	1.000000
1.000000	1.000000	1.000000	1.000000	1.000000	1.000000	1.000000	1.000000	1.000000	1.000000	1.000000	1.000000	1.000000	1.000000	1.000000	1.000000	1.000000	1.000000	1.000000	1.000000	1.000000
