21 25 0
1.000000	783.000000	773.000000	1958.000000	1199.000000	611.000000	287.000000	1.000000	1.000000	1.000000	1.000000	1.000000	1.000000	1.000000	397.000000	529.000000	847.000000	354.000000	210.000000	1.000000	1.000000
1.000000	810.000000	1487.000000	1929.000000	621.000000	431.000000	1.000000	132.000000	91.000000	1.000000	1.000000	1.000000	285.000000	1.000000	305.000000	402.000000	651.000000	1.000000	177.000000	340.000000	1.000000
689.000000	1175.000000	1874.000000	543.000000	473.000000	1.000000	1.000000	134.000000	1.000000	1.000000	183.000000	631.000000	740.000000	310.000000	140.000000	284.000000	1.000000	1.000000	363.000000	176.000000	135.000000
679.000000	1652.000000	1395.000000	429.000000	479.000000	361.000000	1.000000	1.000000	1.000000	1.000000	170.000000	499.000000	1066.000000	1030.000000	1.000000	298.000000	220.000000	169.000000	325.000000	149.000000	1.000000
1009.000000	2172.000000	455.000000	447.000000	465.000000	362.000000	449.000000	1.000000	1.000000	349.000000	234.000000	334.000000	537.000000	147.000000	647.000000	501.000000	221.000000	135.000000	1.000000	481.000000	677.000000
1575.000000	1459.000000	1.000000	429.000000	1.000000	1.000000	451.000000	1.000000	1.000000	1408.000000	1361.000000	1.000000	1.000000	1.000000	1.000000	1537.000000	1.000000	1.000000	195.000000	239.000000	775.000000
1969.000000	1422.000000	1.000000	657.000000	528.000000	461.000000	1.000000	1.000000	1.000000	2577.000000	1933.000000	1.000000	1.000000	1.000000	199.000000	1698.000000	1.000000	1.000000	154.000000	367.000000	351.000000
2442.000000	996.000000	505.000000	619.000000	661.000000	485.000000	305.000000	442.000000	1.000000	3082.000000	2107.000000	1.000000	1.000000	1147.000000	513.000000	2133.000000	916.000000	271.000000	1.000000	649.000000	300.000000
2250.000000	520.000000	511.000000	413.000000	282.000000	1.000000	695.000000	511.000000	307.000000	2495.000000	1645.000000	1.000000	1.000000	1132.000000	399.000000	773.000000	982.000000	1345.000000	849.000000	355.000000	162.000000
1822.000000	496.000000	491.000000	411.000000	1.000000	1.000000	232.000000	359.000000	240.000000	1459.000000	781.000000	1.000000	157.000000	1061.000000	1.000000	1.000000	858.000000	1807.000000	1978.000000	357.000000	147.000000
1875.000000	790.000000	489.000000	541.000000	291.000000	1.000000	1.000000	359.000000	1.000000	913.000000	823.000000	1.000000	903.000000	1626.000000	1.000000	1.000000	845.000000	1520.000000	2098.000000	297.000000	148.000000
1360.000000	615.000000	419.000000	1027.000000	294.000000	1.000000	1.000000	300.000000	1.000000	1097.000000	1180.000000	1.000000	861.000000	2403.000000	509.000000	1.000000	733.000000	1229.000000	845.000000	485.000000	199.000000
794.000000	401.000000	419.000000	441.000000	155.000000	1.000000	1.000000	433.000000	181.000000	1147.000000	477.000000	1.000000	673.000000	2280.000000	535.000000	158.000000	979.000000	1076.000000	1.000000	956.000000	420.000000
1160.000000	561.000000	421.000000	1.000000	1.000000	172.000000	163.000000	714.000000	1.000000	561.000000	1.000000	1.000000	549.000000	934.000000	524.000000	728.000000	523.000000	791.000000	1.000000	629.000000	373.000000
2014.000000	1457.000000	415.000000	183.000000	1.000000	426.000000	595.000000	426.000000	1.000000	393.000000	1.000000	1.000000	461.000000	283.000000	196.000000	1505.000000	559.000000	127.000000	1.000000	1.000000	415.000000
1985.000000	1481.000000	489.000000	237.000000	1.000000	1.000000	1.000000	1.000000	1310.000000	395.000000	1.000000	1.000000	210.000000	230.000000	135.000000	1122.000000	811.000000	127.000000	909.000000	278.000000	549.000000
1309.000000	1471.000000	659.000000	483.000000	129.000000	1.000000	1.000000	469.000000	1221.000000	395.000000	1.000000	1.000000	436.000000	1674.000000	701.000000	153.000000	807.000000	1.000000	693.000000	963.000000	380.000000
1279.000000	1481.000000	871.000000	485.000000	1.000000	1.000000	154.000000	1.000000	723.000000	1.000000	1.000000	1.000000	704.000000	1765.000000	1120.000000	1.000000	731.000000	434.000000	316.000000	1377.000000	607.000000
1294.000000	1818.000000	1433.000000	445.000000	153.000000	133.000000	156.000000	1.000000	1.000000	1.000000	1.000000	301.000000	767.000000	1170.000000	218.000000	229.000000	325.000000	740.000000	339.000000	1494.000000	482.000000
1052.000000	1559.000000	1353.000000	445.000000	823.000000	246.000000	1.000000	1.000000	1.000000	1.000000	1.000000	179.000000	579.000000	317.000000	1.000000	908.000000	278.000000	429.000000	458.000000	1074.000000	413.000000
876.000000	1422.000000	1184.000000	1.000000	1486.000000	1424.000000	366.000000	836.000000	1.000000	1.000000	1.000000	149.000000	1.000000	414.000000	1.000000	1410.000000	972.000000	674.000000	1013.000000	469.000000	135.000000
590.000000	993.000000	1163.000000	1.000000	1263.000000	1969.000000	366.000000	565.000000	1.000000	1.000000	1.000000	1.000000	1.000000	346.000000	1.000000	1876.000000	1157.000000	599.000000	1098.000000	546.000000	441.000000
284.000000	779.000000	1186.000000	1.000000	445.000000	790.000000	329.000000	1.000000	1.000000	228.000000	1.000000	1.000000	216.000000	1.000000	330.000000	1371.000000	687.000000	448.000000	1523.000000	556.000000	461.000000
1.000000	699.000000	489.000000	153.000000	1.000000	1.000000	1.000000	1.000000	1.000000	229.000000	1.000000	1.000000	1.000000	1.000000	421.000000	373.000000	75.000000	133.000000	913.000000	229.000000	259.000000
1.000000	1.000000	1.000000	1.000000	1.000000	1.000000	1.000000	1.000000	1.000000	1.000000	1.000000	1.000000	1.000000	1.000000	1.000000	1.000000	1.000000	1.000000	1.000000	1.000000	1.000000
