21 25 0
1.000000	1.000000	1.000000	1.000000	1.000000	1.000000	495.000000	435.000000	338.000000	316.000000	995.000000	845.000000	134.000000	1.000000	597.000000	1565.000000	980.000000	336.000000	235.000000	195.000000	1.000000
1.000000	1.000000	1.000000	1.000000	1.000000	145.000000	260.000000	485.000000	785.000000	961.000000	955.000000	737.000000	1207.000000	145.000000	207.000000	901.000000	1082.000000	977.000000	581.000000	578.000000	381.000000
1.000000	1.000000	1.000000	1.000000	1.000000	1.000000	1.000000	147.000000	1.000000	145.000000	655.000000	812.000000	1503.000000	559.000000	215.000000	284.000000	292.000000	313.000000	137.000000	323.000000	627.000000
1.000000	1.000000	1.000000	433.000000	857.000000	363.000000	833.000000	435.000000	1.000000	1.000000	1.000000	149.000000	287.000000	565.000000	1.000000	299.000000	488.000000	270.000000	762.000000	274.000000	1.000000
1.000000	1.000000	1.000000	1.000000	433.000000	1068.000000	1389.000000	2117.000000	1610.000000	674.000000	235.000000	135.000000	316.000000	565.000000	1978.000000	827.000000	292.000000	246.000000	171.000000	1020.000000	346.000000
481.000000	1.000000	1.000000	1.000000	449.000000	1.000000	475.000000	451.000000	1456.000000	1714.000000	283.000000	135.000000	925.000000	651.000000	1501.000000	2609.000000	1413.000000	1.000000	224.000000	187.000000	872.000000
1.000000	208.000000	437.000000	295.000000	985.000000	1180.000000	391.000000	1.000000	1.000000	842.000000	1.000000	1.000000	336.000000	235.000000	1.000000	493.000000	499.000000	1.000000	1.000000	155.000000	195.000000
176.000000	176.000000	1.000000	343.000000	251.000000	1705.000000	2252.000000	881.000000	1.000000	1449.000000	1084.000000	1.000000	1.000000	1.000000	778.000000	1925.000000	881.000000	271.000000	1.000000	389.000000	164.000000
1317.000000	209.000000	1.000000	1.000000	302.000000	1.000000	1.000000	1.000000	1.000000	319.000000	221.000000	1.000000	1.000000	447.000000	387.000000	1536.000000	1616.000000	1818.000000	553.000000	165.000000	1.000000
1651.000000	283.000000	1.000000	411.000000	1.000000	1.000000	1.000000	1.000000	1.000000	1.000000	1.000000	1.000000	1.000000	1.000000	1.000000	203.000000	1.000000	841.000000	899.000000	1.000000	1.000000
1744.000000	608.000000	807.000000	644.000000	461.000000	155.000000	221.000000	1.000000	1.000000	1.000000	1.000000	1.000000	1058.000000	689.000000	1.000000	1.000000	1.000000	1.000000	175.000000	1.000000	1.000000
665.000000	454.000000	578.000000	663.000000	661.000000	262.000000	540.000000	1048.000000	478.000000	834.000000	339.000000	1.000000	841.000000	2069.000000	305.000000	283.000000	134.000000	231.000000	1.000000	448.000000	1.000000
447.000000	200.000000	1.000000	159.000000	1.000000	163.000000	373.000000	535.000000	1441.000000	1620.000000	1172.000000	429.000000	1.000000	1672.000000	1083.000000	292.000000	651.000000	1227.000000	1.000000	1.000000	1.000000
952.000000	1.000000	567.000000	1.000000	1.000000	1.000000	1.000000	1.000000	1.000000	323.000000	391.000000	847.000000	1.000000	755.000000	1142.000000	793.000000	338.000000	520.000000	1.000000	1.000000	1.000000
1513.000000	503.000000	415.000000	1.000000	1.000000	1.000000	337.000000	1.000000	1.000000	1.000000	1.000000	1.000000	1.000000	1.000000	494.000000	860.000000	261.000000	157.000000	380.000000	1.000000	144.000000
794.000000	1509.000000	485.000000	1.000000	1.000000	1.000000	1204.000000	2407.000000	2102.000000	395.000000	1.000000	250.000000	871.000000	407.000000	1.000000	283.000000	1.000000	1.000000	259.000000	643.000000	656.000000
1222.000000	1381.000000	493.000000	237.000000	1.000000	1.000000	430.000000	417.000000	805.000000	1189.000000	463.000000	794.000000	1346.000000	1112.000000	1.000000	1.000000	1.000000	1.000000	1.000000	1125.000000	762.000000
1299.000000	1371.000000	956.000000	493.000000	1.000000	1.000000	1.000000	1.000000	1.000000	653.000000	1.000000	1.000000	341.000000	541.000000	110.000000	1.000000	1.000000	1.000000	1.000000	161.000000	1.000000
1307.000000	1481.000000	1715.000000	694.000000	1.000000	1.000000	1.000000	1.000000	1.000000	371.000000	597.000000	1.000000	1.000000	1.000000	139.000000	806.000000	1.000000	493.000000	196.000000	150.000000	444.000000
220.000000	1318.000000	1216.000000	994.000000	918.000000	1.000000	1.000000	1.000000	1.000000	1.000000	1.000000	1.000000	1.000000	1.000000	1.000000	1.000000	1.000000	1.000000	159.000000	641.000000	1.000000
450.000000	848.000000	1023.000000	1006.000000	2028.000000	1254.000000	527.000000	294.000000	1.000000	1.000000	1.000000	1.000000	1.000000	1.000000	465.000000	362.000000	1.000000	1.000000	192.000000	133.000000	427.000000
346.000000	607.000000	897.000000	360.000000	1516.000000	2284.000000	1737.000000	1276.000000	1433.000000	1004.000000	890.000000	493.000000	1.000000	1.000000	1.000000	291.000000	1.000000	141.000000	143.000000	170.000000	1.000000
1.000000	765.000000	595.000000	343.000000	1.000000	1403.000000	1172.000000	1011.000000	1379.000000	1648.000000	1690.000000	926.000000	263.000000	1.000000	1.000000	1.000000	175.000000	1.000000	168.000000	340.000000	1.000000
1.000000	1.000000	769.000000	343.000000	1.000000	1.000000	1.000000	1.000000	1.000000	1.000000	1.000000	1.000000	1.000000	1.000000	1.000000	1.000000	1.000000	186.000000	177.000000	229.000000	1.000000
1.000000	1.000000	1.000000	1.000000	1.000000	1.000000	1.000000	1.000000	1.000000	1.000000	1.000000	1.000000	1.000000	1.000000	1.000000	1.000000	1.000000	1.000000	1.000000	1.000000	1.000000
