21 25 0
1357.000000	674.000000	517.000000	153.000000	1.000000	581.000000	1410.000000	1861.000000	1758.000000	1766.000000	1505.000000	668.000000	216.000000	208.000000	155.000000	310.000000	823.000000	479.000000	350.000000	262.000000	1.000000
671.000000	205.000000	133.000000	1.000000	597.000000	740.000000	1718.000000	1606.000000	988.000000	995.000000	1330.000000	691.000000	518.000000	156.000000	190.000000	219.000000	881.000000	1144.000000	1140.000000	1016.000000	393.000000
1.000000	1.000000	415.000000	67.000000	1.000000	213.000000	149.000000	153.000000	153.000000	153.000000	654.000000	685.000000	746.000000	1.000000	197.000000	166.000000	262.000000	189.000000	452.000000	375.000000	781.000000
1.000000	1.000000	1.000000	274.000000	1063.000000	1684.000000	1551.000000	1284.000000	314.000000	229.000000	71.000000	1.000000	151.000000	1.000000	1.000000	195.000000	268.000000	284.000000	490.000000	1.000000	1.000000
1.000000	1.000000	363.000000	950.000000	1514.000000	1669.000000	2609.000000	2961.000000	2384.000000	1578.000000	249.000000	259.000000	261.000000	873.000000	1664.000000	1179.000000	738.000000	248.000000	171.000000	1.000000	630.000000
1.000000	1.000000	165.000000	1.000000	1.000000	1.000000	453.000000	737.000000	1127.000000	1132.000000	256.000000	471.000000	1794.000000	2318.000000	2615.000000	2381.000000	2099.000000	487.000000	202.000000	1.000000	1.000000
1.000000	1.000000	496.000000	489.000000	1013.000000	1296.000000	1004.000000	685.000000	472.000000	1.000000	1.000000	1.000000	1040.000000	851.000000	121.000000	121.000000	513.000000	1.000000	1.000000	1.000000	164.000000
1.000000	1.000000	270.000000	721.000000	1299.000000	2829.000000	3218.000000	2275.000000	681.000000	215.000000	1.000000	1.000000	1.000000	249.000000	837.000000	1526.000000	1868.000000	1128.000000	1.000000	1.000000	1.000000
1.000000	1.000000	1.000000	1.000000	1.000000	483.000000	203.000000	1.000000	1.000000	1.000000	1.000000	1.000000	1.000000	1.000000	823.000000	2533.000000	2492.000000	2176.000000	273.000000	1.000000	1.000000
344.000000	164.000000	1.000000	69.000000	1.000000	1.000000	1.000000	1.000000	1.000000	166.000000	373.000000	1.000000	1.000000	1.000000	1.000000	1.000000	1.000000	1.000000	1.000000	1.000000	1.000000
1.000000	330.000000	663.000000	765.000000	328.000000	538.000000	535.000000	705.000000	418.000000	276.000000	227.000000	227.000000	1.000000	276.000000	1.000000	1.000000	1.000000	1.000000	1.000000	446.000000	445.000000
1.000000	157.000000	332.000000	612.000000	903.000000	1728.000000	1923.000000	1834.000000	734.000000	205.000000	205.000000	205.000000	204.000000	1619.000000	616.000000	793.000000	499.000000	138.000000	314.000000	1613.000000	1620.000000
1.000000	203.000000	1.000000	157.000000	566.000000	1129.000000	928.000000	928.000000	1269.000000	1429.000000	1995.000000	2349.000000	1188.000000	1465.000000	1542.000000	1490.000000	1226.000000	1331.000000	1549.000000	1155.000000	219.000000
257.000000	1.000000	315.000000	681.000000	752.000000	1.000000	1.000000	1.000000	251.000000	1294.000000	1781.000000	1852.000000	439.000000	335.000000	781.000000	912.000000	405.000000	456.000000	775.000000	649.000000	1.000000
747.000000	507.000000	1.000000	163.000000	1.000000	1.000000	405.000000	396.000000	512.000000	383.000000	1.000000	1.000000	1.000000	1.000000	1.000000	307.000000	457.000000	651.000000	160.000000	174.000000	1.000000
473.000000	473.000000	1.000000	1.000000	1.000000	1.000000	2488.000000	3029.000000	2702.000000	1928.000000	1360.000000	1605.000000	1549.000000	1075.000000	1.000000	1.000000	599.000000	589.000000	516.000000	671.000000	367.000000
1.000000	1.000000	495.000000	493.000000	1.000000	215.000000	622.000000	1030.000000	1380.000000	1777.000000	1477.000000	1608.000000	2266.000000	1539.000000	1.000000	1.000000	1.000000	1.000000	421.000000	1359.000000	719.000000
509.000000	670.000000	932.000000	1.000000	1.000000	289.000000	239.000000	187.000000	291.000000	751.000000	688.000000	189.000000	239.000000	1.000000	1.000000	433.000000	456.000000	198.000000	1.000000	161.000000	1.000000
1315.000000	1672.000000	700.000000	1.000000	1.000000	297.000000	725.000000	602.000000	1403.000000	1422.000000	1165.000000	275.000000	1.000000	266.000000	627.000000	1040.000000	735.000000	1475.000000	588.000000	159.000000	145.000000
191.000000	344.000000	308.000000	582.000000	547.000000	1.000000	351.000000	350.000000	1.000000	1.000000	1.000000	1.000000	1.000000	444.000000	860.000000	560.000000	545.000000	1.000000	160.000000	167.000000	332.000000
1.000000	405.000000	405.000000	1133.000000	1687.000000	1005.000000	698.000000	593.000000	621.000000	603.000000	542.000000	535.000000	565.000000	395.000000	1183.000000	225.000000	1.000000	1.000000	192.000000	306.000000	429.000000
1.000000	169.000000	1.000000	300.000000	1407.000000	1971.000000	2084.000000	2298.000000	2392.000000	2109.000000	1741.000000	1950.000000	1869.000000	1729.000000	559.000000	219.000000	1.000000	333.000000	475.000000	642.000000	1.000000
1.000000	596.000000	423.000000	1.000000	1.000000	590.000000	1551.000000	1888.000000	1658.000000	1712.000000	1882.000000	2155.000000	1441.000000	173.000000	1.000000	1.000000	604.000000	687.000000	234.000000	1.000000	1.000000
212.000000	1.000000	1.000000	1.000000	1.000000	1.000000	1.000000	1.000000	1.000000	1.000000	253.000000	151.000000	1.000000	1.000000	1.000000	159.000000	1.000000	189.000000	1.000000	1.000000	1.000000
1.000000	1.000000	1.000000	1.000000	1.000000	1.000000	1.000000	1.000000	1.000000	1.000000	1.000000	1.000000	1.000000	1.000000	1.000000	1.000000	1.000000	1.000000	1.000000	1.000000	1.000000
