21 25 0
1.000000	1.000000	1.000000	1.000000	1.000000	1.000000	1.000000	334.000000	514.000000	415.000000	1.000000	690.000000	1549.000000	1760.000000	736.000000	157.000000	188.000000	1.000000	325.000000	565.000000	360.000000
1.000000	1.000000	1.000000	1.000000	1.000000	1.000000	1.000000	1.000000	283.000000	472.000000	535.000000	230.000000	534.000000	1458.000000	1876.000000	760.000000	304.000000	169.000000	173.000000	1.000000	159.000000
169.000000	177.000000	159.000000	1.000000	1.000000	90.000000	152.000000	293.000000	240.000000	402.000000	283.000000	542.000000	314.000000	630.000000	1916.000000	1825.000000	640.000000	223.000000	173.000000	168.000000	1.000000
171.000000	1.000000	1.000000	1.000000	1.000000	1.000000	145.000000	1.000000	388.000000	720.000000	801.000000	428.000000	323.000000	599.000000	672.000000	2409.000000	1689.000000	585.000000	223.000000	169.000000	576.000000
1.000000	1.000000	1.000000	1.000000	1.000000	1.000000	1.000000	1.000000	1.000000	1.000000	291.000000	147.000000	330.000000	425.000000	321.000000	259.000000	1768.000000	1428.000000	648.000000	184.000000	194.000000
1.000000	1.000000	1.000000	1.000000	227.000000	1667.000000	2013.000000	1461.000000	1.000000	1.000000	1.000000	1.000000	1.000000	1.000000	291.000000	286.000000	247.000000	289.000000	1075.000000	489.000000	1.000000
1.000000	183.000000	186.000000	1.000000	1.000000	282.000000	759.000000	903.000000	659.000000	1.000000	1.000000	1724.000000	1.000000	1.000000	1.000000	507.000000	203.000000	668.000000	311.000000	483.000000	279.000000
1.000000	370.000000	658.000000	745.000000	509.000000	509.000000	1.000000	1.000000	1.000000	1.000000	1.000000	2297.000000	1031.000000	1.000000	1.000000	1.000000	1.000000	250.000000	819.000000	1333.000000	475.000000
1.000000	69.000000	1002.000000	1205.000000	1460.000000	1205.000000	509.000000	1.000000	1.000000	1.000000	1.000000	1421.000000	1575.000000	361.000000	388.000000	844.000000	1.000000	1.000000	353.000000	1567.000000	806.000000
1.000000	1.000000	1.000000	890.000000	1171.000000	1123.000000	1739.000000	697.000000	1.000000	1.000000	1.000000	631.000000	626.000000	1416.000000	1731.000000	1420.000000	779.000000	1.000000	403.000000	1238.000000	1030.000000
69.000000	1.000000	136.000000	1.000000	1.000000	408.000000	167.000000	233.000000	1.000000	1.000000	1.000000	980.000000	446.000000	131.000000	1356.000000	1272.000000	932.000000	441.000000	101.000000	1.000000	869.000000
1.000000	171.000000	291.000000	375.000000	1.000000	1.000000	1.000000	1.000000	1.000000	1.000000	1.000000	1312.000000	230.000000	1.000000	325.000000	175.000000	1.000000	703.000000	189.000000	1.000000	395.000000
1.000000	158.000000	135.000000	1.000000	1.000000	179.000000	1.000000	230.000000	1.000000	1.000000	1.000000	1.000000	1.000000	1.000000	1.000000	1.000000	1.000000	1.000000	489.000000	1.000000	1.000000
350.000000	150.000000	272.000000	1.000000	1.000000	151.000000	435.000000	961.000000	1737.000000	1271.000000	740.000000	428.000000	1.000000	1.000000	1.000000	1.000000	1.000000	1.000000	176.000000	852.000000	212.000000
393.000000	725.000000	677.000000	547.000000	319.000000	147.000000	1.000000	1.000000	1700.000000	2508.000000	1871.000000	811.000000	1.000000	802.000000	213.000000	1.000000	1.000000	1.000000	1.000000	763.000000	830.000000
244.000000	631.000000	809.000000	849.000000	296.000000	147.000000	1.000000	1.000000	1.000000	1.000000	419.000000	1.000000	157.000000	385.000000	745.000000	138.000000	1.000000	381.000000	1.000000	1.000000	335.000000
377.000000	454.000000	251.000000	572.000000	457.000000	1122.000000	1475.000000	461.000000	1.000000	1.000000	679.000000	426.000000	1.000000	1.000000	153.000000	569.000000	1.000000	595.000000	385.000000	1.000000	1.000000
141.000000	323.000000	430.000000	598.000000	292.000000	415.000000	2017.000000	1220.000000	463.000000	1.000000	148.000000	636.000000	554.000000	1.000000	1.000000	571.000000	1.000000	1.000000	377.000000	371.000000	1.000000
425.000000	169.000000	447.000000	591.000000	484.000000	408.000000	158.000000	682.000000	830.000000	147.000000	1.000000	1.000000	1.000000	1.000000	1.000000	1.000000	363.000000	1.000000	1.000000	195.000000	1.000000
161.000000	387.000000	169.000000	201.000000	367.000000	135.000000	726.000000	1477.000000	2287.000000	1286.000000	718.000000	593.000000	1.000000	1.000000	479.000000	1.000000	487.000000	338.000000	136.000000	165.000000	1.000000
316.000000	284.000000	428.000000	287.000000	1.000000	1.000000	131.000000	870.000000	1313.000000	1542.000000	1549.000000	446.000000	129.000000	1.000000	412.000000	480.000000	769.000000	1550.000000	795.000000	468.000000	171.000000
679.000000	422.000000	754.000000	1119.000000	664.000000	1.000000	1.000000	1.000000	1.000000	1.000000	1.000000	1.000000	1.000000	478.000000	1.000000	1.000000	1.000000	1021.000000	273.000000	586.000000	409.000000
243.000000	627.000000	645.000000	967.000000	1259.000000	663.000000	145.000000	1.000000	1.000000	1.000000	1.000000	1.000000	1.000000	1.000000	1.000000	137.000000	135.000000	699.000000	186.000000	695.000000	835.000000
465.000000	247.000000	176.000000	612.000000	690.000000	542.000000	203.000000	177.000000	1.000000	1.000000	1.000000	1.000000	1.000000	1.000000	1.000000	1.000000	1.000000	585.000000	1.000000	381.000000	1.000000
1.000000	1.000000	1.000000	1.000000	1.000000	1.000000	1.000000	1.000000	1.000000	1.000000	1.000000	1.000000	1.000000	1.000000	1.000000	1.000000	1.000000	1.000000	1.000000	1.000000	1.000000
