21 25 0
1.000000	759.000000	910.000000	2117.000000	1958.000000	1099.000000	641.000000	1.000000	1.000000	1.000000	1.000000	1.000000	1.000000	1.000000	1.000000	1.000000	1.000000	1.000000	1.000000	1.000000	1.000000
651.000000	911.000000	2141.000000	2045.000000	1053.000000	471.000000	1.000000	1.000000	1.000000	1.000000	1.000000	1.000000	1.000000	1.000000	1.000000	1.000000	1.000000	1.000000	1.000000	1.000000	1.000000
788.000000	1050.000000	1987.000000	661.000000	471.000000	443.000000	66.000000	180.000000	219.000000	1.000000	1.000000	1.000000	316.000000	1.000000	1.000000	702.000000	1.000000	1.000000	1.000000	1.000000	1.000000
761.000000	1621.000000	1892.000000	1.000000	477.000000	145.000000	1.000000	142.000000	1.000000	1.000000	166.000000	314.000000	892.000000	137.000000	847.000000	740.000000	335.000000	1.000000	1.000000	191.000000	197.000000
1312.000000	2250.000000	469.000000	407.000000	1.000000	1.000000	1.000000	1.000000	1.000000	1.000000	1.000000	719.000000	569.000000	1.000000	1.000000	1.000000	1.000000	1.000000	1.000000	1.000000	1.000000
791.000000	1433.000000	1.000000	427.000000	1.000000	573.000000	958.000000	1.000000	1.000000	1.000000	798.000000	1.000000	1.000000	1.000000	1.000000	1.000000	500.000000	518.000000	1.000000	1.000000	1.000000
1985.000000	1220.000000	1.000000	499.000000	1.000000	1.000000	1.000000	1.000000	1.000000	329.000000	1930.000000	1.000000	1.000000	1.000000	708.000000	2194.000000	951.000000	1.000000	1.000000	1.000000	1.000000
2446.000000	507.000000	499.000000	499.000000	282.000000	1.000000	1.000000	377.000000	1.000000	2574.000000	1710.000000	1.000000	1.000000	503.000000	673.000000	755.000000	1.000000	1.000000	1.000000	1.000000	1.000000
1235.000000	1.000000	509.000000	223.000000	1.000000	1.000000	935.000000	1548.000000	1638.000000	2316.000000	1.000000	1.000000	208.000000	232.000000	1.000000	395.000000	429.000000	413.000000	853.000000	265.000000	1.000000
960.000000	1.000000	457.000000	1.000000	1.000000	1603.000000	1815.000000	1519.000000	1093.000000	1175.000000	1.000000	1.000000	1.000000	487.000000	397.000000	254.000000	1490.000000	1341.000000	1840.000000	323.000000	1.000000
618.000000	1.000000	1.000000	1.000000	89.000000	204.000000	392.000000	281.000000	1.000000	1.000000	1.000000	1.000000	1.000000	457.000000	1.000000	1319.000000	1922.000000	1605.000000	1403.000000	1.000000	1.000000
815.000000	1.000000	365.000000	1.000000	1.000000	1.000000	1.000000	1.000000	1.000000	157.000000	1.000000	1.000000	1.000000	147.000000	311.000000	187.000000	375.000000	565.000000	121.000000	1.000000	1.000000
241.000000	172.000000	417.000000	158.000000	1.000000	1.000000	1.000000	171.000000	1.000000	1.000000	1.000000	1.000000	1.000000	204.000000	1.000000	1.000000	1.000000	1.000000	1.000000	266.000000	132.000000
1.000000	1.000000	151.000000	1.000000	1.000000	206.000000	1095.000000	1308.000000	359.000000	439.000000	411.000000	426.000000	1865.000000	215.000000	1.000000	160.000000	1.000000	1.000000	1.000000	418.000000	146.000000
501.000000	673.000000	1.000000	1.000000	407.000000	1291.000000	1341.000000	442.000000	899.000000	477.000000	1.000000	1383.000000	1378.000000	176.000000	1.000000	340.000000	137.000000	1.000000	1.000000	228.000000	413.000000
2165.000000	1.000000	1.000000	508.000000	914.000000	225.000000	1.000000	1.000000	1.000000	1.000000	1.000000	1.000000	1.000000	1.000000	179.000000	360.000000	327.000000	1.000000	484.000000	130.000000	319.000000
1.000000	1.000000	1.000000	168.000000	1.000000	141.000000	1.000000	1.000000	513.000000	1.000000	1.000000	1.000000	1.000000	886.000000	1144.000000	368.000000	541.000000	283.000000	589.000000	266.000000	417.000000
1.000000	1.000000	463.000000	1.000000	131.000000	210.000000	154.000000	1111.000000	847.000000	148.000000	1.000000	1.000000	888.000000	2554.000000	1356.000000	161.000000	135.000000	139.000000	1.000000	775.000000	570.000000
272.000000	1.000000	1.000000	1.000000	1.000000	202.000000	349.000000	1.000000	1.000000	1.000000	223.000000	1104.000000	2484.000000	1037.000000	1.000000	1.000000	1.000000	348.000000	178.000000	744.000000	151.000000
456.000000	1.000000	371.000000	1.000000	1.000000	1.000000	1.000000	314.000000	1248.000000	1467.000000	1688.000000	1796.000000	788.000000	187.000000	1.000000	1.000000	320.000000	191.000000	309.000000	443.000000	1.000000
1.000000	411.000000	240.000000	1.000000	388.000000	233.000000	1.000000	1.000000	1025.000000	1541.000000	1604.000000	1336.000000	351.000000	1.000000	1.000000	360.000000	606.000000	671.000000	145.000000	406.000000	1.000000
441.000000	632.000000	409.000000	1.000000	373.000000	339.000000	1.000000	1.000000	1.000000	1.000000	1.000000	1.000000	155.000000	561.000000	360.000000	1615.000000	687.000000	431.000000	975.000000	449.000000	442.000000
619.000000	255.000000	603.000000	1.000000	293.000000	1.000000	1.000000	1.000000	1.000000	1.000000	1.000000	415.000000	507.000000	677.000000	1464.000000	1055.000000	295.000000	159.000000	803.000000	223.000000	251.000000
255.000000	1.000000	193.000000	1.000000	1.000000	1.000000	1.000000	1.000000	1.000000	1.000000	1.000000	155.000000	681.000000	1064.000000	408.000000	1.000000	74.000000	1.000000	435.000000	148.000000	505.000000
1.000000	1.000000	1.000000	1.000000	1.000000	1.000000	1.000000	1.000000	1.000000	1.000000	1.000000	1.000000	1.000000	1.000000	1.000000	1.000000	1.000000	1.000000	1.000000	1.000000	1.000000
