21 25 0
1.000000	409.000000	820.000000	1814.000000	1672.000000	1245.000000	537.000000	1.000000	1.000000	163.000000	1.000000	602.000000	1437.000000	1524.000000	505.000000	285.000000	276.000000	1.000000	187.000000	723.000000	691.000000
780.000000	844.000000	1116.000000	1506.000000	731.000000	443.000000	1.000000	1.000000	1.000000	420.000000	468.000000	231.000000	395.000000	449.000000	1389.000000	220.000000	399.000000	205.000000	173.000000	166.000000	132.000000
1128.000000	554.000000	507.000000	1.000000	641.000000	1046.000000	983.000000	1236.000000	1063.000000	548.000000	283.000000	513.000000	315.000000	475.000000	989.000000	1334.000000	645.000000	208.000000	540.000000	324.000000	75.000000
209.000000	902.000000	1.000000	1.000000	1.000000	282.000000	613.000000	1211.000000	1261.000000	1417.000000	991.000000	937.000000	873.000000	1121.000000	1058.000000	2751.000000	2118.000000	686.000000	360.000000	191.000000	944.000000
1447.000000	1207.000000	451.000000	1.000000	1.000000	1.000000	1.000000	1.000000	1.000000	149.000000	314.000000	605.000000	770.000000	631.000000	572.000000	495.000000	911.000000	1379.000000	825.000000	1.000000	193.000000
1.000000	1.000000	1.000000	1.000000	1209.000000	1859.000000	2467.000000	1613.000000	718.000000	1.000000	420.000000	1.000000	1.000000	1.000000	1.000000	291.000000	580.000000	290.000000	335.000000	177.000000	1.000000
635.000000	501.000000	1.000000	1.000000	165.000000	415.000000	927.000000	645.000000	1.000000	1.000000	311.000000	1.000000	1.000000	1.000000	1640.000000	2404.000000	1714.000000	549.000000	1.000000	1.000000	1.000000
1491.000000	505.000000	497.000000	497.000000	1.000000	1.000000	1.000000	1.000000	1.000000	1.000000	267.000000	1.000000	1.000000	1.000000	903.000000	855.000000	383.000000	607.000000	795.000000	347.000000	1.000000
1.000000	1.000000	592.000000	1307.000000	1284.000000	1702.000000	1926.000000	1511.000000	1609.000000	788.000000	1.000000	153.000000	378.000000	1.000000	1.000000	412.000000	411.000000	153.000000	1.000000	690.000000	882.000000
1.000000	1.000000	1.000000	947.000000	1054.000000	2202.000000	2552.000000	1875.000000	999.000000	207.000000	1.000000	1.000000	1101.000000	1940.000000	2019.000000	1992.000000	1716.000000	1869.000000	757.000000	611.000000	597.000000
1.000000	1.000000	1.000000	1.000000	238.000000	774.000000	802.000000	487.000000	1.000000	1.000000	322.000000	430.000000	429.000000	731.000000	1636.000000	1891.000000	1836.000000	2054.000000	597.000000	1.000000	1.000000
178.000000	1.000000	1.000000	1.000000	1.000000	1.000000	1.000000	1.000000	1.000000	467.000000	1747.000000	245.000000	1.000000	1.000000	627.000000	984.000000	715.000000	213.000000	1.000000	1.000000	1.000000
757.000000	1.000000	139.000000	153.000000	1.000000	1.000000	1.000000	1.000000	1.000000	1.000000	1.000000	1.000000	1.000000	1.000000	1.000000	1.000000	1.000000	1.000000	1.000000	1.000000	1.000000
1.000000	1.000000	1.000000	1.000000	1.000000	293.000000	1432.000000	1807.000000	1229.000000	1332.000000	846.000000	724.000000	869.000000	421.000000	1.000000	1.000000	1.000000	1.000000	1.000000	361.000000	360.000000
200.000000	274.000000	1.000000	188.000000	554.000000	1304.000000	1712.000000	1772.000000	2078.000000	2233.000000	2487.000000	2693.000000	1986.000000	1498.000000	610.000000	1.000000	1.000000	1.000000	1.000000	1273.000000	1447.000000
1.000000	1.000000	505.000000	896.000000	384.000000	1.000000	1.000000	1.000000	1.000000	1.000000	559.000000	759.000000	827.000000	582.000000	533.000000	283.000000	147.000000	1.000000	1.000000	156.000000	1.000000
1.000000	1.000000	251.000000	310.000000	271.000000	318.000000	750.000000	1107.000000	959.000000	774.000000	818.000000	541.000000	264.000000	263.000000	398.000000	774.000000	643.000000	171.000000	1.000000	1.000000	149.000000
1.000000	1.000000	1.000000	1.000000	1.000000	679.000000	2570.000000	2383.000000	1507.000000	1162.000000	814.000000	899.000000	1533.000000	2033.000000	1063.000000	465.000000	277.000000	135.000000	1.000000	139.000000	576.000000
1.000000	1.000000	149.000000	283.000000	303.000000	196.000000	382.000000	244.000000	290.000000	411.000000	650.000000	1016.000000	1469.000000	605.000000	1.000000	1.000000	1.000000	1.000000	1.000000	178.000000	84.000000
1.000000	1.000000	1.000000	202.000000	525.000000	737.000000	1431.000000	1987.000000	2288.000000	2244.000000	2103.000000	1784.000000	618.000000	227.000000	1.000000	1.000000	1.000000	1.000000	167.000000	171.000000	1.000000
1.000000	149.000000	1.000000	1.000000	1.000000	178.000000	1342.000000	1525.000000	1845.000000	2081.000000	2204.000000	2096.000000	1038.000000	139.000000	1.000000	1.000000	707.000000	885.000000	253.000000	445.000000	179.000000
383.000000	1.000000	244.000000	244.000000	1.000000	1.000000	1.000000	1.000000	1.000000	1.000000	149.000000	149.000000	1.000000	174.000000	217.000000	1.000000	184.000000	184.000000	429.000000	985.000000	394.000000
665.000000	243.000000	464.000000	595.000000	462.000000	475.000000	523.000000	247.000000	199.000000	1.000000	1.000000	224.000000	206.000000	559.000000	829.000000	669.000000	193.000000	1.000000	149.000000	707.000000	761.000000
451.000000	155.000000	1.000000	400.000000	491.000000	964.000000	519.000000	355.000000	386.000000	1.000000	1.000000	155.000000	793.000000	745.000000	555.000000	1.000000	1.000000	1.000000	1.000000	1.000000	1.000000
1.000000	1.000000	1.000000	1.000000	1.000000	1.000000	1.000000	1.000000	1.000000	1.000000	1.000000	1.000000	1.000000	1.000000	1.000000	1.000000	1.000000	1.000000	1.000000	1.000000	1.000000
