21 25 0
1501.000000	560.000000	443.000000	197.000000	1.000000	1.000000	1.000000	335.000000	517.000000	419.000000	1.000000	367.000000	1098.000000	1187.000000	596.000000	158.000000	398.000000	1.000000	1.000000	1.000000	1.000000
1152.000000	565.000000	189.000000	1.000000	445.000000	427.000000	286.000000	303.000000	284.000000	384.000000	217.000000	1.000000	186.000000	991.000000	1924.000000	638.000000	85.000000	1.000000	1.000000	1.000000	1.000000
1145.000000	1.000000	257.000000	244.000000	617.000000	356.000000	553.000000	159.000000	169.000000	68.000000	200.000000	163.000000	1.000000	429.000000	1731.000000	1379.000000	1.000000	1.000000	1.000000	162.000000	1.000000
643.000000	1.000000	855.000000	890.000000	1130.000000	451.000000	477.000000	1.000000	1.000000	1.000000	166.000000	1.000000	1.000000	378.000000	458.000000	1101.000000	329.000000	1.000000	184.000000	1.000000	162.000000
455.000000	719.000000	1164.000000	1760.000000	527.000000	697.000000	375.000000	1.000000	1.000000	1.000000	1.000000	1.000000	1.000000	378.000000	554.000000	1.000000	543.000000	221.000000	157.000000	1.000000	1.000000
623.000000	459.000000	1702.000000	1182.000000	1.000000	407.000000	614.000000	192.000000	1.000000	1.000000	1.000000	619.000000	409.000000	1.000000	293.000000	1.000000	1.000000	421.000000	373.000000	654.000000	1.000000
941.000000	1140.000000	1669.000000	1034.000000	1.000000	393.000000	384.000000	490.000000	440.000000	1.000000	1.000000	2275.000000	1588.000000	1.000000	1.000000	1.000000	1.000000	797.000000	776.000000	633.000000	464.000000
864.000000	1988.000000	2559.000000	970.000000	657.000000	1015.000000	639.000000	491.000000	379.000000	1.000000	249.000000	2973.000000	2008.000000	1.000000	1.000000	237.000000	1.000000	411.000000	655.000000	1304.000000	782.000000
306.000000	1480.000000	2241.000000	965.000000	1127.000000	1158.000000	277.000000	1.000000	379.000000	1.000000	205.000000	2814.000000	1083.000000	387.000000	746.000000	879.000000	487.000000	252.000000	698.000000	1483.000000	909.000000
305.000000	273.000000	1033.000000	273.000000	495.000000	505.000000	1.000000	1.000000	232.000000	1.000000	176.000000	2496.000000	626.000000	169.000000	1043.000000	320.000000	489.000000	136.000000	663.000000	1428.000000	1727.000000
144.000000	287.000000	450.000000	194.000000	279.000000	1.000000	1.000000	1.000000	1.000000	1.000000	401.000000	2225.000000	792.000000	1.000000	1107.000000	1.000000	1.000000	700.000000	1032.000000	1523.000000	1962.000000
144.000000	1040.000000	750.000000	297.000000	139.000000	1.000000	246.000000	1.000000	1.000000	1.000000	361.000000	2406.000000	621.000000	1.000000	1011.000000	1.000000	1.000000	828.000000	1177.000000	1924.000000	1547.000000
353.000000	605.000000	593.000000	407.000000	403.000000	505.000000	239.000000	1.000000	1.000000	1.000000	929.000000	2411.000000	317.000000	1.000000	1.000000	1.000000	1.000000	962.000000	1399.000000	1903.000000	558.000000
392.000000	492.000000	949.000000	687.000000	667.000000	531.000000	1.000000	1.000000	271.000000	606.000000	1548.000000	886.000000	188.000000	1.000000	1.000000	1.000000	1.000000	953.000000	895.000000	1496.000000	499.000000
661.000000	548.000000	1704.000000	891.000000	175.000000	1.000000	1.000000	1.000000	271.000000	608.000000	1347.000000	336.000000	1.000000	1.000000	1.000000	1.000000	205.000000	1018.000000	510.000000	1033.000000	618.000000
875.000000	1437.000000	1546.000000	542.000000	491.000000	1.000000	343.000000	1.000000	1.000000	1.000000	843.000000	860.000000	1.000000	369.000000	1.000000	1.000000	915.000000	1663.000000	816.000000	1.000000	1.000000
507.000000	1459.000000	487.000000	1249.000000	503.000000	134.000000	1006.000000	1.000000	1.000000	1.000000	1.000000	1567.000000	1.000000	1.000000	1.000000	134.000000	918.000000	1244.000000	1522.000000	451.000000	1.000000
485.000000	1021.000000	795.000000	1659.000000	156.000000	1.000000	996.000000	229.000000	1.000000	130.000000	1.000000	980.000000	1.000000	1.000000	1.000000	944.000000	825.000000	1713.000000	1231.000000	375.000000	1.000000
1441.000000	406.000000	1003.000000	1072.000000	1.000000	385.000000	573.000000	587.000000	820.000000	130.000000	1.000000	339.000000	1.000000	1.000000	156.000000	1143.000000	819.000000	1881.000000	535.000000	345.000000	1.000000
1052.000000	457.000000	591.000000	556.000000	1.000000	1.000000	673.000000	779.000000	540.000000	1.000000	1.000000	1.000000	1.000000	323.000000	980.000000	797.000000	889.000000	1480.000000	407.000000	309.000000	150.000000
684.000000	309.000000	669.000000	931.000000	1.000000	1.000000	405.000000	305.000000	1.000000	1.000000	1.000000	548.000000	1428.000000	1697.000000	1145.000000	845.000000	625.000000	1620.000000	483.000000	481.000000	151.000000
931.000000	207.000000	788.000000	1386.000000	650.000000	1.000000	203.000000	351.000000	1.000000	1.000000	1.000000	1448.000000	1976.000000	1984.000000	426.000000	465.000000	897.000000	1793.000000	851.000000	671.000000	429.000000
392.000000	687.000000	610.000000	1101.000000	893.000000	1.000000	203.000000	1.000000	1.000000	1.000000	1.000000	383.000000	1786.000000	235.000000	283.000000	1.000000	1109.000000	1132.000000	853.000000	627.000000	423.000000
245.000000	249.000000	176.000000	609.000000	473.000000	1.000000	203.000000	1.000000	1.000000	1.000000	1.000000	1.000000	239.000000	1.000000	1.000000	1.000000	865.000000	387.000000	369.000000	409.000000	1.000000
1.000000	1.000000	1.000000	1.000000	1.000000	1.000000	1.000000	1.000000	1.000000	1.000000	1.000000	1.000000	1.000000	1.000000	1.000000	1.000000	1.000000	1.000000	1.000000	1.000000	1.000000
