21 25 0
920.000000	1215.000000	853.000000	453.000000	293.000000	1107.000000	665.000000	259.000000	251.000000	339.000000	332.000000	1.000000	1.000000	1.000000	154.000000	383.000000	453.000000	737.000000	1417.000000	386.000000	461.000000
750.000000	1193.000000	948.000000	593.000000	337.000000	930.000000	137.000000	1.000000	1.000000	147.000000	169.000000	99.000000	1.000000	1.000000	370.000000	489.000000	321.000000	1252.000000	1105.000000	442.000000	307.000000
720.000000	881.000000	870.000000	355.000000	313.000000	579.000000	575.000000	336.000000	242.000000	1.000000	1.000000	1.000000	1.000000	1.000000	431.000000	720.000000	163.000000	968.000000	930.000000	376.000000	307.000000
768.000000	833.000000	882.000000	307.000000	313.000000	774.000000	791.000000	568.000000	243.000000	163.000000	1.000000	201.000000	206.000000	1.000000	604.000000	816.000000	703.000000	844.000000	1343.000000	195.000000	717.000000
635.000000	849.000000	1145.000000	407.000000	648.000000	923.000000	458.000000	342.000000	209.000000	1.000000	1.000000	177.000000	401.000000	1.000000	202.000000	618.000000	443.000000	896.000000	956.000000	1028.000000	793.000000
960.000000	1072.000000	1459.000000	583.000000	882.000000	506.000000	220.000000	1.000000	1.000000	1.000000	1.000000	1.000000	1.000000	1.000000	1.000000	239.000000	1.000000	1.000000	509.000000	1184.000000	721.000000
1150.000000	815.000000	1485.000000	437.000000	315.000000	1.000000	1.000000	1.000000	1.000000	1.000000	1.000000	1.000000	1.000000	1.000000	493.000000	255.000000	789.000000	483.000000	326.000000	1202.000000	775.000000
976.000000	448.000000	1207.000000	1.000000	1.000000	1.000000	1.000000	1.000000	235.000000	1735.000000	289.000000	1.000000	1.000000	273.000000	1.000000	239.000000	968.000000	629.000000	379.000000	853.000000	565.000000
379.000000	958.000000	375.000000	462.000000	266.000000	1.000000	1.000000	1.000000	447.000000	3722.000000	622.000000	1.000000	1.000000	1.000000	213.000000	711.000000	1523.000000	998.000000	1033.000000	620.000000	237.000000
859.000000	587.000000	1229.000000	919.000000	457.000000	1.000000	1.000000	1.000000	281.000000	3864.000000	1064.000000	1.000000	603.000000	251.000000	179.000000	476.000000	1305.000000	633.000000	576.000000	571.000000	489.000000
519.000000	1054.000000	1273.000000	874.000000	452.000000	1.000000	620.000000	1.000000	241.000000	2940.000000	809.000000	1.000000	675.000000	873.000000	1.000000	211.000000	830.000000	863.000000	1.000000	1.000000	878.000000
347.000000	1311.000000	1150.000000	646.000000	390.000000	1.000000	1.000000	1.000000	1.000000	2574.000000	749.000000	1.000000	953.000000	1174.000000	479.000000	1.000000	309.000000	297.000000	1.000000	209.000000	793.000000
251.000000	873.000000	1595.000000	1042.000000	391.000000	1.000000	1.000000	1.000000	185.000000	2786.000000	1343.000000	1.000000	646.000000	1863.000000	767.000000	1.000000	1.000000	1.000000	1.000000	534.000000	699.000000
335.000000	543.000000	1511.000000	1566.000000	372.000000	1.000000	426.000000	1.000000	185.000000	2298.000000	1967.000000	1.000000	245.000000	1955.000000	375.000000	1.000000	185.000000	1.000000	1.000000	527.000000	580.000000
347.000000	151.000000	922.000000	1671.000000	791.000000	1.000000	545.000000	1.000000	1.000000	1019.000000	991.000000	1.000000	870.000000	1927.000000	1.000000	291.000000	587.000000	1.000000	195.000000	233.000000	538.000000
249.000000	221.000000	721.000000	1159.000000	1759.000000	336.000000	257.000000	661.000000	1.000000	405.000000	1.000000	1.000000	1.000000	269.000000	305.000000	1026.000000	213.000000	1.000000	273.000000	856.000000	519.000000
1.000000	275.000000	1.000000	574.000000	1754.000000	369.000000	1.000000	449.000000	405.000000	856.000000	253.000000	1.000000	1.000000	417.000000	629.000000	1.000000	1.000000	1.000000	867.000000	343.000000	237.000000
375.000000	549.000000	241.000000	1.000000	701.000000	1756.000000	1.000000	1.000000	1.000000	1.000000	1.000000	1.000000	1.000000	1350.000000	106.000000	1.000000	1.000000	1.000000	449.000000	389.000000	118.000000
1.000000	275.000000	641.000000	1.000000	361.000000	1168.000000	755.000000	1.000000	1.000000	1.000000	465.000000	1234.000000	444.000000	709.000000	1.000000	1.000000	1.000000	448.000000	1314.000000	466.000000	1.000000
1.000000	517.000000	822.000000	1.000000	1.000000	393.000000	2313.000000	2337.000000	1.000000	1.000000	465.000000	641.000000	445.000000	1.000000	1.000000	315.000000	993.000000	515.000000	628.000000	405.000000	1.000000
355.000000	623.000000	811.000000	876.000000	1.000000	381.000000	1080.000000	1488.000000	445.000000	1.000000	1.000000	407.000000	1.000000	1.000000	451.000000	589.000000	842.000000	357.000000	1.000000	149.000000	255.000000
363.000000	623.000000	301.000000	959.000000	325.000000	1.000000	1.000000	1.000000	1.000000	1.000000	1.000000	1.000000	307.000000	1.000000	449.000000	341.000000	708.000000	476.000000	340.000000	151.000000	198.000000
1.000000	1.000000	1.000000	1.000000	1.000000	1.000000	1.000000	1.000000	1.000000	1.000000	1.000000	1.000000	1.000000	1.000000	1.000000	1.000000	1.000000	1.000000	1.000000	1.000000	1.000000
1.000000	1.000000	1.000000	1.000000	1.000000	1.000000	1.000000	1.000000	1.000000	1.000000	1.000000	1.000000	1.000000	1.000000	1.000000	1.000000	1.000000	1.000000	1.000000	1.000000	1.000000
1.000000	1.000000	1.000000	1.000000	1.000000	1.000000	1.000000	1.000000	1.000000	1.000000	1.000000	1.000000	1.000000	1.000000	1.000000	1.000000	1.000000	1.000000	1.000000	1.000000	1.000000
