21 25 0
685.000000	1242.000000	1012.000000	456.000000	724.000000	1307.000000	918.000000	225.000000	209.000000	1.000000	1.000000	1.000000	179.000000	273.000000	1.000000	185.000000	1.000000	1.000000	1317.000000	1.000000	1.000000
686.000000	952.000000	403.000000	601.000000	337.000000	381.000000	1.000000	1.000000	1.000000	1.000000	1.000000	1.000000	1.000000	1.000000	1.000000	1.000000	1.000000	1.000000	1.000000	1.000000	385.000000
551.000000	1.000000	239.000000	273.000000	1.000000	293.000000	1.000000	1.000000	1.000000	1.000000	1.000000	1.000000	1.000000	1.000000	1.000000	1.000000	1.000000	1.000000	1.000000	1.000000	191.000000
1.000000	1.000000	1.000000	1.000000	1.000000	415.000000	1.000000	1.000000	1.000000	1.000000	1.000000	1.000000	1.000000	215.000000	439.000000	371.000000	386.000000	217.000000	713.000000	656.000000	1.000000
1.000000	1.000000	443.000000	201.000000	1037.000000	739.000000	820.000000	392.000000	427.000000	454.000000	407.000000	729.000000	876.000000	208.000000	636.000000	869.000000	838.000000	437.000000	1.000000	806.000000	1.000000
287.000000	401.000000	1587.000000	743.000000	1468.000000	724.000000	676.000000	402.000000	369.000000	700.000000	737.000000	1326.000000	782.000000	608.000000	293.000000	586.000000	441.000000	433.000000	1.000000	818.000000	393.000000
663.000000	1702.000000	827.000000	493.000000	1.000000	1.000000	1.000000	1.000000	1.000000	1.000000	1.000000	1.000000	1.000000	1.000000	1.000000	1.000000	1.000000	1.000000	1.000000	1.000000	893.000000
636.000000	446.000000	329.000000	1.000000	1.000000	1.000000	1.000000	1.000000	1.000000	1.000000	1.000000	1.000000	1.000000	271.000000	255.000000	1.000000	640.000000	509.000000	147.000000	1.000000	237.000000
1.000000	340.000000	1.000000	1.000000	316.000000	251.000000	929.000000	499.000000	267.000000	2146.000000	1575.000000	1.000000	148.000000	423.000000	1079.000000	837.000000	1452.000000	1287.000000	599.000000	481.000000	497.000000
1.000000	499.000000	433.000000	938.000000	1.000000	1.000000	234.000000	542.000000	1338.000000	3196.000000	751.000000	1.000000	344.000000	1536.000000	741.000000	588.000000	1533.000000	626.000000	716.000000	531.000000	1.000000
1.000000	252.000000	1.000000	335.000000	1.000000	285.000000	1328.000000	1375.000000	455.000000	1443.000000	1.000000	1.000000	1.000000	464.000000	853.000000	1034.000000	734.000000	697.000000	497.000000	1.000000	286.000000
1.000000	193.000000	1.000000	1.000000	1.000000	1218.000000	1508.000000	1.000000	1.000000	1123.000000	1.000000	1.000000	1.000000	305.000000	305.000000	283.000000	1.000000	171.000000	1.000000	1.000000	288.000000
1.000000	1.000000	390.000000	1.000000	1.000000	1.000000	1.000000	1.000000	1.000000	1569.000000	1.000000	1.000000	1.000000	1.000000	1.000000	1.000000	1.000000	1.000000	1.000000	370.000000	331.000000
261.000000	1.000000	450.000000	343.000000	1.000000	1.000000	1.000000	1.000000	1.000000	1.000000	1.000000	1.000000	217.000000	2161.000000	1.000000	1.000000	1.000000	1.000000	1.000000	386.000000	181.000000
1.000000	1.000000	1.000000	1.000000	367.000000	1.000000	293.000000	1.000000	309.000000	507.000000	640.000000	804.000000	2063.000000	1608.000000	1.000000	1.000000	1.000000	1.000000	1.000000	651.000000	172.000000
1.000000	1.000000	1.000000	1.000000	1.000000	1.000000	1.000000	1.000000	1.000000	1.000000	853.000000	824.000000	207.000000	1.000000	1.000000	865.000000	1.000000	1.000000	500.000000	561.000000	155.000000
1.000000	313.000000	383.000000	1.000000	1.000000	1.000000	1.000000	1.000000	1.000000	619.000000	567.000000	1.000000	1.000000	287.000000	1971.000000	773.000000	1.000000	1.000000	589.000000	327.000000	79.000000
1.000000	644.000000	587.000000	298.000000	463.000000	426.000000	183.000000	1.000000	1.000000	1.000000	1.000000	1.000000	317.000000	2293.000000	1432.000000	1.000000	1.000000	173.000000	424.000000	230.000000	156.000000
1.000000	1.000000	441.000000	465.000000	427.000000	1.000000	1.000000	1.000000	417.000000	435.000000	305.000000	1964.000000	3108.000000	2143.000000	1.000000	1.000000	297.000000	829.000000	917.000000	532.000000	1.000000
1.000000	383.000000	461.000000	1.000000	421.000000	1.000000	1.000000	445.000000	1.000000	433.000000	1711.000000	1572.000000	537.000000	1.000000	1.000000	451.000000	1443.000000	671.000000	860.000000	175.000000	1.000000
1.000000	1.000000	171.000000	1.000000	1.000000	1.000000	1.000000	1.000000	1.000000	1.000000	1.000000	1.000000	1.000000	1.000000	457.000000	1480.000000	1138.000000	978.000000	175.000000	1.000000	1.000000
203.000000	1.000000	1.000000	226.000000	1.000000	1.000000	1.000000	1.000000	1.000000	1.000000	1.000000	1.000000	1.000000	214.000000	1071.000000	944.000000	735.000000	359.000000	340.000000	1.000000	1.000000
1.000000	1.000000	1.000000	1.000000	1.000000	1.000000	1.000000	1.000000	1.000000	1.000000	1.000000	1.000000	1.000000	1.000000	1.000000	1.000000	1.000000	1.000000	1.000000	1.000000	1.000000
1.000000	1.000000	1.000000	1.000000	1.000000	1.000000	1.000000	1.000000	1.000000	1.000000	1.000000	1.000000	1.000000	1.000000	1.000000	1.000000	1.000000	1.000000	1.000000	1.000000	1.000000
1.000000	1.000000	1.000000	1.000000	1.000000	1.000000	1.000000	1.000000	1.000000	1.000000	1.000000	1.000000	1.000000	1.000000	1.000000	1.000000	1.000000	1.000000	1.000000	1.000000	1.000000
