21 25 0
319.000000	240.000000	1.000000	151.000000	421.000000	149.000000	175.000000	633.000000	626.000000	714.000000	1.000000	341.000000	1.000000	1.000000	1.000000	1.000000	1.000000	1.000000	1.000000	1.000000	1.000000
1.000000	337.000000	805.000000	1206.000000	632.000000	949.000000	674.000000	1289.000000	981.000000	719.000000	537.000000	246.000000	269.000000	526.000000	397.000000	622.000000	810.000000	525.000000	348.000000	1.000000	1.000000
379.000000	489.000000	661.000000	1164.000000	931.000000	820.000000	867.000000	649.000000	526.000000	534.000000	100.000000	454.000000	790.000000	600.000000	791.000000	585.000000	454.000000	924.000000	701.000000	345.000000	367.000000
441.000000	369.000000	394.000000	1031.000000	583.000000	581.000000	580.000000	612.000000	547.000000	197.000000	703.000000	808.000000	538.000000	564.000000	564.000000	452.000000	961.000000	904.000000	645.000000	642.000000	566.000000
363.000000	208.000000	379.000000	171.000000	177.000000	1.000000	1.000000	1.000000	1.000000	1.000000	1.000000	1.000000	1.000000	1.000000	195.000000	449.000000	501.000000	1.000000	397.000000	872.000000	695.000000
381.000000	1.000000	1.000000	204.000000	1.000000	1.000000	1.000000	1.000000	1.000000	1.000000	1.000000	1.000000	1.000000	505.000000	449.000000	844.000000	1329.000000	387.000000	239.000000	327.000000	1.000000
352.000000	1.000000	1.000000	1028.000000	886.000000	1324.000000	1958.000000	1890.000000	773.000000	285.000000	1.000000	601.000000	1116.000000	2070.000000	2295.000000	2388.000000	857.000000	765.000000	473.000000	1.000000	367.000000
352.000000	419.000000	1148.000000	1671.000000	2231.000000	1853.000000	913.000000	1836.000000	1313.000000	593.000000	380.000000	1911.000000	2615.000000	2143.000000	1421.000000	471.000000	421.000000	1.000000	233.000000	1.000000	447.000000
1.000000	451.000000	805.000000	79.000000	1.000000	316.000000	1.000000	1.000000	1.000000	1.000000	1.000000	689.000000	678.000000	1.000000	1.000000	1.000000	1.000000	1.000000	157.000000	211.000000	359.000000
1.000000	1.000000	1.000000	1.000000	1.000000	1.000000	1.000000	1.000000	1.000000	1.000000	1.000000	267.000000	1.000000	1.000000	1.000000	1.000000	1.000000	135.000000	1046.000000	288.000000	191.000000
295.000000	1.000000	1.000000	1.000000	1.000000	401.000000	1.000000	1.000000	195.000000	1.000000	1.000000	212.000000	1.000000	1.000000	1.000000	1.000000	1.000000	613.000000	1662.000000	824.000000	598.000000
209.000000	156.000000	1.000000	1.000000	297.000000	1.000000	1.000000	1212.000000	794.000000	1.000000	1.000000	617.000000	1.000000	1.000000	1.000000	1.000000	221.000000	1393.000000	2147.000000	545.000000	513.000000
316.000000	1.000000	1.000000	1.000000	1.000000	463.000000	1677.000000	2005.000000	172.000000	1.000000	711.000000	2002.000000	1452.000000	1.000000	1.000000	1.000000	906.000000	1680.000000	1625.000000	518.000000	1.000000
1.000000	1.000000	1.000000	1.000000	153.000000	1427.000000	725.000000	1.000000	1.000000	1.000000	1276.000000	2546.000000	1251.000000	1.000000	1.000000	461.000000	1.000000	1902.000000	970.000000	213.000000	1.000000
137.000000	1.000000	1.000000	1.000000	257.000000	340.000000	1.000000	1.000000	1.000000	233.000000	483.000000	855.000000	1.000000	1.000000	758.000000	1.000000	1.000000	1497.000000	415.000000	1.000000	169.000000
612.000000	239.000000	1.000000	1.000000	249.000000	1.000000	1.000000	365.000000	291.000000	1.000000	1.000000	391.000000	379.000000	1493.000000	1032.000000	1.000000	275.000000	1737.000000	393.000000	195.000000	572.000000
151.000000	1.000000	1.000000	249.000000	179.000000	245.000000	1206.000000	512.000000	1.000000	1.000000	637.000000	321.000000	891.000000	257.000000	1.000000	1.000000	1817.000000	879.000000	500.000000	526.000000	263.000000
1.000000	383.000000	1.000000	297.000000	1.000000	1.000000	1.000000	1.000000	1.000000	1.000000	625.000000	1076.000000	1.000000	1.000000	1.000000	1027.000000	1303.000000	583.000000	476.000000	1.000000	149.000000
1.000000	1.000000	317.000000	377.000000	1.000000	1.000000	1.000000	1.000000	1.000000	1.000000	1.000000	1.000000	1.000000	1.000000	1161.000000	2168.000000	481.000000	236.000000	1.000000	1.000000	1.000000
1.000000	1.000000	299.000000	393.000000	1.000000	1.000000	1.000000	1.000000	1.000000	1.000000	1.000000	1.000000	391.000000	2183.000000	2584.000000	1007.000000	632.000000	1.000000	165.000000	1.000000	165.000000
1.000000	1.000000	1.000000	1.000000	1.000000	1.000000	1.000000	1.000000	785.000000	1013.000000	717.000000	2256.000000	2821.000000	2366.000000	866.000000	1.000000	315.000000	387.000000	1.000000	483.000000	1.000000
1.000000	1.000000	1.000000	183.000000	1.000000	1.000000	1.000000	1.000000	726.000000	767.000000	1.000000	1159.000000	803.000000	1.000000	1.000000	1.000000	387.000000	165.000000	634.000000	1.000000	1.000000
1.000000	1.000000	1.000000	1.000000	1.000000	1.000000	1.000000	1.000000	1.000000	1.000000	1.000000	1.000000	1.000000	1.000000	1.000000	1.000000	1.000000	1.000000	1.000000	1.000000	1.000000
1.000000	1.000000	1.000000	1.000000	1.000000	1.000000	1.000000	1.000000	1.000000	1.000000	1.000000	1.000000	1.000000	1.000000	1.000000	1.000000	1.000000	1.000000	1.000000	1.000000	1.000000
1.000000	1.000000	1.000000	1.000000	1.000000	1.000000	1.000000	1.000000	1.000000	1.000000	1.000000	1.000000	1.000000	1.000000	1.000000	1.000000	1.000000	1.000000	1.000000	1.000000	1.000000
