21 25 0
509.000000	892.000000	988.000000	556.000000	887.000000	714.000000	433.000000	443.000000	435.000000	237.000000	285.000000	441.000000	664.000000	499.000000	435.000000	878.000000	1285.000000	840.000000	833.000000	798.000000	267.000000
469.000000	1.000000	200.000000	1.000000	1.000000	1.000000	1.000000	1.000000	1.000000	1.000000	1.000000	1.000000	1.000000	1.000000	1.000000	1.000000	1.000000	1.000000	386.000000	375.000000	772.000000
268.000000	1.000000	1.000000	1.000000	1.000000	1.000000	1.000000	1.000000	1.000000	1.000000	1.000000	1.000000	1.000000	1.000000	1.000000	1.000000	1.000000	1.000000	1.000000	1.000000	1.000000
1.000000	1.000000	1.000000	1.000000	1.000000	1.000000	1.000000	1.000000	1.000000	1.000000	1.000000	1.000000	211.000000	215.000000	333.000000	445.000000	167.000000	1.000000	1.000000	1.000000	1.000000
1.000000	1.000000	187.000000	371.000000	1882.000000	2154.000000	1787.000000	1198.000000	1050.000000	932.000000	921.000000	989.000000	1557.000000	1380.000000	1148.000000	1946.000000	2009.000000	871.000000	333.000000	225.000000	1.000000
1.000000	369.000000	862.000000	1591.000000	1782.000000	1939.000000	1861.000000	2034.000000	1994.000000	1891.000000	1390.000000	1602.000000	1975.000000	1588.000000	1226.000000	1255.000000	1014.000000	822.000000	388.000000	1.000000	732.000000
403.000000	695.000000	555.000000	476.000000	474.000000	473.000000	813.000000	768.000000	478.000000	771.000000	405.000000	195.000000	1.000000	1.000000	1.000000	1.000000	1.000000	1.000000	1.000000	395.000000	1044.000000
485.000000	485.000000	479.000000	1.000000	315.000000	866.000000	440.000000	1.000000	1.000000	1.000000	1.000000	1.000000	445.000000	443.000000	1.000000	171.000000	385.000000	385.000000	385.000000	1.000000	458.000000
1.000000	601.000000	1361.000000	1925.000000	1805.000000	2024.000000	2154.000000	2583.000000	1456.000000	283.000000	1586.000000	1708.000000	2319.000000	2881.000000	2629.000000	2122.000000	1956.000000	1555.000000	1.000000	1.000000	1.000000
1.000000	421.000000	1638.000000	2104.000000	2527.000000	1980.000000	1656.000000	2312.000000	2160.000000	1209.000000	2271.000000	1683.000000	1769.000000	2406.000000	2195.000000	1549.000000	1017.000000	891.000000	591.000000	248.000000	1.000000
381.000000	1.000000	220.000000	786.000000	545.000000	882.000000	1849.000000	2079.000000	397.000000	1.000000	1.000000	1.000000	247.000000	1281.000000	1672.000000	1207.000000	1376.000000	1084.000000	362.000000	1.000000	1.000000
1.000000	1.000000	1.000000	1.000000	950.000000	1437.000000	1351.000000	1041.000000	1.000000	865.000000	1039.000000	474.000000	363.000000	1.000000	1325.000000	1308.000000	935.000000	171.000000	1.000000	1.000000	1.000000
1.000000	1.000000	1.000000	1.000000	1.000000	190.000000	1.000000	1.000000	1.000000	514.000000	1905.000000	175.000000	1.000000	1.000000	1.000000	1.000000	1.000000	1.000000	1.000000	1.000000	159.000000
1.000000	1.000000	1.000000	1.000000	1.000000	1.000000	1.000000	529.000000	285.000000	1.000000	1.000000	1.000000	1.000000	577.000000	503.000000	1.000000	1.000000	1.000000	1.000000	250.000000	175.000000
1.000000	1.000000	1.000000	1.000000	229.000000	1.000000	341.000000	921.000000	2202.000000	1457.000000	1465.000000	1565.000000	1408.000000	777.000000	537.000000	1.000000	1.000000	1.000000	1.000000	100.000000	246.000000
1.000000	1.000000	1.000000	1.000000	1.000000	1.000000	1.000000	1.000000	497.000000	1711.000000	1932.000000	1276.000000	393.000000	1.000000	1.000000	1.000000	1.000000	1.000000	1.000000	156.000000	1.000000
651.000000	539.000000	219.000000	1.000000	1.000000	1.000000	1.000000	1.000000	1.000000	1511.000000	1269.000000	652.000000	1.000000	1.000000	931.000000	1.000000	1.000000	1.000000	1.000000	163.000000	1.000000
944.000000	990.000000	1356.000000	815.000000	331.000000	1.000000	183.000000	779.000000	409.000000	363.000000	157.000000	247.000000	307.000000	1453.000000	1667.000000	655.000000	1.000000	1.000000	203.000000	203.000000	1.000000
617.000000	597.000000	814.000000	594.000000	1.000000	1.000000	1.000000	1385.000000	3033.000000	2479.000000	1429.000000	2386.000000	2773.000000	1775.000000	1.000000	1.000000	313.000000	1026.000000	956.000000	1265.000000	721.000000
1.000000	383.000000	703.000000	921.000000	1285.000000	1.000000	1.000000	1.000000	1959.000000	3091.000000	3094.000000	2701.000000	1863.000000	301.000000	1.000000	297.000000	426.000000	984.000000	866.000000	364.000000	147.000000
168.000000	171.000000	285.000000	617.000000	2053.000000	1426.000000	1.000000	1.000000	1.000000	1.000000	1.000000	1.000000	1.000000	1.000000	1.000000	349.000000	821.000000	951.000000	175.000000	163.000000	175.000000
1.000000	1.000000	1.000000	1.000000	1.000000	653.000000	1094.000000	1.000000	1.000000	1.000000	1.000000	1.000000	247.000000	235.000000	281.000000	928.000000	1.000000	1.000000	337.000000	1.000000	1.000000
1.000000	1.000000	1.000000	1.000000	1.000000	1.000000	1.000000	1.000000	1.000000	1.000000	1.000000	1.000000	1.000000	1.000000	1.000000	1.000000	1.000000	1.000000	1.000000	1.000000	1.000000
1.000000	1.000000	1.000000	1.000000	1.000000	1.000000	1.000000	1.000000	1.000000	1.000000	1.000000	1.000000	1.000000	1.000000	1.000000	1.000000	1.000000	1.000000	1.000000	1.000000	1.000000
1.000000	1.000000	1.000000	1.000000	1.000000	1.000000	1.000000	1.000000	1.000000	1.000000	1.000000	1.000000	1.000000	1.000000	1.000000	1.000000	1.000000	1.000000	1.000000	1.000000	1.000000
