21 25 0
182.000000	1.000000	1.000000	1.000000	1.000000	467.000000	1.000000	175.000000	339.000000	479.000000	430.000000	339.000000	74.000000	303.000000	154.000000	141.000000	525.000000	485.000000	1.000000	747.000000	457.000000
1.000000	595.000000	1.000000	335.000000	185.000000	468.000000	342.000000	157.000000	669.000000	672.000000	1195.000000	1026.000000	649.000000	907.000000	930.000000	676.000000	456.000000	529.000000	797.000000	379.000000	1.000000
607.000000	885.000000	456.000000	551.000000	680.000000	795.000000	604.000000	567.000000	239.000000	515.000000	718.000000	1249.000000	876.000000	689.000000	536.000000	798.000000	161.000000	539.000000	427.000000	264.000000	1.000000
691.000000	751.000000	222.000000	355.000000	365.000000	896.000000	981.000000	622.000000	435.000000	233.000000	353.000000	383.000000	573.000000	425.000000	745.000000	899.000000	209.000000	1.000000	219.000000	1.000000	1.000000
663.000000	663.000000	233.000000	1.000000	1.000000	194.000000	194.000000	1.000000	1.000000	1.000000	1.000000	1.000000	1.000000	1.000000	1.000000	1.000000	1.000000	1.000000	477.000000	1.000000	269.000000
300.000000	311.000000	1023.000000	1.000000	175.000000	408.000000	1.000000	1.000000	1.000000	1.000000	1.000000	1.000000	421.000000	1.000000	1.000000	826.000000	1.000000	1.000000	985.000000	1.000000	441.000000
385.000000	1.000000	1325.000000	1.000000	799.000000	1299.000000	2222.000000	1325.000000	942.000000	1.000000	1.000000	635.000000	1562.000000	1743.000000	983.000000	723.000000	1419.000000	1213.000000	1.000000	488.000000	1.000000
1.000000	300.000000	1.000000	827.000000	834.000000	1256.000000	1862.000000	1707.000000	2397.000000	1583.000000	1.000000	325.000000	773.000000	1637.000000	1600.000000	1551.000000	1217.000000	1161.000000	726.000000	544.000000	1.000000
175.000000	1.000000	1.000000	461.000000	1.000000	1.000000	1.000000	964.000000	1105.000000	1862.000000	1.000000	1.000000	1.000000	1.000000	1.000000	172.000000	1.000000	1.000000	1.000000	1.000000	1.000000
1015.000000	501.000000	1018.000000	457.000000	231.000000	1.000000	1.000000	1.000000	1.000000	1585.000000	1.000000	1.000000	1.000000	1.000000	1.000000	1.000000	1.000000	1.000000	1.000000	841.000000	611.000000
927.000000	1168.000000	1523.000000	923.000000	458.000000	1.000000	1.000000	1.000000	1.000000	705.000000	1.000000	1.000000	236.000000	367.000000	1.000000	1.000000	1.000000	1.000000	1.000000	213.000000	852.000000
241.000000	1263.000000	1681.000000	981.000000	404.000000	1.000000	1.000000	1.000000	1.000000	1.000000	1.000000	1.000000	902.000000	1593.000000	982.000000	313.000000	1.000000	1.000000	1.000000	1.000000	558.000000
237.000000	1043.000000	1474.000000	1677.000000	402.000000	1.000000	1.000000	1.000000	1122.000000	1553.000000	889.000000	433.000000	506.000000	1903.000000	1923.000000	355.000000	147.000000	1.000000	1.000000	1.000000	75.000000
1.000000	240.000000	1463.000000	1709.000000	509.000000	1.000000	1.000000	1.000000	1229.000000	2974.000000	1828.000000	511.000000	1.000000	232.000000	177.000000	875.000000	167.000000	1.000000	1.000000	1.000000	157.000000
201.000000	149.000000	1102.000000	1487.000000	589.000000	1.000000	560.000000	589.000000	1.000000	1007.000000	1509.000000	1.000000	269.000000	891.000000	589.000000	427.000000	1.000000	1.000000	1.000000	1.000000	1.000000
1.000000	1.000000	701.000000	1628.000000	1749.000000	337.000000	1010.000000	2665.000000	1202.000000	321.000000	1.000000	1.000000	1.000000	649.000000	934.000000	1488.000000	255.000000	1.000000	1.000000	1.000000	1.000000
1.000000	1.000000	545.000000	768.000000	1949.000000	879.000000	1.000000	1012.000000	1354.000000	829.000000	305.000000	425.000000	1.000000	1.000000	1.000000	207.000000	609.000000	1.000000	173.000000	1.000000	1.000000
361.000000	1.000000	1.000000	533.000000	1127.000000	2014.000000	1.000000	1.000000	1.000000	1326.000000	600.000000	1.000000	1.000000	1.000000	1.000000	1.000000	1.000000	1.000000	173.000000	1.000000	1.000000
1.000000	361.000000	209.000000	439.000000	329.000000	1932.000000	1384.000000	1.000000	1.000000	1.000000	1.000000	1.000000	1.000000	1.000000	1.000000	1.000000	1.000000	1.000000	1.000000	1.000000	1.000000
313.000000	407.000000	881.000000	1.000000	1.000000	583.000000	2241.000000	2823.000000	397.000000	1.000000	1.000000	1.000000	1.000000	1.000000	1.000000	1.000000	351.000000	1.000000	1.000000	1.000000	1.000000
377.000000	607.000000	667.000000	1015.000000	1.000000	1.000000	421.000000	2203.000000	2871.000000	1846.000000	1566.000000	753.000000	357.000000	1.000000	1.000000	1.000000	1.000000	1.000000	1.000000	1.000000	217.000000
161.000000	555.000000	729.000000	985.000000	421.000000	1.000000	1.000000	1.000000	1.000000	863.000000	387.000000	359.000000	1.000000	1.000000	1.000000	1.000000	187.000000	1.000000	1.000000	1.000000	1.000000
1.000000	1.000000	1.000000	1.000000	1.000000	1.000000	1.000000	1.000000	1.000000	1.000000	1.000000	1.000000	1.000000	1.000000	1.000000	1.000000	1.000000	1.000000	1.000000	1.000000	1.000000
1.000000	1.000000	1.000000	1.000000	1.000000	1.000000	1.000000	1.000000	1.000000	1.000000	1.000000	1.000000	1.000000	1.000000	1.000000	1.000000	1.000000	1.000000	1.000000	1.000000	1.000000
1.000000	1.000000	1.000000	1.000000	1.000000	1.000000	1.000000	1.000000	1.000000	1.000000	1.000000	1.000000	1.000000	1.000000	1.000000	1.000000	1.000000	1.000000	1.000000	1.000000	1.000000
