21 25 0
1.000000	392.000000	323.000000	619.000000	1046.000000	1.000000	251.000000	386.000000	168.000000	627.000000	1.000000	341.000000	341.000000	1.000000	1.000000	329.000000	1045.000000	1144.000000	1108.000000	1129.000000	1101.000000
215.000000	197.000000	773.000000	1118.000000	839.000000	161.000000	1.000000	426.000000	143.000000	240.000000	1.000000	1.000000	1.000000	1.000000	317.000000	323.000000	923.000000	1066.000000	930.000000	1220.000000	1099.000000
885.000000	357.000000	334.000000	1195.000000	722.000000	699.000000	255.000000	525.000000	143.000000	248.000000	198.000000	1.000000	219.000000	328.000000	416.000000	263.000000	719.000000	898.000000	886.000000	797.000000	793.000000
1053.000000	545.000000	396.000000	1257.000000	610.000000	702.000000	282.000000	233.000000	175.000000	420.000000	397.000000	165.000000	400.000000	560.000000	379.000000	451.000000	813.000000	972.000000	977.000000	779.000000	712.000000
845.000000	708.000000	758.000000	1247.000000	612.000000	657.000000	244.000000	1.000000	166.000000	171.000000	403.000000	82.000000	1.000000	377.000000	357.000000	218.000000	753.000000	1040.000000	1003.000000	1276.000000	636.000000
1444.000000	353.000000	834.000000	640.000000	221.000000	167.000000	1.000000	1.000000	1.000000	1.000000	195.000000	1.000000	1.000000	1.000000	1.000000	1.000000	509.000000	997.000000	989.000000	1224.000000	733.000000
1465.000000	208.000000	170.000000	407.000000	1.000000	1.000000	1.000000	391.000000	1.000000	1.000000	253.000000	293.000000	495.000000	475.000000	1.000000	1.000000	1.000000	763.000000	495.000000	1259.000000	959.000000
1.000000	875.000000	463.000000	1105.000000	1.000000	825.000000	247.000000	1.000000	1.000000	1.000000	790.000000	2403.000000	323.000000	477.000000	1.000000	1.000000	1.000000	235.000000	191.000000	460.000000	653.000000
1.000000	1067.000000	1114.000000	1165.000000	401.000000	1293.000000	1.000000	1.000000	1.000000	1.000000	1026.000000	3377.000000	344.000000	477.000000	475.000000	1.000000	1.000000	315.000000	433.000000	366.000000	285.000000
1.000000	507.000000	1192.000000	1024.000000	859.000000	505.000000	1.000000	1.000000	260.000000	1.000000	890.000000	3701.000000	490.000000	1.000000	1.000000	1.000000	1.000000	616.000000	1406.000000	366.000000	578.000000
1.000000	1.000000	317.000000	554.000000	1071.000000	806.000000	361.000000	1.000000	519.000000	1.000000	565.000000	3293.000000	1.000000	1.000000	193.000000	136.000000	1.000000	851.000000	1681.000000	792.000000	640.000000
156.000000	1.000000	1.000000	274.000000	846.000000	553.000000	355.000000	1572.000000	798.000000	1.000000	221.000000	2306.000000	691.000000	1.000000	1.000000	75.000000	1.000000	1232.000000	1623.000000	1059.000000	572.000000
433.000000	1.000000	1.000000	1.000000	75.000000	516.000000	185.000000	1950.000000	667.000000	1.000000	936.000000	2749.000000	1295.000000	1.000000	1.000000	75.000000	409.000000	1359.000000	1767.000000	789.000000	503.000000
895.000000	1.000000	1.000000	1.000000	1.000000	1187.000000	186.000000	1155.000000	845.000000	1.000000	938.000000	2955.000000	571.000000	1.000000	1.000000	1.000000	373.000000	1654.000000	1604.000000	250.000000	510.000000
733.000000	197.000000	1.000000	1.000000	197.000000	1438.000000	1.000000	171.000000	1575.000000	489.000000	1.000000	827.000000	1.000000	1.000000	172.000000	1.000000	199.000000	2030.000000	1245.000000	208.000000	601.000000
407.000000	303.000000	237.000000	1.000000	183.000000	856.000000	374.000000	1.000000	1404.000000	875.000000	1.000000	436.000000	291.000000	301.000000	191.000000	1.000000	307.000000	2102.000000	522.000000	208.000000	637.000000
451.000000	623.000000	699.000000	612.000000	1.000000	1.000000	1590.000000	1.000000	1.000000	1.000000	1.000000	602.000000	713.000000	1.000000	1.000000	1.000000	731.000000	1333.000000	245.000000	257.000000	478.000000
1351.000000	511.000000	869.000000	1387.000000	1.000000	1.000000	1.000000	730.000000	1.000000	1.000000	1.000000	181.000000	1.000000	1.000000	1.000000	1174.000000	1343.000000	137.000000	238.000000	175.000000	159.000000
895.000000	1.000000	941.000000	1204.000000	637.000000	449.000000	1.000000	1.000000	471.000000	1.000000	1.000000	1.000000	1.000000	389.000000	561.000000	1852.000000	898.000000	137.000000	1.000000	352.000000	627.000000
757.000000	1.000000	777.000000	927.000000	1527.000000	449.000000	1.000000	1.000000	471.000000	1.000000	429.000000	1.000000	461.000000	1688.000000	2341.000000	649.000000	249.000000	525.000000	1.000000	732.000000	365.000000
357.000000	599.000000	175.000000	975.000000	1538.000000	1513.000000	251.000000	1.000000	1.000000	413.000000	430.000000	1.000000	1681.000000	1450.000000	1030.000000	501.000000	1.000000	642.000000	195.000000	211.000000	365.000000
1.000000	230.000000	1.000000	207.000000	764.000000	1173.000000	275.000000	1.000000	1.000000	1.000000	1.000000	1.000000	1223.000000	191.000000	1.000000	1.000000	152.000000	499.000000	471.000000	365.000000	1.000000
1.000000	1.000000	1.000000	1.000000	1.000000	1.000000	1.000000	1.000000	1.000000	1.000000	1.000000	1.000000	1.000000	1.000000	1.000000	1.000000	1.000000	1.000000	1.000000	1.000000	1.000000
1.000000	1.000000	1.000000	1.000000	1.000000	1.000000	1.000000	1.000000	1.000000	1.000000	1.000000	1.000000	1.000000	1.000000	1.000000	1.000000	1.000000	1.000000	1.000000	1.000000	1.000000
1.000000	1.000000	1.000000	1.000000	1.000000	1.000000	1.000000	1.000000	1.000000	1.000000	1.000000	1.000000	1.000000	1.000000	1.000000	1.000000	1.000000	1.000000	1.000000	1.000000	1.000000
