21 25 0
1.000000	1.000000	1.000000	716.000000	402.000000	1.000000	1.000000	215.000000	1.000000	227.000000	325.000000	269.000000	656.000000	475.000000	185.000000	766.000000	1379.000000	1385.000000	1203.000000	727.000000	697.000000
1.000000	1.000000	1.000000	425.000000	1.000000	1.000000	1.000000	1.000000	1.000000	1.000000	1.000000	1.000000	1.000000	1.000000	1.000000	205.000000	561.000000	701.000000	645.000000	693.000000	683.000000
299.000000	1.000000	1.000000	1.000000	1.000000	1.000000	1.000000	177.000000	1.000000	1.000000	1.000000	1.000000	1.000000	1.000000	1.000000	1.000000	329.000000	339.000000	1.000000	311.000000	1.000000
379.000000	1.000000	1.000000	1.000000	371.000000	1.000000	1.000000	1.000000	1.000000	1.000000	1.000000	1.000000	209.000000	1.000000	1.000000	183.000000	333.000000	311.000000	1.000000	1.000000	1.000000
660.000000	1.000000	386.000000	361.000000	862.000000	852.000000	973.000000	279.000000	375.000000	312.000000	387.000000	383.000000	414.000000	735.000000	408.000000	1.000000	618.000000	812.000000	991.000000	586.000000	1.000000
837.000000	1.000000	566.000000	445.000000	713.000000	724.000000	547.000000	575.000000	771.000000	1552.000000	779.000000	602.000000	115.000000	253.000000	401.000000	420.000000	1.000000	897.000000	493.000000	759.000000	790.000000
907.000000	151.000000	1.000000	1.000000	1.000000	184.000000	1.000000	149.000000	153.000000	175.000000	1.000000	1.000000	1.000000	1.000000	1.000000	1.000000	1.000000	1.000000	461.000000	1155.000000	817.000000
429.000000	648.000000	1.000000	1.000000	314.000000	396.000000	438.000000	1.000000	1.000000	1.000000	463.000000	1019.000000	1.000000	1.000000	1.000000	1.000000	1.000000	1.000000	1.000000	379.000000	373.000000
503.000000	653.000000	765.000000	1505.000000	565.000000	1253.000000	793.000000	1227.000000	498.000000	1.000000	1295.000000	2372.000000	431.000000	947.000000	841.000000	183.000000	1.000000	265.000000	1.000000	1.000000	1.000000
1.000000	347.000000	1295.000000	2265.000000	1915.000000	769.000000	367.000000	1163.000000	691.000000	1.000000	693.000000	2743.000000	562.000000	541.000000	870.000000	670.000000	1.000000	575.000000	1.000000	1.000000	1.000000
1.000000	1.000000	169.000000	1371.000000	1019.000000	789.000000	595.000000	894.000000	223.000000	1.000000	1.000000	1316.000000	181.000000	1014.000000	1703.000000	737.000000	1.000000	474.000000	918.000000	1.000000	1.000000
1.000000	1.000000	1.000000	1.000000	527.000000	1.000000	201.000000	1009.000000	1.000000	1.000000	1.000000	723.000000	363.000000	1.000000	909.000000	1122.000000	149.000000	399.000000	810.000000	522.000000	1.000000
181.000000	1.000000	1.000000	1.000000	1.000000	1.000000	1.000000	1.000000	1.000000	1.000000	221.000000	1121.000000	473.000000	1.000000	1.000000	1.000000	1.000000	499.000000	1.000000	250.000000	249.000000
428.000000	1.000000	1.000000	1.000000	1.000000	1.000000	1.000000	1307.000000	1288.000000	1.000000	1.000000	712.000000	205.000000	1.000000	1.000000	1.000000	1.000000	738.000000	177.000000	235.000000	494.000000
500.000000	1.000000	1.000000	1.000000	1.000000	151.000000	1.000000	1578.000000	2901.000000	1473.000000	479.000000	1.000000	368.000000	1.000000	1.000000	1.000000	1.000000	452.000000	151.000000	1.000000	262.000000
1.000000	1.000000	1.000000	1.000000	1.000000	784.000000	229.000000	1.000000	1667.000000	2298.000000	398.000000	1.000000	1.000000	1.000000	1.000000	1.000000	1.000000	1.000000	1.000000	1.000000	1.000000
217.000000	423.000000	503.000000	345.000000	1.000000	1.000000	2002.000000	581.000000	1.000000	1.000000	1186.000000	711.000000	1.000000	1.000000	273.000000	1.000000	1.000000	1.000000	1.000000	1.000000	1.000000
800.000000	735.000000	1330.000000	1313.000000	322.000000	1.000000	245.000000	2155.000000	751.000000	1.000000	1.000000	1.000000	1.000000	1.000000	541.000000	819.000000	261.000000	1.000000	1.000000	187.000000	1.000000
205.000000	535.000000	1198.000000	1472.000000	853.000000	1.000000	1.000000	1530.000000	3388.000000	1799.000000	431.000000	1.000000	1.000000	1.000000	271.000000	247.000000	425.000000	842.000000	157.000000	740.000000	593.000000
434.000000	1.000000	795.000000	1719.000000	1726.000000	649.000000	1.000000	1.000000	1341.000000	1771.000000	1412.000000	437.000000	1.000000	1.000000	441.000000	1.000000	1.000000	875.000000	789.000000	159.000000	735.000000
367.000000	645.000000	203.000000	1071.000000	2210.000000	1742.000000	649.000000	1.000000	1.000000	1.000000	1.000000	1.000000	1.000000	1.000000	1.000000	1.000000	1.000000	167.000000	409.000000	170.000000	195.000000
187.000000	457.000000	425.000000	185.000000	1218.000000	2049.000000	1301.000000	709.000000	1.000000	1.000000	1.000000	1.000000	1.000000	189.000000	1.000000	1.000000	1.000000	1.000000	1.000000	195.000000	1.000000
1.000000	1.000000	1.000000	1.000000	1.000000	1.000000	1.000000	1.000000	1.000000	1.000000	1.000000	1.000000	1.000000	1.000000	1.000000	1.000000	1.000000	1.000000	1.000000	1.000000	1.000000
1.000000	1.000000	1.000000	1.000000	1.000000	1.000000	1.000000	1.000000	1.000000	1.000000	1.000000	1.000000	1.000000	1.000000	1.000000	1.000000	1.000000	1.000000	1.000000	1.000000	1.000000
1.000000	1.000000	1.000000	1.000000	1.000000	1.000000	1.000000	1.000000	1.000000	1.000000	1.000000	1.000000	1.000000	1.000000	1.000000	1.000000	1.000000	1.000000	1.000000	1.000000	1.000000
