21 25 0
319.000000	1.000000	1.000000	1.000000	149.000000	285.000000	609.000000	699.000000	1440.000000	1453.000000	1736.000000	1375.000000	942.000000	485.000000	153.000000	219.000000	1.000000	1.000000	1.000000	1.000000	457.000000
1.000000	169.000000	437.000000	883.000000	911.000000	964.000000	1272.000000	2052.000000	2047.000000	1815.000000	1584.000000	1769.000000	1799.000000	1711.000000	1415.000000	1128.000000	772.000000	414.000000	227.000000	1.000000	1.000000
373.000000	617.000000	1080.000000	1179.000000	1534.000000	1327.000000	1398.000000	1177.000000	917.000000	1138.000000	1073.000000	1416.000000	1609.000000	1611.000000	1425.000000	1062.000000	1089.000000	1241.000000	1062.000000	613.000000	185.000000
263.000000	451.000000	256.000000	386.000000	808.000000	1307.000000	1475.000000	1424.000000	973.000000	1105.000000	1263.000000	1293.000000	1358.000000	1374.000000	1216.000000	457.000000	426.000000	265.000000	1002.000000	1365.000000	1358.000000
1.000000	1.000000	171.000000	346.000000	427.000000	429.000000	428.000000	366.000000	165.000000	165.000000	1.000000	1.000000	1.000000	197.000000	193.000000	1.000000	1.000000	1.000000	1.000000	1.000000	630.000000
432.000000	1.000000	1.000000	1.000000	728.000000	998.000000	1.000000	1.000000	1.000000	1.000000	1.000000	181.000000	445.000000	449.000000	665.000000	1353.000000	1071.000000	510.000000	1.000000	1.000000	1.000000
1.000000	1.000000	301.000000	1284.000000	2119.000000	2779.000000	2921.000000	2186.000000	1744.000000	752.000000	508.000000	1436.000000	2491.000000	3261.000000	3063.000000	3138.000000	2725.000000	1733.000000	485.000000	1.000000	1.000000
187.000000	377.000000	1352.000000	1753.000000	2253.000000	2379.000000	2471.000000	2608.000000	3058.000000	2111.000000	594.000000	1648.000000	2569.000000	2407.000000	2188.000000	1719.000000	1387.000000	749.000000	841.000000	1.000000	1.000000
1.000000	1.000000	836.000000	834.000000	370.000000	380.000000	877.000000	964.000000	739.000000	167.000000	1.000000	1.000000	1.000000	1.000000	1.000000	172.000000	1.000000	1.000000	1.000000	1.000000	1.000000
1.000000	432.000000	1.000000	1.000000	1.000000	1.000000	1.000000	1.000000	1.000000	1.000000	1.000000	1.000000	1.000000	1.000000	1.000000	1.000000	1.000000	1.000000	802.000000	1000.000000	613.000000
525.000000	641.000000	457.000000	787.000000	1.000000	1.000000	1.000000	1.000000	1.000000	295.000000	1.000000	1.000000	1.000000	1.000000	1.000000	1.000000	1.000000	1.000000	152.000000	337.000000	870.000000
536.000000	970.000000	884.000000	478.000000	147.000000	149.000000	333.000000	365.000000	1.000000	1.000000	1.000000	425.000000	1.000000	631.000000	1085.000000	651.000000	319.000000	1054.000000	472.000000	1.000000	1.000000
1.000000	258.000000	659.000000	792.000000	960.000000	1289.000000	1655.000000	1476.000000	1183.000000	1387.000000	1314.000000	1179.000000	1221.000000	1951.000000	2156.000000	2007.000000	1390.000000	1479.000000	999.000000	1.000000	186.000000
1.000000	1.000000	377.000000	1071.000000	1100.000000	1107.000000	523.000000	1.000000	1724.000000	2736.000000	3364.000000	3080.000000	549.000000	1.000000	1.000000	329.000000	517.000000	594.000000	553.000000	245.000000	1.000000
151.000000	155.000000	453.000000	730.000000	512.000000	152.000000	349.000000	1.000000	1.000000	843.000000	1712.000000	1183.000000	1.000000	1.000000	305.000000	444.000000	273.000000	186.000000	1.000000	1.000000	1.000000
447.000000	379.000000	435.000000	917.000000	687.000000	1.000000	600.000000	1190.000000	860.000000	831.000000	762.000000	565.000000	802.000000	1256.000000	1400.000000	776.000000	367.000000	851.000000	183.000000	1.000000	229.000000
151.000000	1.000000	492.000000	918.000000	1605.000000	422.000000	1.000000	677.000000	1887.000000	1203.000000	847.000000	819.000000	917.000000	193.000000	1.000000	1.000000	1543.000000	1335.000000	213.000000	537.000000	536.000000
1.000000	1.000000	319.000000	479.000000	1007.000000	679.000000	1.000000	1.000000	389.000000	1929.000000	2533.000000	1302.000000	1.000000	1.000000	1.000000	225.000000	483.000000	577.000000	165.000000	159.000000	1.000000
449.000000	291.000000	1.000000	215.000000	215.000000	385.000000	1.000000	1.000000	1.000000	1.000000	1.000000	1.000000	1.000000	1.000000	255.000000	625.000000	300.000000	302.000000	1.000000	1.000000	1.000000
680.000000	517.000000	241.000000	1.000000	211.000000	489.000000	1252.000000	399.000000	399.000000	397.000000	381.000000	369.000000	391.000000	937.000000	1641.000000	987.000000	1.000000	1.000000	187.000000	1.000000	1.000000
315.000000	520.000000	307.000000	1.000000	1.000000	1.000000	445.000000	2725.000000	3289.000000	3474.000000	3335.000000	3343.000000	2930.000000	2317.000000	648.000000	1.000000	186.000000	214.000000	188.000000	235.000000	235.000000
1.000000	1.000000	471.000000	1.000000	1.000000	1.000000	1.000000	1.000000	1.000000	1265.000000	1821.000000	1870.000000	771.000000	1.000000	1.000000	1.000000	189.000000	163.000000	1.000000	1.000000	1.000000
1.000000	1.000000	1.000000	1.000000	1.000000	1.000000	1.000000	1.000000	1.000000	1.000000	1.000000	1.000000	1.000000	1.000000	1.000000	1.000000	1.000000	1.000000	1.000000	1.000000	1.000000
1.000000	1.000000	1.000000	1.000000	1.000000	1.000000	1.000000	1.000000	1.000000	1.000000	1.000000	1.000000	1.000000	1.000000	1.000000	1.000000	1.000000	1.000000	1.000000	1.000000	1.000000
1.000000	1.000000	1.000000	1.000000	1.000000	1.000000	1.000000	1.000000	1.000000	1.000000	1.000000	1.000000	1.000000	1.000000	1.000000	1.000000	1.000000	1.000000	1.000000	1.000000	1.000000
